0 0.08553299203640502 0.3857835120240481 0.11864277588168373 0.2490882865731463
0 0.49215927189988623 0.41130010020040075 0.14692377701934015 0.32928356713426854
0 0.3659293230944255 0.3979342234468938 0.15658048919226394 0.25880890781563126
0 0.2824655858930603 0.35722979458917836 0.12623037542662116 0.17739946893787575
0 0.19037982366325368 0.3219927905811623 0.08277383390216154 0.17983005010020042
0 0.8722293145620023 0.5091130761523046 0.14554395335608644 0.5346295591182365
0 0.809114385665529 0.2818957915831663 0.0924310693970421 0.1336573146292585
0 0.7822127417519908 0.23754568136272544 0.07311717861205916 0.1591735270541082
2 0.3603455944254835 0.7290134669338677 0.3461324744027304 0.5331373947895791
2 0.18936953924914676 0.588365245490982 0.24162383390216155 0.34315169338677354
0 0.9447575682593856 0.3041236523046092 0.08695130261660979 0.18998516032064128
1 0.790502790102389 0.4506627354709418 0.12959055176336745 0.2444771743486974
