0 0.30276966560509555 0.4850747308132875 0.11065705944798301 0.3101162886597938
0 0.40228401008492565 0.6094527319587629 0.12986827494692144 0.46268656357388316
0 0.6989060615711252 0.6757877262313859 0.15599573248407644 0.45936981672394045
0 0.8860237048832272 0.7636815922107675 0.19364958598726115 0.4693200687285224
0 0.9071560987261147 0.5008291924398626 0.11449916135881104 0.23548922107674683
0 0.80648891985138 0.41376451317296675 0.1022036889596603 0.2437810996563574
0 0.8283899893842886 0.32006605956471934 0.11526779193205945 0.24212217640320732
0 0.8802603237791933 0.1923714776632302 0.07761352441613588 0.16583747995418097
0 0.9705534023354565 0.3623549713631157 0.05686559447983015 0.3200661855670103
0 0.6939108917197452 0.22719726231386025 0.05071749469214437 0.1824210538373425
0 0.6355087632696391 0.2827527205040091 0.078381974522293 0.19402949599083621
0 0.5532845329087048 0.24295190721649484 0.06762366242038216 0.18076285223367697
0 0.48566089437367305 0.2918739633447881 0.07838203290870488 0.20895523482245132
0 0.449159474522293 0.08291873997709048 0.05456003184713376 0.13266998854524628
0 0.1982602202760085 0.12106136311569302 0.05225450636942675 0.135986735395189
0 0.33350766188959663 0.15671634020618558 0.06762374203821657 0.17081245131729667
0 0.10796742303609341 0.14676616838487974 0.05917051486199575 0.16086234822451317
0 0.1571482430997877 0.16500809278350514 0.07453958598726115 0.15422924398625432
0 0.061091706475583867 0.20646758304696447 0.0806870753715499 0.15091225658648338
0 0.128331292462845 0.3963517124856815 0.09528785031847134 0.34494168384879725
0 0.22784559713375796 0.33001658648339055 0.08376103503184713 0.22885571592210768
0 0.40151551220806797 0.36069663802978236 0.07915042993630572 0.2537315807560137
0 0.5060248142250531 0.1044776116838488 0.053023099787685775 0.17910447880870564
1 0.8170189039278132 0.11313013172966782 0.04997705414012739 0.12543962199312716
