0 0.5269427821939587 0.5066335028248588 0.13455534711181769 0.3731343276836158
0 0.35349875993640706 0.27114449152542375 0.07855520932697403 0.37313474576271183
1 0.6424491944886063 0.41049383050847454 0.11384988871224166 0.29629629378531075
1 0.7632080816110227 0.5787037062146893 0.18600704822469527 0.45370370621468925
1 0.7277437042925278 0.6813271186440678 0.1642942554319025 0.49845762711864405
1 0.7302767461579227 0.2376543220338983 0.1230395124536301 0.2623456836158192
1 0.7852828325384208 0.178240802259887 0.07092877053524112 0.1805556836158192
1 0.8399269369369369 0.18518527118644065 0.07744263910969794 0.17901250847457628
1 0.8826288924218336 0.2878086384180791 0.11942100688924219 0.2669753107344633
1 0.8565735135135135 0.38348757062146893 0.13244856385797563 0.44598757062146893
1 0.461037027027027 0.2407405310734463 0.09987931107578167 0.2283946440677966
1 0.3955364096449391 0.16512355932203387 0.0730999417064123 0.1481483615819209
1 0.4205062215156333 0.13348757062146893 0.05645337572866985 0.1589502824858757
1 0.5735821409644939 0.06404293785310734 0.041254372019077896 0.1064813559322034
1 0.5464410280869104 0.07175929943502825 0.049215919448860626 0.11882707344632767
1 0.2677923025967144 0.10108010169491526 0.05066340752517223 0.1280861242937853
