0 0.19375 0.775 0.17083333333333334 0.3351851851851852
0 0.5010416666666667 0.6888888888888889 0.13541666666666666 0.3074074074074074
0 0.9307291666666667 0.5175925925925926 0.11145833333333334 0.30185185185185187
0 0.85625 0.3907407407407407 0.0625 0.26296296296296295
0 0.27447916666666666 0.5796296296296296 0.11979166666666667 0.23333333333333334
0 0.06569587760416666 0.6071418935185185 0.110558421875 0.23650600925925927
0 0.5630208333333333 0.5018518518518519 0.10104166666666667 0.21481481481481482
0 0.3963541666666667 0.4537037037037037 0.09479166666666666 0.17777777777777778
0 0.14322916666666666 0.4962962962962963 0.084375 0.1962962962962963
0 0.07135416666666666 0.31296296296296294 0.06354166666666666 0.2222222222222222
0 0.3541666666666667 0.29907407407407405 0.0375 0.1685185185185185
0 0.4453125 0.3138888888888889 0.053125 0.18703703703703703
0 0.2677083333333333 0.4074074074074074 0.06875 0.13703703703703704
0 0.5015625 0.42592592592592593 0.065625 0.16666666666666666
0 0.15787760416666666 0.38425925925925924 0.051432291666666664 0.12268518518518519
0 0.9583333333333334 0.42777777777777776 0.07083333333333333 0.17037037037037037
0 0.5203125 0.3351851851851852 0.046875 0.1259259259259259
