0 0.6193158425925926 0.5856292768595042 0.20955075925925926 0.572568608815427
0 0.07741547685185185 0.4543956887052341 0.1214975462962963 0.6037250964187327
0 0.5648492962962963 0.2166129338842975 0.06949625925925926 0.16708619834710745
0 0.5103909444444444 0.21993691460055098 0.0663923148148148 0.15289300275482093
0 0.7282366435185186 0.48018865702479335 0.19086971296296296 0.681256432506887
0 0.1856884861111111 0.2699722727272727 0.16002399074074072 0.408192258953168
0 0.43842600000000004 0.227961 0.09537039999999998 0.16666700000000007
0 0.3266105925925926 0.26613965564738296 0.10668220370370371 0.39525691460055096
0 0.9481078703703704 0.3828807369146005 0.10362314814814814 0.2651027134986226
0 0.6073839259259258 0.2228597865013774 0.057051796296296295 0.13399117079889808
0 0.9248242777777778 0.5964508195592286 0.1441958888888889 0.42129670798898067
