2 0.11327354615384616 0.4765218171296296 0.0970917076923077 0.2052172453703704
2 0.5790823307692308 0.8234782349537036 0.1502609794871795 0.3495652662037037
2 0.5995023974358974 0.606956394675926 0.10325607692307692 0.24695677083333334
2 0.4207302564102564 0.5408695428240741 0.09092717948717949 0.18434788194444443
2 0.44808564102564097 0.2782605902777778 0.0608748717948718 0.1252179398148148
1 0.7012171794871795 0.5243477025462964 0.12020871794871796 0.24173938657407407
2 0.48276128205128205 0.65826109375 0.11019128205128205 0.2730430208333333
1 0.5243720512820512 0.48434759837962965 0.09478 0.2278256365740741
1 0.3687171794871795 0.44086979166666673 0.07936871794871796 0.20347800925925927
2 0.7200964102564104 0.2947828356481481 0.0608748717948718 0.10608650462962962
1 0.4188041025641025 0.35217376157407404 0.0809097435897436 0.12000030092592594
2 0.16602285384615384 0.6264771064814815 0.1047462 0.20094560185185184
1 0.3163339487179487 0.3776597743055556 0.05551569230769231 0.14775452546296297
1 0.3739443589743589 0.3043735706018519 0.06284769230769231 0.11702137731481482
1 0.5556792307692308 0.3729313541666667 0.08798717948717948 0.1784868287037037
1 0.7782652153846153 0.34515373842592595 0.06180017435897436 0.12056752314814814
