2 0.5781031378600823 0.8330494880546075 0.14866615226337448 0.3270864618885097
2 0.7271542901234568 0.7333902844141069 0.118625 0.26064732650739475
2 0.4775801877572017 0.7112440273037542 0.12786843106995885 0.23679749715585893
2 0.61238091563786 0.6431007963594995 0.10475977366255143 0.24020386803185437
2 0.6936464248971193 0.5758092320819113 0.12093585390946503 0.1942077701934016
2 0.44022101851851847 0.5655875995449374 0.09628635802469136 0.2044288964732651
2 0.5422845241769547 0.5357751023890786 0.08935379115226337 0.18228285551763368
2 0.14365920781893005 0.6303237770193402 0.11015174897119341 0.2657579067121729
2 0.1086111111111111 0.8577512343572241 0.19103189300411522 0.27427607508532426
2 0.1155437242798354 0.5221467576791808 0.1140030864197531 0.1959112627986348
2 0.4810462962962963 0.4582625085324232 0.07009670781893004 0.14650797497155857
2 0.6597538734567902 0.3994886518771331 0.056230997942386826 0.1516189419795222
2 0.722917695473251 0.47444637656427757 0.07779938271604937 0.14480401592719
1 0.8619549537037037 0.4071546530147896 0.09397531893004114 0.18739362912400453
2 0.5218716563786008 0.37052783845278725 0.07317746913580248 0.12436170648464163
2 0.7926288580246914 0.37563875995449375 0.05700154320987655 0.11413986348122868
2 0.2734531893004115 0.3449744027303754 0.06470473251028806 0.1652480091012514
2 0.9397543724279837 0.5204432081911263 0.11554372427983539 0.15843326507394767
1 0.040021347736625516 0.4712775881683731 0.08004269547325103 0.14068031854379978
2 0.07129612139917696 0.40562727531285553 0.07792216049382716 0.11488879408418658
2 0.46620756172839506 0.31535730944254836 0.053538580246913575 0.10316478953356086
1 0.6612779809670782 0.28136006825938564 0.0503576183127572 0.11488850967007963
1 0.6005837011316872 0.24794829920364053 0.04664741255144033 0.08558007963594995
1 0.7044797042181069 0.26846448236632536 0.043466517489711934 0.1195784300341297
