1 0.8660436144029171 0.5837475243506494 0.22349526891522334 0.3250406655844156
1 0.9456638103919781 0.39635151785714284 0.10709170464904284 0.16915410714285714
1 0.8562657839562443 0.3349917694805195 0.07915484958979034 0.14262035714285715
1 0.7952701139471285 0.34494182629870135 0.05214892433910665 0.13598647727272725
1 0.6085587967183228 0.4999998376623377 0.1722771194165907 0.306799025974026
1 0.7286873290793072 0.5058041071428572 0.09219143117593437 0.2421223051948052
1 0.5000705104831359 0.3681588311688312 0.10802306289881496 0.16252
1 0.7366026071103009 0.8159207061688313 0.2793688605287147 0.3150918344155844
1 0.6201990565177757 0.6815916883116883 0.20487080218778486 0.29519
1 0.34176138559708297 0.8051409577922078 0.28868142206016406 0.3864013311688312
1 0.3114961030082042 0.42537338474025976 0.11826577028258888 0.17412985389610391
1 0.31056520966271645 0.5762856087662338 0.20766447584320874 0.2868995616883117
1 0.12525029626253417 0.6973462418831169 0.23001353691886964 0.6019893344155844
1 0.12338790337283502 0.4029850811688312 0.08660432087511395 0.17578772727272726
1 0.2216327073837739 0.4137644967532468 0.10616029170464905 0.18739633116883117
1 0.38518631267092074 0.5640432142857144 0.19497619872379215 0.26388889610389615
