2 0.6949692153846153 0.8502268203650336 0.20756208205128204 0.29349448607108547
2 0.12760616153846152 0.7836611239193084 0.19867793333333333 0.2995461479346782
2 0.40058641025641023 0.6081693467819405 0.1469892307692308 0.2450830163304515
2 0.7575608871794872 0.6437214505283381 0.15506591794871794 0.2223899519692603
2 0.09530076923076923 0.5438731268011527 0.15991128205128205 0.17700494716618634
2 0.24269412307692306 0.5779122382324687 0.15910406153846154 0.22995458213256484
2 0.2959979128205128 0.8101363640730067 0.19302454358974358 0.35552152737752163
2 0.8948586051282051 0.8434190634005764 0.2083696 0.31316187319884725
1 0.07702884102564103 0.23533970220941403 0.10792283076923077 0.18055594620557158
1 0.1466429641025641 0.19830229106628242 0.07579304615384615 0.20833297790585975
1 0.20431145384615385 0.16280887127761767 0.06755452820512821 0.171296762728146
2 0.10462725641025641 0.39274684438040347 0.1466429230769231 0.18364183477425552
2 0.22779082564102562 0.39429012007684916 0.14746677948717948 0.24228394812680115
2 0.353426041025641 0.42978395292987515 0.1334613128205128 0.22067901056676273
2 0.492242441025641 0.5972221325648415 0.1408761435897436 0.524691181556196
1 0.18931822307692306 0.3188744044188281 0.08949593333333333 0.1524029682997118
2 0.7560212820512819 0.4742086215177714 0.14895128205128205 0.20515816522574448
2 0.9124825487179489 0.5023445341018251 0.17022977435897435 0.20281333333333335
2 0.8880746692307693 0.3827667867435159 0.12767246666666668 0.17467776176753122
