2 0.47686515057113193 0.571963770821367 0.17459946002076843 0.4630764790350373
2 0.6852871547248183 0.5116731763354394 0.16062346140533057 0.26848248133256747
2 0.7802368362755279 0.7909623664560598 0.22946762893734854 0.41313040781160254
2 0.1461010020768432 0.8307395175186675 0.24946223952924887 0.3268483630097645
2 0.17996855659397717 0.5418287421022401 0.23800415368639669 0.28988282596209075
1 0.5873889442713742 0.23735408385985068 0.15241640706126688 0.3073928776565193
2 0.24093492557978535 0.1079764503159104 0.1254503288335064 0.13424124066628373
1 0.6893923589477328 0.07517748994830556 0.09830151263412945 0.14751751866743248
1 0.8646254482519903 0.09574470132107983 0.12052607822776047 0.15177309017805857
1 0.2572933333333333 0.32482260769672605 0.14873446867428175 0.4170214474439977
2 0.4491948459674628 0.8609928202182653 0.26071241952232604 0.27517690982194143
