2 0.6820602030101505 0.08073941647597253 0.0976072803640182 0.16147883295194507
2 0.8665616030801541 0.09824885583524028 0.10474938746937347 0.1498054919908467
2 0.5725808925446272 0.29990899599542337 0.13325473573678684 0.4040733123569794
2 0.9016764088204411 0.31128403890160183 0.15593314665733285 0.42023398169336385
1 0.25592142107105353 0.32314907894736844 0.12379453972698634 0.37781532036613275
1 0.15117220861043051 0.5564201945080092 0.24520826041302063 0.3190657894736842
2 0.6829060500525026 0.5195932866132723 0.17548028351417572 0.24486033752860412
2 0.7585344312215611 0.7760685326086956 0.2672200700035002 0.4400803260869565
1 0.12049612705635282 0.8463034897025171 0.23752087154357718 0.30350171624713956
1 0.46184879243962196 0.8570037185354691 0.30948617430871544 0.2782099542334096
2 0.22173433671683584 0.11773038043478262 0.12063073153657683 0.1475175
1 0.10283956247812391 0.1042554347826087 0.0963306755337767 0.1262408466819222
