1 0.656897705544933 0.2803970227524972 0.13109432759719566 0.3225806492785794
1 0.7235135914595284 0.22146414539400666 0.09333374760994265 0.3461535960044395
1 0.6059560117909496 0.16625296614872365 0.057710028680688336 0.2555828579356271
1 0.5012229270235818 0.24441678135405104 0.09903343212237094 0.2580643285238624
1 0.3245303266411727 0.13275416204217536 0.07765912364563417 0.21339955604883462
1 0.18595474824729125 0.18982630410654827 0.08407138304652644 0.2406947835738069
1 0.4046832377310389 0.3219603218645949 0.14249394518801786 0.37841231964483907
1 0.5161848311026132 0.4795285793562708 0.20875398342893564 0.529776359600444
1 0.263614034416826 0.3306452497225305 0.11399525812619504 0.3064514317425083
2 0.0712470363288719 0.46277923140954497 0.1424940726577438 0.543424167591565
2 0.15389358030592734 0.5843672003329633 0.21801596876991713 0.46650132630410657
1 0.3088558970681963 0.6526054384017758 0.30422485978330144 0.69230743618202
1 0.8624453473550031 0.4317618229744728 0.15745602294455066 0.501240627081021
1 0.7865672131931166 0.6861043285238625 0.2621892383683875 0.6228290788013319
