0 0.7291688034188034 0.24697955607476632 0.07168974358974359 0.24429556074766354
0 0.8116606837606838 0.24832184579439254 0.06776068376068377 0.12617406542056075
0 0.6623897435897436 0.2255035046728972 0.061868376068376064 0.12885981308411215
0 0.5897183760683761 0.2275163551401869 0.07954615384615385 0.14630841121495328
0 0.45370512820512826 0.4590601635514019 0.1806957264957265 0.2040268691588785
0 0.5543649572649574 0.6107383177570094 0.20131965811965813 0.6765093457943925
0 0.10556990598290598 0.6570467289719626 0.20524750427350427 0.6697990654205607
0 0.1973911923076923 0.31140959696261683 0.21605009401709402 0.31409435747663556
0 0.30738034188034186 0.21543633177570093 0.10016923076923076 0.2832207943925234
1 0.7785405982905983 0.38661710280373834 0.1727068376068376 0.18959107476635514
