0 0.0693309023668639 0.6612527846534653 0.13549274302620457 0.6751738861386138
0 0.10102516272189349 0.5696055074257427 0.1909573415046492 0.7772617574257427
0 0.04397569737954353 0.3851506806930693 0.08795139475908706 0.4431553217821782
0 0.23374450549450548 0.45823669554455443 0.2028423499577346 0.4779585396039604
0 0.31139518174133557 0.6113691212871287 0.25038377007607776 0.7076565594059406
0 0.37359488588334744 0.5829467821782177 0.29079416737109043 0.8271460396039604
0 0.5665331783601014 0.5255219678217822 0.14896238377007606 0.6450117574257426
0 0.4956174978867286 0.5835266089108911 0.45084953508030434 0.825986386138614
0 0.6521073541842772 0.5498839727722772 0.20759678782755706 0.5545241336633663
0 0.8430648774302621 0.5023202351485149 0.29792519019442093 0.9953595297029703
