0 0.3226757966344433 0.6462962052002811 0.105671679197995 0.40864160224877016
0 0.4387257429287504 0.5166665495432186 0.09120443967060508 0.21111103302881237
0 0.8582670963122092 0.5320987420941673 0.08114070891514501 0.17037033028812368
1 0.5530585195130684 0.7072410892480675 0.15710816684568565 0.295880435699227
1 0.42520945220193346 0.7883893815881939 0.17364554242749733 0.2684147434996486
1 0.2258030791263874 0.8489386823612087 0.12085213032581454 0.29463141953619115
1 0.21594409058360187 0.6186018973998594 0.12021636591478697 0.191011243851019
2 0.910844969566774 0.5062422276879831 0.07759971356963838 0.12609232607167956
2 0.5880420157536699 0.49812719606465217 0.08332448979591837 0.34456921995783557
2 0.1994063068385249 0.47627978566408996 0.08968505907626209 0.2059927828531272
1 0.41821266380236305 0.2833959943780745 0.046432867883995706 0.20474420238931834
2 0.28813742928750447 0.28214731904427265 0.04834096670247046 0.09737826423049893
