0 0.3886680773480663 0.6674962023460411 0.18246154696132597 0.5290222580645162
0 0.7335953756906077 0.3665008284457478 0.06748577900552485 0.15920397360703814
0 0.8835634917127072 0.39552199413489736 0.06248627624309393 0.15422873900293255
0 0.5173909447513811 0.32338329178885633 0.0649863093922652 0.12935365102639296
0 0.23182613812154698 0.8134328665689149 0.24869758011049725 0.3598674046920821
1 0.6444569281767956 0.7484391642228739 0.222032 0.4881392668621701
1 0.5011443701657459 0.5232172507331379 0.16246575690607734 0.24378109970674489
1 0.762964187845304 0.5621890542521994 0.19370917127071824 0.23548922287390028
1 0.5455102099447514 0.4361532258064516 0.12622377900552487 0.13930351906158356
1 0.7954573977900553 0.45605322580645163 0.1087269502762431 0.16915454545454545
1 0.9216807955801105 0.521558870967742 0.1462190497237569 0.25704809384164223
