0 0.2695869745575221 0.2363181188118812 0.15934375 0.3598667326732673
2 0.07025940265486726 0.7546296831683168 0.1387953539823009 0.33641984158415844
1 0.1827612721238938 0.611110900990099 0.18620975663716813 0.30864156435643564
1 0.5465590265486726 0.738426198019802 0.2620722123893805 0.4243832475247524
1 0.7582001327433628 0.6358029207920791 0.19052008849557522 0.4259268316831683
1 0.5237141648230088 0.5277777722772278 0.19224423672566374 0.3888888910891089
1 0.46681694690265485 0.2754626435643564 0.10086389380530973 0.2021598613861386
1 0.5646629811946903 0.24074080198019804 0.10517403761061947 0.20061740594059407
1 0.3650913772123894 0.1882711485148515 0.1250013384955752 0.1759250297029703
1 0.6362154701327434 0.3379633168316831 0.13793315265486725 0.16975237623762376
