0 0.6519377838541666 0.6223563038548753 0.25466861979166666 0.6465260544217688
0 0.16341801041666665 0.3927491156462585 0.13809010416666664 0.3202419501133787
0 0.070086046875 0.37915390589569153 0.12768125 0.3141990589569161
0 0.47845766927083333 0.18882172902494335 0.061758619791666663 0.1782476984126984
0 0.2612608255208333 0.3209968707482993 0.09784277604166666 0.26737138321995463
0 0.7077984270833333 0.2764350283446712 0.08604583333333334 0.16012087301587302
0 0.4257200520833333 0.15407879818594106 0.04094114583333333 0.1087607709750567
0 0.062105729166666665 0.2552872278911565 0.08535208333333334 0.22658654195011338
0 0.7778842526041667 0.28021147959183673 0.058289276041666664 0.12537765306122448
0 0.5259912057291667 0.23338368480725621 0.070780046875 0.1374622448979592
0 0.6831642682291666 0.22054405328798188 0.06731041145833333 0.13897329931972788
