0 0.4947949886104784 0.6740505050505051 0.13321412300683372 0.18565252525252524
0 0.5206651480637813 0.7510545454545455 0.09336902050113895 0.21941010101010103
0 0.47665660592255127 0.8280585858585858 0.1433246013667426 0.19198383838383837
0 0.46446526195899773 0.8887131313131313 0.17008542141230068 0.19936565656565658
0 0.920010250569476 0.7774262626262626 0.11418451025056948 0.41139393939393937
0 0.1121021013667426 0.5859705959595959 0.07314887243735764 0.13185678787878788
0 0.06184908883826879 0.854430303030303 0.11299430523917996 0.2658222222222222
0 0.133808638952164 0.7732072121212121 0.12369928246013667 0.2805916363636364
0 0.2019024658314351 0.774788888888889 0.10050486332574031 0.42721414141414144
0 0.25215540432801825 0.7368141414141415 0.10585775626423691 0.42721616161616166
