0 0.07698057813911473 0.5553918305597579 0.07902890695573622 0.15980332829046898
0 0.12381210478771455 0.539215582450832 0.05795483288166216 0.10784417549167927
0 0.2075248419150858 0.5303920121028745 0.06732068654019874 0.14901930408472014
0 0.29709123757904243 0.6156860816944024 0.06263775971093044 0.23529349470499242
0 0.3506553748870822 0.5676475037821483 0.091323396567299 0.19411800302571863
0 0.2455758807588076 0.6911762481089259 0.0848825654923216 0.16470650529500755
0 0.6600399683830173 0.5906860816944024 0.08137083107497742 0.23039183055975793
0 0.4416852484191509 0.6299016641452345 0.0731751219512195 0.14215733736762481
0 0.6612109304426378 0.5338229954614221 0.075516711833785 0.19313767019667172
0 0.9105916892502259 0.5549016187594554 0.06732068654019874 0.16274441754916794
