0 0.07466933638443936 0.5024483710407239 0.14933867276887872 0.2742405128205128
0 0.22586537185354694 0.4946131221719457 0.15453927917620136 0.3486772247360483
0 0.5694931064073226 0.4593536953242836 0.16122648741418763 0.47012820512820513
0 0.6879980434782609 0.4103823529411765 0.07726935926773457 0.278158371040724
0 0.7853283752860412 0.39666983408748113 0.13076430205949657 0.2585698340874812
0 0.9391253146453089 0.3697357390648567 0.11144731121281465 0.2771788687782805
0 0.3960078375286041 0.45445641779788837 0.11441910755148742 0.23506366515837102
0 0.4680766590389016 0.3682662141779789 0.129279176201373 0.18609200603318252
0 0.24886613272311212 0.3602671191553545 0.08664302059496568 0.13001176470588235
0 0.8281715446224257 0.3469019607843137 0.08019009153318078 0.27339064856711914
