0 0.20080159574468087 0.5270279583333333 0.11194731729879741 0.16830131666666667
0 0.287306401480111 0.7066287166666666 0.10646767807585569 0.4626241
0 0.3939345235892692 0.591728975 0.0942627197039778 0.37668785
0 0.2982662303422757 0.313822675 0.0814168270120259 0.10578201666666666
0 0.36050306197964843 0.28631845 0.0602795559666975 0.08180596666666666
0 0.42939398242368176 0.26375176666666666 0.05714814986123959 0.08180536666666666
0 0.491630888066605 0.26542618333333334 0.061061961147086036 0.08127763333333334
0 0.5730472062904719 0.3533148916666667 0.09394216466234967 0.11142528333333333
0 0.7108288806660499 0.42972235000000003 0.10333672525439408 0.13447996666666667
0 0.8388251988899167 0.44569825 0.11351333950046254 0.17207316666666667
0 0.1213418038852914 0.39703808333333335 0.10333670675300648 0.10860366666666667
0 0.1812299629972248 0.40832192500000003 0.10411950046253468 0.11142384999999999
0 0.6478095143385755 0.31734837499999996 0.07123947271045329 0.11283498333333335
0 0.7573755781683625 0.375177375 0.07400555041628122 0.13475191666666667
1 0.8116990471785384 0.5418440916666666 0.11179587419056429 0.20141818333333333
1 0.6487294264569843 0.509929325 0.1338399814986124 0.18865198333333336
1 0.7164367113783533 0.7602841666666666 0.1716298889916744 0.4709216666666667
1 0.5538607770582794 0.7418441833333334 0.15352173913043476 0.5049649666666667
0 0.48064229417206294 0.40141828333333335 0.1314776688251619 0.13900676666666667
0 0.48379150323774284 0.34326235833333335 0.09841144310823312 0.11631195000000001
0 0.3582183950046253 0.31985836666666667 0.07715464384828861 0.11773006666666667
1 0.27279695652173913 0.36170232500000005 0.07164386679000924 0.11063868333333335
1 0.2361881544865865 0.35886565833333334 0.05826013876040703 0.10496535
0 0.06219611470860315 0.5070916666666666 0.10234782608695653 0.19716333333333333
0 0.3015333209990749 0.45106382500000003 0.10864658649398705 0.16737588333333334
