0 0.2941638225255973 0.3869047619047619 0.03597269624573379 0.11190476190476191
2 0.6355391604095563 0.4891972198879552 0.060169460750853235 0.09567838935574229
2 0.7551259010238908 0.49614186974789914 0.057161167235494886 0.08487634453781512
2 0.7250409795221843 0.5131171288515406 0.049639542662116044 0.09413549019607843
2 0.3429654539249147 0.4652780112044818 0.05415236860068259 0.1404327731092437
2 0.5561904436860068 0.527777675070028 0.060921501706484645 0.10802448179271709
2 0.6351631399317406 0.6797843137254902 0.10454470989761092 0.3317899159663866
2 0.16696996587030716 0.49074089635854345 0.06016928327645051 0.1327170868347339
2 0.21284907167235495 0.5378089285714285 0.08423739249146758 0.1620376050420168
2 0.30498361774744026 0.5956793487394958 0.08198088737201366 0.1728401820728291
2 0.5219693071672354 0.6427472268907563 0.09025387713310579 0.22376605042016806
2 0.4497661228668941 0.7584876540616247 0.13538106484641638 0.26080247899159664
2 0.21510546075085324 0.8171295518207283 0.18502047781569966 0.26080252100840334
