0 0.09183821642685852 0.16011708426966292 0.06768242805755395 0.24958248314606743
0 0.45789631894484417 0.15490533146067417 0.05803478417266187 0.19965576404494384
0 0.5125494604316547 0.1787271011235955 0.06959652278177458 0.22430139325842696
0 0.8177261960431654 0.23949825280898876 0.05956782374100719 0.21101342696629213
0 0.373718824940048 0.38140917415730335 0.11091966426858514 0.32840367415730337
1 0.5006363908872902 0.33564775280898873 0.09222242206235012 0.2361112359550562
0 0.6879633872901679 0.2808644269662921 0.07493053956834532 0.2530868764044944
1 0.7563068735011991 0.3055556404494382 0.08645884292565947 0.16358006741573033
1 0.593270698441247 0.27006190449438205 0.0831648381294964 0.16049416853932585
1 0.5932706384892086 0.42052472471910113 0.09469253597122301 0.30092585393258425
