0 0.07865191810344828 0.5590718130841122 0.15405946839080462 0.7489439252336448
0 0.5124520330459771 0.4003167943925234 0.15730349137931035 0.4715196822429906
0 0.9401710416666665 0.3085441308411215 0.11757170977011494 0.4145565981308411
2 0.29827943247126437 0.4085583831775701 0.18743826149425288 0.1488869719626168
2 0.15409618534482758 0.5533411308411215 0.1820314511494253 0.37280185046728975
2 0.373525316091954 0.4302459158878505 0.22979241379310344 0.22508846728971962
1 0.8443747198275862 0.2872214953271028 0.16400918103448275 0.19226355140186915
2 0.5947568965517241 0.6336457383177571 0.1531948275862069 0.19108983177570094
1 0.7299288218390805 0.7555689813084112 0.34964500000000004 0.4747940373831776
2 0.42489043821839084 0.7977723738317757 0.3631616522988506 0.3950758130841121
1 0.297378591954023 0.7485345794392524 0.30458764367816094 0.49824299065420563
