0 0.3903933438155136 0.684766403966597 0.1734240041928721 0.43438875782881003
0 0.8523523008385744 0.6983410386221295 0.23552325995807127 0.4072394885177453
0 0.9594034040880502 0.5316743215031314 0.07854385220125787 0.2790354906054279
0 0.8633332389937107 0.5641025678496868 0.1014795178197065 0.19607843423799584
0 0.6789281970649895 0.6493209812108559 0.1264706498951782 0.29713465553235907
0 0.5630600104821804 0.588235276617954 0.11738312368972748 0.25037704592901877
0 0.17253682127882597 0.4796380427974948 0.05881051886792453 0.18702871607515656
0 0.30784650419287213 0.47360477557411274 0.04922523060796646 0.13272990605427976
0 0.3207207363731656 0.573906341336117 0.1809970283018868 0.42081477035490605
0 0.5263301624737946 0.42232293841336116 0.057555555555555554 0.14479671189979124
0 0.7451928721174004 0.543740605427975 0.10602306079664571 0.2368027139874739
0 0.8645990566037736 0.5027473903966597 0.09710901467505241 0.17252818371607517
