0 0.6472188601321587 0.7679880029368575 0.14388827092511014 0.46402399412628487
0 0.3228529515418502 0.5069916886930984 0.08121718061674009 0.36857600587371514
0 0.56663 0.7325684948604992 0.10242299559471366 0.4761260058737151
0 0.454295 0.7140693832599119 0.12665200440528634 0.48834475770925106
1 0.8726554955947138 0.43317767988252576 0.05715156387665198 0.11137151248164463
2 0.6444901376651982 0.4548648825256975 0.08264968061674009 0.11254336270190897
2 0.7284585572687226 0.48124239353891335 0.09056306167400882 0.11840508076358297
2 0.9100234526431717 0.6072684654919236 0.14067996696035243 0.1430246255506608
1 0.5490915583700441 0.5082063142437592 0.08704595814977974 0.16295301027900147
2 0.8704571585903084 0.830597892804699 0.18112533039647577 0.31066823788546255
2 0.4857856662995595 0.3376321585903084 0.04132514317180617 0.06799559471365639
1 0.5143606828193832 0.40211029368575624 0.07561563876651983 0.16881612334801763
1 0.41984187224669606 0.4437277973568282 0.06594400881057269 0.1864004992657856
2 0.18947837555066077 0.6277843906020558 0.12045734581497797 0.3317704258443466
0 0.1279306167400881 0.5814772393538914 0.09407929515418503 0.35404405286343615
