0 0.6488420000000001 0.527047 0.07386990000000002 0.182749
0 0.536935 0.48830399999999996 0.09040789999999992 0.15204699999999996
0 0.13450899999999996 0.584064 0.08820289999999997 0.369883
0 0.44266799999999995 0.719298 0.13120199999999996 0.5029240000000001
0 0.551819 0.747076 0.109151 0.48830400000000007
1 0.454425578831312 0.3558033625730994 0.047742006615214994 0.1066827485380117
2 0.5110077177508269 0.36987103070175437 0.08310474090407939 0.10902694444444445
1 0.33728280044101433 0.3569751461988304 0.045088202866593166 0.06916666666666667
1 0.39077067254685777 0.36342312134502924 0.04066813671444322 0.08206311403508772
2 0.3669002205071665 0.4026959064327485 0.06542337375964719 0.07854678362573099
2 0.4106626571113561 0.40562722222222225 0.06807490628445424 0.11254391812865497
2 0.20908915104740902 0.5984759649122807 0.11227973539140022 0.3411488888888889
2 0.7068357221609702 0.4155918201754386 0.05746637265711135 0.08792454678362573
2 0.733800441014333 0.46424369883040933 0.10432414553472988 0.12426698830409356
2 0.8367972877618522 0.49824143274853805 0.08398866593164277 0.11488847953216375
2 0.9168084729878722 0.6049237938596491 0.13615057331863284 0.15709261695906435
2 0.7797732635060639 0.5803050292397661 0.137919184123484 0.13599017543859648
2 0.661304151047409 0.7702222222222223 0.13261491730981256 0.45017543859649123
2 0.8646465766262403 0.8388040350877192 0.17681930540242558 0.31770187134502925
1 0.2621347850055127 0.4437280628654971 0.08045259095920618 0.1137163888888889
