0 0.7145766576332431 0.5715630476190476 0.1317102800361337 0.251935619047619
0 0.8885518518518518 0.6464131428571428 0.12188093947606143 0.2565564444444445
1 0.6344894489611562 0.21277863492063495 0.07072119241192412 0.13716336507936508
1 0.5794469918699188 0.2837044126984127 0.07539147244805781 0.14536895238095238
1 0.37362173441734414 0.3352874761904762 0.13477098464317977 0.17585044444444445
1 0.1421095347786811 0.42848794444444444 0.12142682023486902 0.19109077777777778
1 0.2585328861788618 0.45017557936507935 0.138106766034327 0.22039804761904763
1 0.40231032520325205 0.6377491190476191 0.17213284552845529 0.5087924920634921
1 0.09941023938572718 0.5902696587301588 0.17480194218608852 0.2801876031746032
1 0.7866067208672086 0.4536928571428572 0.08539902439024391 0.1946079365079365
1 0.9363892502258357 0.28604953968253966 0.11675718157181572 0.15474853968253968
