0 0.4222847991071429 0.4525821450939458 0.05290360119047619 0.2976493006263048
0 0.08643599330357142 0.49358099164926933 0.03248511160714286 0.15000098121085595
0 0.30692 0.48944900313152395 0.13764900297619048 0.22391558455114824
0 0.8673903050595239 0.47825274008350727 0.05682325892857142 0.17362347599164926
0 0.5011147842261904 0.480541471816284 0.0974675744047619 0.30972594989561586
0 0.577753 0.727557 0.11532699999999994 0.39665999999999996
0 0.666667 0.847599 0.1577379999999999 0.30271399999999987
0 0.290923 0.7943629999999999 0.22321400000000005 0.40709799999999996
0 0.05180915178571429 0.7227432150313151 0.09693377976190476 0.5498246346555323
0 0.7846623102678572 0.589097599164927 0.09024872767857144 0.19812421711899791
