0 0.11593840465465466 0.4619970220994475 0.10429394144144145 0.22652756906077348
0 0.4192008671171172 0.37034277348066297 0.10328137387387387 0.2965722872928177
0 0.5857673986486487 0.42921013259668506 0.1022688063063063 0.28614008839779004
0 0.7087937424924925 0.4344262320441989 0.10328137387387387 0.23397913812154694
1 0.5021032282282283 0.5652480662983426 0.2640623123123123 0.36170276243093924
1 0.2100930930930931 0.6936171270718231 0.3083933933933934 0.47092265193370164
1 0.29490119369369366 0.5049646022099448 0.1869633783783784 0.26382991160221
1 0.3214036711711712 0.40921963535911604 0.09540887387387388 0.1687938784530387
1 0.8157972935435435 0.5290781988950276 0.20912912162162164 0.40851100552486186
1 0.8553100600600599 0.3652484254143646 0.09348198198198199 0.1546103314917127
