1 0.13499236202058 0.6837809187279151 0.11923823199251637 0.19836749116607774
1 0.15198214218896164 0.8197200088339222 0.18040207670720299 0.2555424911660777
1 0.4318523573433115 0.5635939310954063 0.07413812909260992 0.1260210070671378
1 0.588776959775491 0.5700116431095407 0.08649399438727783 0.21353565371024735
1 0.47046534611786717 0.35180830388692574 0.04386444340505145 0.07584628975265018
1 0.9387689289055192 0.6627775088339223 0.11923856875584658 0.3593924734982332
1 0.6162695322731524 0.5122517932862191 0.050043274087932646 0.1493587102473498
1 0.3842803788587465 0.7654611307420495 0.11244204864359215 0.46207773851590106
1 0.4636695229186156 0.8045510512367492 0.13283015902712816 0.3838978975265018
1 0.4179513797942002 0.3984834363957597 0.036450935453695044 0.10618507067137808
