1 0.8834198687910029 0.28309999999999996 0.051911902530459235 0.10981259842519685
1 0.8581940018744142 0.30395826771653545 0.08413683223992502 0.10838897637795275
1 0.790604029990628 0.3831291653543307 0.11723055295220243 0.16493864566929134
1 0.7275015932521087 0.425542251968504 0.09872014995313964 0.17059316535433072
1 0.9370018744142455 0.4505182362204724 0.10937769447047797 0.23751206299212596
1 0.7785445173383319 0.6451458031496062 0.1626635426429241 0.3892548503937008
1 0.7521813495782568 0.7573045118110237 0.19070946579194 0.3930256220472441
1 0.6708492783505156 0.4604150078740157 0.1346181818181818 0.22525977952755907
1 0.5914807403936269 0.5381715275590552 0.11835248359887535 0.21489159055118112
1 0.5188424461105904 0.6955700787401575 0.16715109653233365 0.4637133858267717
1 0.5244517338331771 0.30725748031496064 0.09086785379568885 0.17153543307086613
1 0.6307443252108715 0.3491992125984252 0.08469764761012183 0.2290283464566929
1 0.40189285379568884 0.33977340944881895 0.08245421743205249 0.14608782677165355
1 0.4484483692596064 0.46465622047244093 0.10825568884723524 0.2714415748031496
1 0.2731637722586691 0.5810559212598425 0.15481114339268978 0.36286459842519686
1 0.14695867385192127 0.451461031496063 0.12788771321462042 0.19981179527559054
1 0.2857839503280225 0.32280866929133856 0.07460079662605436 0.17813384251968506
1 0.05272563261480787 0.3180963622047244 0.06170020618556701 0.136663968503937
1 0.046555295220243674 0.4509894881889764 0.09198969072164949 0.2384545669291339
1 0.8310665417057169 0.5907804251968505 0.15954451733833178 0.33900651968503936
