1 0.5251669662921349 0.4616384113300493 0.11515317911434238 0.26007785714285714
1 0.37616607732980833 0.4161248583743842 0.10747617316589557 0.26267885467980295
1 0.2533363714474554 0.3459040578817734 0.11864252478519496 0.16645050492610838
1 0.24565943159286188 0.5104032389162562 0.12980869795109057 0.4226270197044335
1 0.13713651024454726 0.7678805172413793 0.258919312623926 0.44083256157635464
1 0.5345885095836088 0.28348492610837434 0.0767687838730998 0.14564344827586206
1 0.7303483212161269 0.2574774815270936 0.06909185723727693 0.12223715517241379
1 0.9411130204890945 0.32444741379310343 0.11375677461996035 0.19895985221674875
1 0.7279055188367481 0.4284787192118226 0.14934957038995375 0.21456472906403942
1 0.9111033674818242 0.451885486453202 0.17517198281559815 0.2795837068965517
1 0.5893733740912095 0.6547465332512316 0.20308801718440186 0.53966210591133
1 0.8584120489094514 0.7620286083743842 0.2386801982815598 0.4759427832512315
1 0.5157452081956378 0.8498049384236454 0.21913879709187048 0.30039012315270935
1 0.8373617944481163 0.3596156834975369 0.12935440185062788 0.2320518842364532
