2 0.8800570323212537 0.3862161975524475 0.1325911263467189 0.2184662062937063
1 0.47536190009794316 0.34200276223776227 0.11292164544564154 0.17165181818181818
2 0.6374585798237022 0.4200260926573427 0.1908732419196866 0.24967508741258743
2 0.5281802203721842 0.3966189597902098 0.19961605288932419 0.22106627622377623
1 0.19160204211557294 0.43498048076923074 0.22147172380019586 0.23276980769230768
1 0.3139937561214496 0.45123516608391606 0.23458447600391774 0.31469400349650345
2 0.7347166209598432 0.5526659353146853 0.3023375710088149 0.3381016958041958
2 0.9135690940254652 0.579323479020979 0.17193135161606268 0.365408986013986
1 0.8789094809010775 0.7504142395104895 0.24341904015670912 0.4958533391608391
1 0.29843290891283053 0.6102564073426573 0.2952007835455436 0.387179493006993
2 0.5124714348677767 0.6647432954545455 0.25497877571008815 0.3576917307692308
