0 0.35636722483537164 0.2628524135338346 0.1815552963311383 0.3001658496240601
1 0.4668565428033866 0.39220594736842107 0.19919190028222014 0.4892211879699248
1 0.912964252116651 0.2545606842105263 0.14524365004703668 0.2835823909774436
0 0.16080617121354657 0.14925354887218045 0.11412048918156162 0.1923710977443609
2 0.11827046095954845 0.48756190977443603 0.22409125117591722 0.4676611428571429
2 0.7210343979303856 0.5124380676691729 0.2842642238946378 0.46766221052631574
2 0.8823590075258702 0.7147599022556391 0.2064541392285983 0.4510786917293233
2 0.2785578127939793 0.6716414812030075 0.3724478739416745 0.5207290676691729
1 0.5472175634995297 0.13406575939849624 0.10311853245531515 0.17582406015037594
1 0.5949958748824082 0.23021995488721805 0.13130501411100656 0.2560443007518797
