1 0.9339097995283019 0.10570820796460177 0.07043040094339623 0.18181809734513274
0 0.9725056898584905 0.18943138274336283 0.05296420990566037 0.19915922566371683
0 0.8737600884433963 0.14957705752212389 0.07466095518867924 0.1955600442477876
1 0.9085548938679245 0.2859407079646018 0.13353643867924528 0.24630000000000002
1 0.7150118278301887 0.35465073008849557 0.13184662735849056 0.27589765486725665
1 0.877847075471698 0.411204546460177 0.1205770754716981 0.3107811725663717
1 0.5766859964622641 0.46722998893805306 0.22030725235849055 0.41226126106194694
1 0.778681079009434 0.704545453539823 0.21636331367924527 0.6057082522123893
1 0.3997639740566038 0.6770616814159292 0.1797385613207547 0.4154341592920354
1 0.5938707783018867 0.7790697676991151 0.2681994811320755 0.4418604646017699
1 0.6519057488207547 0.10306529867256638 0.10367387971698114 0.19978904867256636
1 0.5440063266509434 0.07716703539823008 0.08282696933962264 0.15433407079646017
1 0.4634334375 0.13742107300884956 0.11663312499999999 0.18604723451327435
1 0.5516125530660376 0.15803412610619466 0.13860744103773584 0.2293875
0 0.3498991037735849 0.20295985619469026 0.09803905660377359 0.22198736725663717
1 0.2611565212264151 0.08668098451327434 0.11663271226415094 0.15856280973451328
1 0.04169481132075471 0.05021238938053097 0.08000896226415094 0.09619469026548672
1 0.060288349056603775 0.11892150442477877 0.09465924528301886 0.17441805309734515
1 0.12874712853773584 0.1723042477876106 0.1448052712264151 0.27061274336283186
1 0.1972059492924528 0.2954539933628319 0.13522725235849056 0.2336141371681416
1 0.2842579481132076 0.4022198783185841 0.1763582547169811 0.4260042256637168
