1 0.172606 0.3813289999999999 0.0924276 0.171941
1 0.410356 0.28533800000000004 0.04342979999999996 0.085443
1 0.715479 0.4208859999999999 0.0768374000000001 0.1645570000000001
2 0.44612881124721604 0.3138189978902953 0.06458800111358574 0.1276370042194093
1 0.542873 0.2863919999999999 0.0445434 0.09599159999999994
1 0.58157 0.531118 0.125278 0.35759499999999994
1 0.3805680000000001 0.248945 0.05289529999999997 0.10126600000000004
1 0.25529 0.364979 0.07962140000000001 0.18354400000000004
1 0.404788 0.45305899999999993 0.07683739999999997 0.21202500000000002
1 0.35634699999999997 0.690928 0.138085 0.552743
1 0.679287 0.597574 0.12249400000000008 0.3006329999999999
2 0.825167 0.512131 0.10133600000000001 0.17826999999999993
1 0.7484749443207127 0.7859214135021096 0.277326280623608 0.4223512658227848
1 0.3075871742761693 0.4579103375527427 0.05898949331848553 0.21335232067510548
1 0.7750516703786191 0.5111371624472574 0.11942895322939867 0.19226259493670886
