2 0.809077 0.55165 0.10328599999999999 0.209469
1 0.859742 0.44906699999999994 0.06064160000000021 0.136298
2 0.7358968857589985 0.42108999641319944 0.06416280125195618 0.11477799856527977
2 0.3313769999999999 0.39275499999999997 0.06807510000000006 0.10401699999999997
2 0.576487 0.554161 0.1326290000000001 0.2819229999999999
2 0.157081 0.749283 0.247653 0.392396
2 0.47378700000000007 0.516499 0.10954599999999998 0.213773
2 0.2679969992175274 0.5638475286944046 0.10406899843505478 0.24821205882352942
2 0.2104668857589984 0.46700100071736017 0.10015600156494522 0.19512200143472022
2 0.720657 0.722382 0.15805899999999995 0.548063
2 0.17810054773082942 0.45137876614060257 0.06332472613458529 0.119012912482066
