1 0.41775999726775953 0.2941571457696228 0.047541 0.11125029561671763
1 0.715027 0.404689 0.07377049999999992 0.175331
1 0.3649898907103825 0.2374075280326198 0.032861125683060106 0.08541715596330275
1 0.643716 0.422528 0.07431689999999991 0.170234
1 0.388798 0.255352 0.040983600000000016 0.10091700000000002
1 0.17623 0.462793 0.0879781 0.183486
1 0.772404 0.513761 0.10983600000000004 0.21406700000000006
1 0.5620220027322405 0.48419196738022424 0.130601 0.4220029357798165
1 0.453552 0.323649 0.06338800000000001 0.121305
1 0.229508 0.6901119999999998 0.15519099999999994 0.521916
1 0.42540999999999995 0.4617740000000001 0.09125680000000001 0.20591199999999998
1 0.835792 0.498471 0.10109300000000011 0.20387400000000008
1 0.681148 0.593272 0.12076499999999994 0.279307
1 0.365027 0.6997959999999999 0.12677600000000003 0.5637109999999999
1 0.26530966666666667 0.3759072375127421 0.06846700546448087 0.19448521916411823
1 0.2267967213114754 0.28664729867482164 0.04746010928961749 0.12336799184505606
1 0.3625639344262295 0.38171253822629975 0.0715792349726776 0.17126197757390418
1 0.5476918032786885 0.2960137614678899 0.040849180327868856 0.1019928644240571
