2 0.4626060000000001 0.39455 0.10494600000000004 0.225118
2 0.720145 0.630332 0.139928 0.3696680000000001
1 0.10494599999999998 0.577014 0.14957799999999996 0.32938399999999995
1 0.6435460000000001 0.675355 0.13630900000000007 0.35545000000000004
1 0.240048 0.541469 0.08926419999999999 0.28672999999999993
1 0.838359 0.503555 0.12304000000000007 0.33412299999999995
1 0.464415 0.555687 0.12304000000000007 0.22037899999999996
1 0.362485 0.359005 0.07599520000000001 0.13507099999999997
1 0.234017 0.404028 0.09650180000000004 0.15402799999999994
1 0.139928 0.43128 0.09408929999999999 0.14217999999999997
1 0.5524730000000001 0.498815 0.10132699999999996 0.18720399999999995
1 0.04583839565741857 0.477678317535545 0.09167669481302773 0.19232265402843604
1 0.531966 0.7891 0.207479 0.42180100000000015
1 0.33655 0.7357820000000002 0.156815 0.5236970000000001
1 0.7741990349819059 0.36538388625592416 0.05034499396863691 0.15054976303317535
