1 0.6333330000000001 0.343415 0.09479170000000003 0.15414599999999998
1 0.515365 0.44341499999999995 0.07135420000000003 0.15707300000000005
1 0.7721350000000001 0.38341499999999995 0.05677079999999997 0.15414600000000003
1 0.684375 0.343902 0.054166699999999915 0.12780500000000009
1 0.548698 0.334146 0.06927079999999991 0.180488
1 0.164583 0.7853660000000001 0.257292 0.429268
2 0.182292 0.4639019999999999 0.10312500000000001 0.233171
1 0.41484399999999994 0.221951 0.05781250000000006 0.10634100000000003
1 0.8877859375 0.46729943902439025 0.08953854166666667 0.1624469756097561
1 0.81514140625 0.4984177951219512 0.13008489583333332 0.2246833951219512
1 0.7194080729166666 0.43565365853658533 0.11656927083333332 0.2067512195121951
1 0.36322369791666664 0.20253121951219513 0.041672395833333334 0.08016878048780487
