1 0.40763999999999995 0.3814699999999999 0.0900798 0.1853
1 0.057867699999999994 0.520186 0.115735 0.266046
2 0.468643 0.255176 0.06271380000000001 0.158385
1 0.8201249999999999 0.7743270000000001 0.24572400000000003 0.4368529999999999
1 0.604903 0.463251 0.1356900000000001 0.22049700000000008
2 0.604903 0.462215 0.13683 0.22049700000000003
1 0.45439 0.468944 0.12086699999999993 0.2380949999999999
1 0.384835 0.857143 0.26111699999999993 0.285714
1 0.514823 0.30797100000000005 0.12200699999999999 0.16666700000000004
1 0.340935 0.631988 0.19612300000000002 0.3633539999999999
1 0.511973 0.6092129999999999 0.15849500000000005 0.2722569999999999
1 0.608894 0.7795030000000001 0.179019 0.44099400000000005
2 0.37928420752565567 0.3280113871635611 0.08233124287343214 0.1654575569358178
1 0.7657432440136829 0.41910901656314703 0.17561727480045608 0.4935521532091098
