1 0.8694760000000001 0.553041 0.12332999999999988 0.458274
1 0.10123299999999999 0.399576 0.13463499999999998 0.23338000000000006
2 0.622816 0.453324 0.14799600000000007 0.24469599999999994
2 0.48509800000000003 0.596888 0.15827299999999997 0.23196600000000006
1 0.559096 0.768034 0.25899300000000003 0.4469589999999999
1 0.622816 0.453324 0.14593999999999993 0.24469599999999994
2 0.706064 0.610325 0.21171600000000004 0.287129
2 0.561151 0.392504 0.10482999999999995 0.154173
2 0.3329909999999999 0.54314 0.168551 0.2347950000000001
1 0.15313499999999997 0.666195 0.22815999999999995 0.3847240000000002
