1 0.4482490015682175 0.5063561511857707 0.09879769994772608 0.3053359980237154
1 0.499477 0.285573 0.07161530000000005 0.134387
1 0.6568635441714584 0.16236790019762845 0.06751749085206481 0.09944000988142293
1 0.534239 0.24357699999999996 0.06272870000000004 0.12746999999999997
1 0.26712 0.4114787104743083 0.11395699947726085 0.1987815909090909
1 0.8761110000000001 0.251976 0.06691059999999995 0.12253000000000003
1 0.19421967328802928 0.19516414525691703 0.07584124934657606 0.14131728260869567
1 0.7078835572399372 0.15810299407114622 0.054174986931521174 0.11857699604743083
1 0.902248 0.219862 0.05541040000000002 0.11956500000000005
1 0.14506 0.23814200000000002 0.0810246 0.225296
1 0.7179588316779926 0.2742089970355731 0.08839033455305803 0.22035599802371542
1 0.596184 0.18972300000000003 0.07370619999999994 0.134387
2 0.6544690000000001 0.289032 0.08991109999999986 0.18083
1 0.9539990015682175 0.6649283498023716 0.09200210141139571 0.25475869565217396
1 0.7318349973863042 0.7348749160079051 0.2049139989545217 0.4005798320158103
2 0.258233 0.746047 0.194459 0.49999999999999994
1 0.850758 0.488142 0.11970700000000002 0.341897
1 0.949556 0.34584999999999994 0.10088900000000002 0.16007899999999997
1 0.5765810000000001 0.424407 0.11709400000000005 0.3784579999999999
1 0.659697 0.8463439999999999 0.33768900000000013 0.3073120000000001
1 0.790382 0.58004 0.1745950000000001 0.3063240000000001
1 0.47599921589127026 0.2964134980237154 0.1149539989545217 0.15400843873517786
1 0.3507216414009409 0.14715217391304347 0.06194093047569263 0.1086501976284585
1 0.09932932566649241 0.6456043922924901 0.17745321484579196 0.5483516501976284
1 0.9536724542603241 0.22362855731225298 0.07589189231573444 0.10759466403162056
1 0.05290107945635128 0.3131867588932806 0.09882617354939885 0.16703359683794466
