1 0.970312 0.41481499999999993 0.059375 0.3166669999999999
1 0.7596349999999998 0.777315 0.273438 0.4324070000000001
1 0.9172005182291667 0.7412155185185185 0.16351496354166667 0.49719896296296295
1 0.6984379999999999 0.540741 0.14375000000000013 0.287037
1 0.5908850000000001 0.321759 0.08697920000000003 0.15277799999999997
2 0.818229 0.474537 0.14687500000000012 0.249074
1 0.6583268229166667 0.2911388888888889 0.0872234375 0.13080185185185184
1 0.5022744791666667 0.49841759259259255 0.164359375 0.4757388888888889
1 0.31196808593750003 0.38652467592592593 0.118085109375 0.18297842592592595
1 0.9554520104166666 0.2780142037037037 0.08696785416666668 0.17872344444444443
