1 0.929688 0.400463 0.078125 0.11388900000000003
1 0.573177 0.384722 0.09635419999999997 0.11944400000000002
1 0.648438 0.8597219999999999 0.279167 0.278704
1 0.869531 0.562963 0.13177100000000005 0.274074
1 0.3250096380208333 0.794444 0.22814527604166665 0.335185
1 0.423698 0.447222 0.09947919999999998 0.14814799999999995
1 0.578906 0.4361110000000001 0.10989600000000005 0.15925900000000007
1 0.427864375 0.399537 0.10572875 0.13611099999999998
1 0.9578120000000001 0.446759 0.08437500000000012 0.1305560000000001
1 0.578906 0.519444 0.1328119999999999 0.19074100000000008
1 0.4122428802083333 0.5375 0.15573576041666665 0.219444
1 0.3741825729166666 0.7 0.18794814583333333 0.235185
1 0.6164059999999999 0.7203699999999998 0.21406199999999995 0.33888900000000005
1 0.8253989739583333 0.4929079212962963 0.09175523958333334 0.2226952685185185
1 0.076595765625 0.4063830555555556 0.07340430208333333 0.1262412962962963
