1 0.8859906482465463 0.4749530009451796 0.09716769394261424 0.155955
1 0.8924019999999999 0.552457 0.0929862 0.18809100000000004
1 0.08718899574920298 0.4159805151228734 0.0829857917109458 0.11740603969754254
1 0.149575 0.4810960000000001 0.10998900000000002 0.18903600000000007
2 0.760361 0.478261 0.06695009999999997 0.113422
1 0.247875 0.5893190000000001 0.08554729999999999 0.17863899999999996
2 0.829968 0.47259 0.077577 0.113422
1 0.7154619999999999 0.6129489999999999 0.15037199999999998 0.19376200000000007
1 0.829702 0.473062 0.07704569999999998 0.11436700000000001
1 0.827577 0.608696 0.0951116000000001 0.18336500000000003
1 0.36078600000000005 0.743856 0.16153000000000006 0.4442340000000001
1 0.8977150000000002 0.629017 0.116366 0.17485799999999993
1 0.32120099999999996 0.548204 0.08554730000000005 0.15690000000000007
1 0.21657204835281615 0.6668239981096409 0.17172010095642934 0.28828000000000004
1 0.718385 0.76465 0.16896899999999998 0.39130399999999993
1 0.204038 0.8256139999999998 0.13708800000000002 0.34309999999999996
