1 0.30307 0.47547 0.09264159999999998 0.22442600000000001
1 0.475648 0.298539 0.037586 0.09603340000000006
1 0.447591 0.3262 0.059820000000000026 0.12630499999999997
1 0.75675 0.5240079999999999 0.11381700000000013 0.2212939999999999
1 0.491265 0.412317 0.0677607 0.19415400000000005
1 0.6296980000000001 0.43580399999999997 0.06723130000000009 0.16179500000000002
1 0.235045 0.340814 0.04870300000000002 0.14509399999999992
1 0.181048 0.481733 0.08258339999999996 0.20981200000000003
1 0.41106400000000004 0.295929 0.04393860000000003 0.10751599999999997
1 0.263367 0.388831 0.0651138 0.18267200000000006
1 0.22101600000000002 0.712944 0.14028600000000005 0.49478100000000014
1 0.359979 0.384134 0.07517209999999995 0.16492700000000007
1 0.380095 0.259916 0.04023289999999999 0.09812109999999998
1 0.82054 0.516701 0.10799399999999995 0.18997899999999995
1 0.4991715722604553 0.727556993736952 0.15874614081524616 0.5427979958246347
1 0.3652486315510852 0.7343419989561587 0.1439442615140286 0.531315
1 0.666755 0.636743 0.1265219999999999 0.34864300000000004
1 0.41582800000000003 0.471294 0.09052410000000005 0.18476000000000004
1 0.1339632080465855 0.3102915396659708 0.05741291688724193 0.3837718267223382
1 0.3555177342509264 0.24891127348643008 0.038275277924827954 0.08272860125260961
1 0.5682398650079408 0.45645876826722337 0.10746521439915299 0.20464405010438413
1 0.5369571201694018 0.3040636325678497 0.04784436209634727 0.09143640918580376
1 0.1637972472207517 0.33587331419624217 0.056481736368448915 0.14654147181628394
1 0.7003737903652727 0.4302463517745303 0.06658876654314452 0.16881627348643005
1 0.29429952091053463 0.2983589039665971 0.042806993118051875 0.11137196242171189
