1 0.9453249999999999 0.282957 0.06391970000000005 0.11770199999999996
1 0.30929699947173794 0.44175650188323917 0.11674600105652404 0.20931400188323918
1 0.7056761199154781 0.3221171468926553 0.0561595615425251 0.16589229755178908
1 0.464606 0.259887 0.0639197 0.20338999999999996
2 0.0924459 0.363936 0.088748 0.17796599999999993
1 0.512414 0.34275 0.09403059999999995 0.16007499999999997
1 0.568674 0.30367199999999994 0.06180669999999993 0.12900199999999998
1 0.63233 0.245763 0.07501320000000009 0.11676100000000002
1 0.758056 0.337571 0.08663499999999999 0.27966100000000005
1 0.650819 0.8455740000000002 0.2609610000000001 0.3050850000000001
2 0.9598519999999999 0.395009 0.08029580000000006 0.14406799999999997
1 0.7791860000000002 0.756121 0.21130500000000005 0.36346499999999987
1 0.397253 0.620057 0.122557 0.356874
1 0.884046 0.504708 0.1421019999999999 0.361582
2 0.111727 0.68032 0.165346 0.4792840000000001
1 0.8299000000000001 0.646422 0.1679869999999998 0.294727
1 0.6127955625990491 0.4641346516007533 0.1071135763338616 0.34177212806026364
1 0.6989006867406233 0.22099141713747644 0.04497622820919176 0.09388157250470809
1 0.39055227680929744 0.19670306967984932 0.07336348652931854 0.10549404896421845
