1 0.579484 0.488866 0.11600399999999995 0.3137650000000001
1 0.3646619978517723 0.23656528846153846 0.041890397422126746 0.07839337044534414
1 0.5257790010741139 0.32300843623481784 0.04833510204081633 0.1174083906882591
1 0.45623 0.317814 0.05316859999999999 0.12145700000000005
1 0.6495699999999999 0.42965600000000004 0.08431790000000002 0.140688
1 0.238185 0.324899 0.060687399999999996 0.13157899999999997
1 0.175618 0.47469599999999995 0.07518800000000002 0.1821859999999999
1 0.502685 0.375 0.06659509999999998 0.13663999999999998
1 0.7604729999999998 0.503542 0.11063399999999993 0.22368400000000002
1 0.22180499999999997 0.689271 0.140709 0.493927
1 0.268797 0.379049 0.07250270000000002 0.17105299999999998
1 0.675618 0.5986840000000001 0.11922700000000007 0.27631600000000006
1 0.829216 0.502024 0.11707800000000006 0.19230799999999998
1 0.494629 0.6715589999999999 0.14070899999999997 0.460526
1 0.41890400000000005 0.451417 0.09559609999999999 0.194332
1 0.36063400000000007 0.693826 0.13587499999999997 0.4443319999999999
1 0.3080476906552094 0.4608127834008097 0.0939546723952739 0.233672004048583
1 0.4012320085929108 0.3055154200404859 0.07701181525241675 0.26269992914979756
1 0.3330766783029001 0.3222061740890688 0.07624191729323308 0.13642975708502023
1 0.7483313077336198 0.7948415991902834 0.28614511815252414 0.4056265182186235
