1 0.12526 0.3435190000000001 0.046354200000000005 0.13703699999999994
2 0.8011898385416667 0.443519 0.13258867708333333 0.188889
1 0.402604 0.4722219999999999 0.103125 0.26666699999999993
0 0.7320309999999999 0.358333 0.06406249999999988 0.13333300000000006
1 0.610417 0.325 0.078125 0.137037
1 0.136979 0.389352 0.06458330000000001 0.171296
1 0.345573 0.415278 0.06822919999999998 0.275
1 0.9286460000000001 0.645833 0.142708 0.43055599999999994
1 0.509635 0.644444 0.13802099999999992 0.52963
1 0.8625 0.434722 0.1010420000000001 0.16018499999999994
2 0.44322899999999993 0.3601849999999999 0.06979169999999997 0.13703699999999994
1 0.6401039999999999 0.739352 0.19062500000000013 0.49166700000000013
1 0.39765600000000006 0.2125 0.050520800000000025 0.10277799999999997
1 0.165365 0.43518499999999993 0.07656250000000002 0.218519
2 0.5317710000000001 0.31342600000000004 0.08125000000000006 0.10277800000000002
1 0.757552 0.755093 0.18281199999999995 0.47314800000000007
1 0.03932290000000001 0.30787 0.0661458 0.13055600000000003
1 0.153646 0.795833 0.208333 0.40648099999999987
1 0.33515600000000006 0.725926 0.209896 0.39814799999999995
1 0.6138251328125001 0.48470445370370374 0.13469140104166666 0.21835405555555557
1 0.20767417708333333 0.2647675925925926 0.05102872916666667 0.1940925925925926
