1 0.544011 0.38895 0.08969360000000004 0.17679599999999995
2 0.458217 0.378453 0.08635100000000007 0.19116
2 0.233148 0.51547 0.11197799999999998 0.20884
1 0.293872 0.398895 0.09526460000000003 0.15911600000000006
1 0.457939 0.377901 0.0869081000000001 0.190055
1 0.129248 0.50663 0.10807800000000002 0.20220999999999997
1 0.423677 0.7127070000000001 0.13983299999999999 0.2519339999999999
2 0.18468 0.777348 0.142061 0.438674
1 0.865738 0.50442 0.10250699999999985 0.22430900000000004
2 0.812813 0.399448 0.0980501 0.16243099999999996
1 0.194429 0.390055 0.0880223 0.16132599999999997
1 0.94624 0.6861880000000001 0.1064069999999999 0.2784530000000001
1 0.75376 0.5127069999999999 0.12479100000000015 0.23204399999999994
2 0.05988859999999999 0.7707180000000001 0.119777 0.45856399999999997
1 0.559889 0.518785 0.12479099999999997 0.2
1 0.4311980000000001 0.530387 0.1259050000000001 0.22320399999999993
1 0.830919 0.6922650000000001 0.15543200000000001 0.27292800000000006
1 0.572423 0.716022 0.172145 0.274033
1 0.7672919220055711 0.3139435690607735 0.079374930362117 0.14431496132596686
1 0.23739025069637884 0.30247845303867404 0.0646757660167131 0.1384839779005525
1 0.7027493036211699 0.39677900552486184 0.07677103064066852 0.16398232044198893
1 0.6883545626740947 0.3111276243093923 0.09079616713091922 0.1625182320441989
1 0.5536364902506964 0.300878453038674 0.08415320334261839 0.1683756906077348
