1 0.167389 0.414234 0.202082 0.254745
1 0.5537729999999998 0.388321 0.13790100000000013 0.22043800000000002
2 0.7051169999999999 0.535401 0.18386799999999995 0.590511
2 0.927147 0.3897809999999999 0.13616699999999998 0.3737229999999999
1 0.281657 0.21167899999999998 0.07588899999999996 0.10510900000000004
2 0.36036399999999996 0.209124 0.11101499999999999 0.14379599999999998
1 0.7573719999999999 0.208029 0.07588900000000016 0.15474499999999997
1 0.038595 0.277007 0.0763226 0.159854
2 0.474415 0.6956199999999999 0.21162200000000003 0.5999999999999999
1 0.143755 0.234307 0.101041 0.12116800000000001
2 0.288161 0.344891 0.11578500000000001 0.154015
2 0.320252 0.669708 0.205117 0.643066
2 0.8328270000000001 0.537226 0.13833500000000012 0.4729929999999999
2 0.084562 0.389051 0.169124 0.20291999999999996
1 0.45014353859496964 0.27305985401459854 0.09481266261925413 0.18301605839416057
