0 0.6373125764818356 0.36457500382555474 0.05424653919694073 0.17827100229533283
0 0.719168 0.307957 0.05592729999999996 0.123183
0 0.44431200000000004 0.42846199999999995 0.08365199999999996 0.18209600000000006
0 0.878107 0.443764 0.06787759999999998 0.28462100000000007
0 0.537763 0.3397089999999999 0.07361379999999987 0.14843199999999998
0 0.941922 0.345065 0.0664436 0.13771999999999993
0 0.48948400000000003 0.298776 0.06787760000000004 0.18898199999999998
0 0.800908 0.397093 0.058795400000000005 0.183627
0 0.205545 0.395562 0.0812619 0.183627
0 0.38456 0.410865 0.06357550000000001 0.20810999999999996
0 0.22442599999999996 0.749044 0.13527700000000004 0.3687830000000001
0 0.592734 0.521423 0.09369019999999995 0.24407000000000004
0 0.421128 0.587223 0.08986620000000005 0.17215000000000008
0 0.328872 0.8144610000000001 0.16156800000000002 0.3634280000000001
