1 0.728571 0.282041 0.09601869999999996 0.18188800000000002
1 0.216628 0.227168 0.127869 0.19954000000000002
1 0.341218 0.247889 0.11569100000000003 0.15656200000000006
2 0.5533960000000001 0.240215 0.09882900000000004 0.19186500000000006
1 0.12107699999999999 0.6285500000000002 0.24028099999999997 0.7306220000000001
2 0.790398 0.534536 0.21311499999999986 0.39217199999999997
2 0.890398 0.417882 0.15550400000000006 0.3138909999999999
1 0.360187 0.65848 0.29789199999999993 0.67076
1 0.499063 0.438219 0.227166 0.3683810000000001
1 0.670726 0.7436679999999999 0.325059 0.511128
1 0.433825468384075 0.16910702609363007 0.05450737704918033 0.1420207904834996
