1 0.14194 0.36163900000000004 0.242775 0.347981
2 0.609184 0.300475 0.14193999999999993 0.2707840000000001
2 0.256904 0.266627 0.15671199999999996 0.248219
2 0.12170800000000001 0.574822 0.236994 0.37292200000000003
2 0.720295 0.627078 0.3127809999999999 0.427553
2 0.4537570000000001 0.671615 0.3564550000000001 0.58076
2 0.45052151573538857 0.3214287410926365 0.16791136801541426 0.2317790973871734
1 0.9121268464996788 0.3513913301662707 0.15360500963391138 0.33967814726840856
1 0.5146548233782916 0.16617887767220904 0.09026276172125883 0.19180138954869358
1 0.3198776493256262 0.13469952494061757 0.09818047527296081 0.1991211401425178
