1 0.7814030000000001 0.351714 0.08319739999999995 0.11922500000000001
2 0.6533439999999999 0.371088 0.0913539999999999 0.12220600000000004
1 0.58279 0.42921 0.11990199999999994 0.18181799999999998
1 0.9245509991843393 0.8518571087928466 0.147635 0.290610998509687
1 0.9384180000000002 0.64456 0.12316500000000015 0.21311499999999997
1 0.809543 0.688525 0.21941300000000014 0.307004
2 0.683116 0.529061 0.14926600000000012 0.20864400000000005
1 0.064845 0.741431 0.12969 0.2608049999999999
2 0.953099 0.487332 0.09380099999999994 0.16691500000000004
1 0.683524 0.529061 0.14844999999999997 0.2116240000000001
1 0.277325 0.719821 0.257749 0.283159
1 0.107667 0.4068550000000001 0.120718 0.15201200000000006
1 0.2747190048939641 0.5573926974664679 0.1937936378466558 0.2587555886736215
1 0.08252202283849919 0.5603114754098361 0.13948939641109298 0.2373532041728763
1 0.8374668556280588 0.5233464977645305 0.14374818107667212 0.20233532041728763
1 0.15385522022838502 0.3565156482861401 0.06891435562805873 0.10395230998509686
1 0.03525856443719413 0.3557831594634873 0.07051712887438825 0.1317719821162444
1 0.5933849306688418 0.3184482935916543 0.1001665171288744 0.13616451564828613
1 0.5104473898858075 0.37188897168405366 0.09455709624796085 0.17569448584202682
1 0.4807981239804242 0.3294292101341282 0.07211990212071778 0.1229865871833085
1 0.9491749592169657 0.33748211624441127 0.09856362153344209 0.15373323397913563
2 0.22241694535073409 0.4737587034277198 0.1684619494290375 0.18723371087928464
1 0.45337320146818927 0.2879432712369598 0.05900074225122349 0.09929080476900148
1 0.8648246044045678 0.4177307898658718 0.11800157422512235 0.1319154694485842
