1 0.48924699999999993 0.390045 0.11612900000000002 0.15203599999999998
1 0.408065 0.353846 0.07096769999999998 0.132127
1 0.731452 0.577376 0.14139799999999986 0.23167399999999996
1 0.185484 0.354751 0.10430100000000002 0.14298599999999995
1 0.31720400000000004 0.51629 0.17204300000000006 0.243439
1 0.46129 0.48733 0.14408599999999994 0.20180999999999988
1 0.585215 0.38778300000000004 0.08225809999999997 0.14027100000000006
1 0.11955286290322582 0.468778 0.16706372580645162 0.2117649954751131
1 0.780914 0.4181 0.1263440000000001 0.16470600000000002
1 0.21666699999999994 0.755204 0.27741899999999997 0.37737599999999993
1 0.5836020000000001 0.722172 0.19838700000000006 0.5321269999999999
1 0.07373421505376343 0.3333331628959276 0.09690791397849462 0.13616987330316743
1 0.2683920053763441 0.33191506787330316 0.051403086021505374 0.08794361990950227
1 0.2620720994623656 0.4347519773755656 0.13314289784946237 0.18581600904977377
1 0.33032867741935484 0.38936163348416286 0.07921146236559139 0.12056723076923076
1 0.6648708709677419 0.4418443438914027 0.11628944086021506 0.1773049773755656
