1 0.9503700000000002 0.503914 0.09926079999999997 0.21982999999999997
1 0.2738759151707145 0.3862426712328767 0.12984983104540654 0.16084799086757992
1 0.939282 0.34214 0.09750090000000013 0.20287000000000002
1 0.2678629989440338 0.46277285061969997 0.1492429989440338 0.27601930854533596
1 0.738648 0.362361 0.08201339999999993 0.23026700000000003
1 0.6733539999999999 0.56621 0.1450189999999999 0.21917799999999998
1 0.906547 0.301044 0.06159800000000015 0.12850599999999998
1 0.642907 0.351272 0.11087600000000002 0.19243299999999997
1 0.642731 0.431181 0.11826799999999998 0.183953
1 0.398627 0.575995 0.13622000000000006 0.21265500000000004
1 0.7863429999999999 0.48206099999999996 0.13798 0.28179999999999994
1 0.8562129999999999 0.361383 0.08342129999999988 0.17742999999999995
1 0.159979 0.345401 0.11158 0.17416799999999996
1 0.047342499999999996 0.77332 0.09398099999999998 0.42596199999999995
1 0.423794 0.44520499999999996 0.14009200000000002 0.1898239999999999
1 0.37891600000000003 0.74788 0.17493800000000007 0.471624
1 0.05279830000000001 0.474234 0.10418900000000002 0.238748
1 0.172826 0.738095 0.18937 0.5068489999999999
2 0.6770499999999999 0.752772 0.16015499999999996 0.469667
1 0.0904611 0.406067 0.11193200000000002 0.15720800000000004
1 0.19289 0.29876100000000005 0.07954949999999998 0.13829100000000005
1 0.885242168250616 0.7532941943900848 0.20146075325589582 0.48169863013698627
1 0.8741816033086941 0.6105417482061317 0.19198033438929954 0.30161056751467713
1 0.45980447025695187 0.3235727332028702 0.09954558254135869 0.16691063274624918
