0 0.780395 0.379656 0.062310000000000164 0.1346700000000001
0 0.367021 0.313754 0.05015199999999998 0.23209199999999996
0 0.3943769999999999 0.641834 0.113982 0.31518599999999997
0 0.741641 0.3839540000000001 0.10334300000000005 0.1489970000000001
0 0.652736 0.378224 0.08358660000000008 0.183381
0 0.794073 0.505731 0.0896657 0.23209200000000002
0 0.572948 0.3868190000000001 0.06990879999999991 0.20630400000000004
0 0.558511 0.296562 0.059270499999999955 0.20916899999999997
0 0.907295 0.465616 0.07598780000000008 0.16905399999999998
0 0.134498 0.19913999999999998 0.04407289999999998 0.163324
