1 0.191521 0.620143 0.06313890000000001 0.156442
1 0.288936 0.4708590000000001 0.05592300000000004 0.08486710000000007
1 0.440168 0.458078 0.0529164 0.08384460000000002
2 0.325015 0.503067 0.06674680000000002 0.10020399999999992
1 0.609741 0.613497 0.0697535 0.1349689999999999
1 0.289537 0.600205 0.0980156 0.13087899999999994
2 0.31058299999999994 0.81135 0.12206899999999996 0.24642099999999997
1 0.570655 0.505112 0.05892959999999995 0.09202449999999998
1 0.241732 0.551125 0.07817200000000002 0.10633899999999996
2 0.653337 0.714724 0.11846099999999998 0.20654400000000003
2 0.45790699999999995 0.775051 0.12928400000000004 0.19222899999999998
1 0.359892 0.6702450000000001 0.09200240000000004 0.1728019999999999
2 0.3840613349368611 0.5240521472392639 0.04972218881539387 0.10058282208588958
1 0.6772510523150933 0.5160352760736197 0.0514365604329525 0.12244887525562372
1 0.89757291942273 0.603545981595092 0.07340737823211065 0.1290777709611452
1 0.23721797955502108 0.7101022494887526 0.1093523752254961 0.1815521472392638
1 0.4778800360793746 0.5197653374233129 0.055107035478051715 0.0907760736196319
