1 0.0899594 0.483042 0.10446899999999999 0.20021900000000004
0 0.801509 0.491247 0.0870575 0.15754899999999997
1 0.0940221 0.381838 0.10563 0.21663
1 0.21067899999999998 0.42888399999999993 0.10214699999999996 0.3369799999999999
1 0.523796 0.507112 0.12362199999999995 0.22428899999999996
1 0.12072000000000001 0.305252 0.06616369999999998 0.113786
1 0.355775 0.215536 0.05571680000000005 0.0940919
1 0.581544 0.19256 0.048752199999999954 0.0940919
1 0.729541 0.682166 0.11955899999999997 0.4234139999999999
2 0.800638 0.49015299999999995 0.08647710000000002 0.15754900000000002
1 0.68166 0.516958 0.11549600000000004 0.386214
1 0.406558 0.292123 0.06906560000000006 0.122538
1 0.548172 0.710066 0.12362199999999995 0.3741790000000001
2 0.357806 0.521882 0.12478200000000007 0.20131300000000002
1 0.347069 0.722648 0.155543 0.43435399999999985
2 0.798317 0.749453 0.14219400000000001 0.38074399999999997
1 0.43789900000000004 0.769694 0.14103300000000002 0.34463899999999986
1 0.6166906558328497 0.4781340426695842 0.08583401044689495 0.3673467943107221
1 0.40751857225769006 0.1836734135667396 0.04948984329657574 0.09912582056892778
1 0.4631947185142194 0.2427117067833698 0.06959547301218805 0.10058315098468272
1 0.1798331572838073 0.28794300328227573 0.06771964016250726 0.13333281181619255
1 0.45108759721416136 0.2014182549234136 0.06546248403946604 0.09929040481400438
2 0.45974085896691813 0.31347517505470457 0.09179744631456761 0.14184396061269144
