2 0.472884 0.381356 0.1293209999999999 0.29074300000000003
2 0.395709 0.647327 0.152563 0.405476
2 0.8697849999999999 0.34745799999999993 0.1471990000000001 0.4550199999999999
1 0.728248 0.70013 0.18236000000000002 0.5971319999999999
1 0.374255 0.5162970000000001 0.18951099999999993 0.4224250000000001
2 0.27354 0.840939 0.21930899999999995 0.31290700000000005
2 0.12723500000000001 0.376793 0.16984500000000002 0.552803
1 0.0443981 0.12581500000000004 0.0887962 0.17079500000000003
2 0.425209 0.256845 0.13766400000000004 0.22946500000000006
1 0.49612600000000007 0.112125 0.07330149999999999 0.20860499999999998
2 0.573302 0.128422 0.0929678000000001 0.249022
1 0.9530059594755661 0.38921707953063883 0.08844815256257449 0.3618917861799218
2 0.4406419636471991 0.17611016949152544 0.12809747914183553 0.23583441981747066
2 0.9677327175208581 0.14777966101694917 0.06229856972586413 0.23430247718383312
2 0.6884374255065555 0.5390503520208605 0.13509773539928485 0.2725876923076923
