2 0.3891009999999999 0.462722 0.11281099999999998 0.2745560000000001
2 0.9467809974506055 0.5062613668639053 0.10388799872530274 0.22435672189349115
1 0.479924 0.421893 0.08413000000000005 0.16686400000000004
2 0.257489 0.405917 0.11089899999999998 0.24378699999999998
2 0.579669 0.7295860000000001 0.250478 0.370414
2 0.428617 0.326627 0.08476740000000008 0.10887599999999995
2 0.367113 0.7603549999999999 0.29317999999999994 0.4745559999999999
2 0.853728 0.7071010000000001 0.21606100000000011 0.5810650000000002
2 0.174952 0.365089 0.0732951 0.14556199999999997
2 0.10707500000000002 0.637278 0.20267700000000002 0.39644999999999997
2 0.878266 0.38461500000000004 0.09050350000000006 0.11597599999999997
2 0.265774 0.584615 0.18610599999999997 0.28165700000000005
2 0.3422335882727852 0.3872342189349113 0.05805799872530274 0.10212801183431952
1 0.08594043021032505 0.5014184378698224 0.16118606118546844 0.197163124260355
