2 0.6846229999999999 0.22286199999999998 0.07008370000000012 0.13651299999999997
1 0.7076359999999999 0.134046 0.07217570000000001 0.11348700000000002
2 0.671025 0.38322400000000006 0.10564900000000013 0.20723700000000003
1 0.791841 0.1875 0.08995820000000018 0.15460500000000002
2 0.5925730000000001 0.5748360000000001 0.13075299999999992 0.5180920000000001
2 0.39853599999999995 0.317434 0.10041800000000002 0.365132
2 0.24738500000000002 0.287007 0.09309620000000005 0.195724
2 0.562239 0.26398 0.08472799999999985 0.162829
2 0.129184 0.33634900000000006 0.09728029999999999 0.20230300000000004
2 0.48587899999999995 0.414474 0.10355599999999998 0.38157899999999995
1 0.1511022018828452 0.12907810855263158 0.046006893305439334 0.11347536184210527
1 0.17726359832635982 0.17446792763157895 0.05322384937238493 0.13616940789473683
1 0.2219175470711297 0.2127660279605263 0.08840622384937238 0.1531916282894737
1 0.36941166841004186 0.11134755756578947 0.04239865062761506 0.11489370065789473
1 0.3364848221757322 0.15673759046052632 0.0721684309623431 0.1347517927631579
1 0.48442980648535566 0.07730504934210526 0.04871360878661088 0.12056753289473683
1 0.3427991631799163 0.04042516447368421 0.03067154811715481 0.07801480263157895
1 0.470447379707113 0.12198556743421053 0.08389603556485356 0.13049597039473684
1 0.6156857792887029 0.15602833059210525 0.08569957112970712 0.15035452302631577
1 0.6445532479079498 0.2326241447368421 0.09472091004184101 0.17588644736842104
1 0.825425088912134 0.17163120888157896 0.05773465481171548 0.12198580592105264
1 0.8831600418410042 0.28156003289473686 0.09201464435146443 0.12056743421052633
1 0.5800528242677825 0.05319161184210526 0.05051778242677824 0.0950345394736842
1 0.08434675732217574 0.17092199013157894 0.056831589958159 0.10638299342105262
