1 0.518634 0.113036 0.047619 0.120462
1 0.714803 0.138614 0.063147 0.10891099999999998
2 0.59265 0.589934 0.12318800000000009 0.5099009999999999
2 0.593685 0.43646900000000005 0.11697699999999986 0.19967000000000001
2 0.6118010000000002 0.184818 0.0724638 0.10891099999999998
1 0.6796927173913043 0.5201740264026402 0.12128943064182195 0.48589306930693066
2 0.399068 0.323432 0.10248400000000002 0.359736
2 0.571429 0.276403 0.1055900000000001 0.13696399999999995
2 0.48136599999999996 0.429868 0.10765999999999991 0.38118799999999997
1 0.08942786749482402 0.1801418481848185 0.05605937888198758 0.08794326732673267
1 0.17396169772256728 0.1765961303630363 0.06673706004140788 0.14326318481848185
1 0.42622774327122154 0.05035478547854785 0.04271221532091097 0.09503630363036303
1 0.7732612111801243 0.28723363861386136 0.09432159420289855 0.14893536303630361
1 0.8800403726708075 0.2652483498349835 0.08720289855072463 0.130496699669967
1 0.7826041563146998 0.18794314356435643 0.07741535196687371 0.16312031353135314
1 0.8115235144927535 0.1631206518151815 0.04805116977225673 0.10780160066006601
