1 0.40506300237341775 0.4717804775280899 0.1376579984177215 0.3204840449438202
1 0.5462820015822785 0.3660798033707865 0.07357599683544304 0.15267241573033707
2 0.04225696598101266 0.43198981039325834 0.08162526107594936 0.13321037921348314
1 0.830301 0.48103900000000005 0.163766 0.34691000000000005
1 0.43039196993670886 0.372093672752809 0.06647993670886077 0.1518796488764045
1 0.5619075474683545 0.49295969803370787 0.12698009493670886 0.19104759831460674
1 0.6986042840189873 0.6166666643258427 0.17241143196202532 0.525641025280899
1 0.2796680023734177 0.42616692415730334 0.10996799841772152 0.2600261516853933
1 0.12818471914556961 0.39487213483146066 0.10326980221518987 0.2743596629213483
1 0.47265886867088613 0.3647437851123596 0.0570509335443038 0.1602568117977528
1 0.9287082713607596 0.45384620786516855 0.13143472310126583 0.30769241573033707
1 0.9626502768987341 0.4288462991573034 0.07366147151898733 0.216666952247191
1 0.1830696716772152 0.40897414325842696 0.061384390822784816 0.12051238764044944
