2 0.6623081926406926 0.4527619680851063 0.1587896176046176 0.25937007978723403
1 0.1471859956709957 0.5092948736702128 0.17027399711399713 0.23141025265957446
1 0.509019 0.381649 0.05844160000000007 0.140957
1 0.621934 0.363697 0.07070709999999986 0.12367000000000004
2 0.28574421356421353 0.40427240691489363 0.1096095670995671 0.1675191755319149
2 0.5631309992784993 0.45805370345744684 0.117605 0.19559458776595745
1 0.06664815295815296 0.44348400265957444 0.12355789321789322 0.20079800531914893
1 0.8600290007215008 0.7320510372340425 0.2799419985569986 0.5358969414893617
2 0.44155800000000006 0.662234 0.22510800000000009 0.5
2 0.8023089999999999 0.41555900000000007 0.12842700000000007 0.16356400000000007
2 0.295455 0.5310693085106383 0.18254 0.2570103989361702
1 0.38884090909090907 0.45512839095744684 0.07512481962481962 0.20769268617021278
1 0.4472713672438672 0.3775641223404255 0.06399550505050505 0.11923079787234042
1 0.8851518759018757 0.3769230119680851 0.08834126984126985 0.14871780585106384
