1 0.77118 0.18586880833333333 0.07442600158353127 0.13492938333333332
2 0.5874627870150435 0.68 0.2533095803642122 0.64
2 0.08574605304829772 0.39037306666666666 0.13543171021377673 0.5233458666666667
2 0.4309113262074426 0.2921492916666667 0.12864865399841646 0.28056628333333333
2 0.7214544022169438 0.68 0.22255034045922406 0.623333
2 0.30799699920823437 0.6064416083333333 0.2058590023752969 0.7778767833333333
2 0.7046709976247031 0.24139631666666664 0.12509900237529692 0.23054036666666666
1 0.21368486935866982 0.48455557499999996 0.1412335866983373 0.65250885
2 0.6196561124307205 0.20270286666666668 0.06786592240696754 0.2715576
2 0.7975739152810768 0.5984559583333333 0.14734781472684086 0.6821114166666666
2 0.5881935233570863 0.18687958333333335 0.08799300079176564 0.21940416666666668
