1 0.08430708803005904 0.29294871389891697 0.08474062801932368 0.1294871750902527
1 0.918411 0.628159 0.16317800000000002 0.28700400000000004
1 0.9439080000000001 0.48736500000000005 0.11218500000000015 0.21299600000000007
1 0.8242080032206118 0.46983469765342956 0.07568440150295223 0.170438619133574
1 0.0950602576489533 0.5115384611913357 0.14589628556092324 0.22564101985559568
1 0.16699841921631775 0.4012820532490975 0.10830075684380032 0.19743589350180507
1 0.565486 0.512184 0.11218499999999997 0.4341159999999999
1 0.761406 0.574007 0.14975800000000006 0.305054
1 0.12506699946323135 0.3046538898916967 0.09983900161030596 0.1452052166064982
1 0.462448166935051 0.3493589620938628 0.1075105367686527 0.2064102346570397
1 0.3518876489533011 0.4467946525270758 0.12276039720880301 0.2038457129963899
