2 0.963094996031746 0.4024469366197183 0.0738095 0.16130412676056338
1 0.14911956349206348 0.3519230704225352 0.10776412698412699 0.25
1 0.49007900000000004 0.40448718309859155 0.119841 0.3269230704225352
1 0.03611109920634921 0.4173621267605634 0.07063489682539682 0.2037372676056338
2 0.378968 0.512676 0.18492099999999997 0.242254
1 0.922222 0.4863575774647887 0.149206 0.2093361408450704
1 0.795635 0.45845100000000005 0.16587299999999994 0.373239
1 0.6994355119047619 0.35623864084507045 0.1052193253968254 0.2227337042253521
1 0.6469322341269842 0.6412243450704225 0.20733618253968253 0.6978333098591549
2 0.15912700000000002 0.4746389718309859 0.15317499999999998 0.17491895774647886
1 0.4316494206349207 0.32307686619718307 0.06574084126984127 0.18461528169014085
