2 0.03715925296442688 0.42881795292439373 0.07193679841897234 0.18972900142653354
1 0.133992 0.364479 0.0656127 0.11840200000000002
1 0.293676 0.428673 0.101976 0.19828799999999996
2 0.292885 0.42724699999999993 0.101976 0.19828799999999996
1 0.0604743 0.394437 0.06719369999999998 0.13266800000000004
2 0.242688 0.368046 0.06956520000000005 0.108417
1 0.436364 0.368759 0.06324109999999988 0.10984300000000004
1 0.594862 0.380884 0.07035569999999994 0.12553499999999992
2 0.16087 0.4821179029957204 0.14940700395256917 0.17678981455064194
2 0.9533599999999999 0.4364706062767475 0.08853759683794467 0.13704378031383738
2 0.792095 0.53709 0.15968400000000002 0.2353780000000001
2 0.682609 0.42368 0.114625 0.15121299999999988
2 0.37509899999999996 0.522825 0.18735199999999994 0.24964300000000003
2 0.49051399999999995 0.48858799999999997 0.13833999999999988 0.22111299999999998
1 0.9166010000000001 0.50214 0.15415000000000015 0.19971500000000003
2 0.66917 0.710414 0.23320199999999994 0.507846
1 0.5125891264822134 0.3910254065620542 0.06038854545454545 0.15128156918687588
1 0.7463267470355731 0.4019230385164051 0.07033464822134387 0.132051212553495
1 0.3459163794466403 0.39043241797432243 0.062427225296442686 0.1080253209700428
