2 0.839874 0.615646 0.15280000000000002 0.22449000000000005
1 0.363161 0.515549 0.08267919999999997 0.17006800000000008
1 0.10246933804290947 0.8602564091350826 0.19727900052328626 0.2794871817298348
1 0.8393510000000001 0.616132 0.15175299999999997 0.22351800000000005
1 0.2885601569858713 0.6991628474246842 0.2347140031397174 0.5880692905733722
1 0.028780698587127156 0.646998566569485 0.05756150183150183 0.23758687074829932
2 0.6852430010465725 0.7583556268221574 0.17844099947671374 0.29610925170068025
1 0.41129193092621663 0.7017830272108844 0.10049313448456305 0.3010019533527697
1 0.0525903008895866 0.4344137317784257 0.10518099947671376 0.1457505344995141
1 0.09157510204081633 0.656385840621963 0.15280000000000002 0.25379731778425657
2 0.479592 0.56657 0.128205 0.23517999999999994
2 0.865254 0.790087 0.18367300000000006 0.27794
1 0.7307198011512297 0.5006408746355685 0.12080843537414966 0.1910253449951409
1 0.7079389769754055 0.5916665549076774 0.14289964939822083 0.2192305442176871
