1 0.37568899999999994 0.43662 0.09848489999999996 0.16034700000000005
1 0.614325 0.408451 0.10055100000000007 0.1343449999999999
1 0.8343659986225894 0.4447366576381365 0.08884300275482095 0.14844768147345613
1 0.38395299999999993 0.670098 0.1673550000000001 0.5384620000000001
1 0.699036 0.72481 0.15426999999999993 0.5438789999999999
1 0.9449039999999999 0.528169 0.10881499999999998 0.2134340000000001
1 0.181474 0.410618 0.11914600000000002 0.21451799999999993
1 0.270317 0.633803 0.14531700000000006 0.507042
1 0.17807036157024791 0.301923255687974 0.09535101239669422 0.10128241603466956
1 0.2954258505509642 0.258974360780065 0.04482323002754821 0.08205127843986998
1 0.28727617079889806 0.28525640845070427 0.07090220385674931 0.0910256446370531
1 0.47634882920110194 0.2749998212351029 0.0431935261707989 0.06025604550379198
1 0.5386937568870523 0.28974340736728066 0.06682736225895317 0.09999964247020586
1 0.41155877066115704 0.29935879198266524 0.07008723829201102 0.096153488624052
1 0.47797865013774105 0.3083331527627302 0.06112258953168044 0.09358938244853737
1 0.8695705922865015 0.39935915492957746 0.08638636363636364 0.1448721560130011
1 0.5688475654269972 0.36602564463705306 0.08475665977961433 0.11923076923076922
1 0.48857323347107445 0.38717948537378116 0.08394168732782369 0.14871795232936078
1 0.5223943973829202 0.6269228981581798 0.14343434573002756 0.48717912242686895
1 0.7399907024793388 0.34102546045503784 0.08638636363636364 0.12051245937161431
1 0.9188594283746555 0.3645954875406283 0.05365579889807163 0.12661184182015167
1 0.7921717665289256 0.5111369393282774 0.08197464876033059 0.17819416034669555
