2 0.508368 0.443118 0.08507669999999991 0.1334269999999999
2 0.29463 0.42845002808988764 0.07461649930264994 0.15433595505617978
2 0.31257922942817296 0.6196886446629213 0.12100654811715482 0.25732599719101124
1 0.43061399581589965 0.3481635252808989 0.06345889818688982 0.2194039606741573
1 0.88947 0.500702 0.0676429999999999 0.304775
2 0.17162330543933055 0.5549733146067416 0.08353199442119945 0.35353637640449437
2 0.538354 0.593399 0.08507670000000007 0.155899
2 0.46861899930265 0.7488079494382024 0.14783799860529986 0.4771030898876405
2 0.630753 0.404494 0.09553699999999998 0.14044900000000007
2 0.7174463075313808 0.6488760042134832 0.1006723919107392 0.16292099719101125
2 0.619944 0.61236 0.09483960000000001 0.17415700000000012
2 0.780335 0.843399 0.14783799999999983 0.2879209999999999
1 0.22852351464435147 0.4214285674157303 0.07002131101813111 0.13516483146067415
2 0.34851414225941424 0.4448718820224719 0.09102750348675036 0.16923095505617977
1 0.38511607391910735 0.5532054494382023 0.08147914923291492 0.2858980898876404
2 0.8727176080892608 0.348076797752809 0.050924616457461644 0.10128179775280899
1 0.5569860076708508 0.2820512991573033 0.042012642956764296 0.10769234550561799
1 0.5159281729428173 0.2833332233146067 0.05028730822873082 0.10256389044943821
1 0.5671708960948396 0.35064071629213484 0.07129419107391911 0.1782045224719101
1 0.8077888737796375 0.3410255898876404 0.05856311715481172 0.10256398876404495
1 0.5595322559274757 0.3993588483146068 0.04455891910739191 0.11410252808988763
1 0.683660739191074 0.4320513693820225 0.07384030683403069 0.09487198033707865
2 0.7075314783821478 0.541666327247191 0.1190360669456067 0.2525634129213483
