0 0.5801827953296703 0.24192567357512956 0.038746826923076925 0.11718466321243523
0 0.44505500000000003 0.22578072538860103 0.046703296703296704 0.10284352331606218
0 0.8447799931318681 0.48242309585492227 0.05494509615384616 0.1802308031088083
0 0.148352 0.22538900000000003 0.043955999999999995 0.14507800000000004
0 0.5803221634615384 0.5971500000000001 0.08660938186813187 0.20466300518134717
0 0.6854400000000002 0.369171 0.07417579999999996 0.20466300000000007
0 0.78228 0.3886009999999999 0.05357139999999998 0.11917100000000004
0 0.7898350000000001 0.485721360103627 0.0741757967032967 0.20990427461139896
0 0.21877300824175824 0.38955779792746115 0.04871818681318681 0.1483463730569948
0 0.3537089972527473 0.30893750000000003 0.0535714010989011 0.117875
0 0.39629100000000006 0.340674 0.06730769999999993 0.17875600000000003
0 0.593407 0.313471 0.06043960000000007 0.170984
0 0.8997250000000001 0.46243499999999993 0.05494509999999998 0.14248699999999997
0 0.625 0.275907 0.03846149999999994 0.11658000000000002
0 0.733516 0.396373 0.060439599999999996 0.11399000000000004
0 0.4024730000000001 0.205959 0.041208800000000025 0.13212400000000002
0 0.4663460027472528 0.27999869170984454 0.048076895604395604 0.13948458549222797
0 0.30837899725274726 0.38177235751295335 0.05082420329670329 0.12764725388601036
0 0.4656589972527472 0.44047751295336784 0.07692310439560439 0.1553139896373057
0 0.2884619917582418 0.6699778886010362 0.10164799450549451 0.29850577720207255
0 0.5927199931318682 0.42816528497409323 0.06456039835164835 0.12812544041450777
0 0.3537089972527472 0.4604820466321244 0.07280219780219781 0.1671179274611399
0 0.12677678571428572 0.4121794170984455 0.06593818681318682 0.1346152590673575
0 0.4411700480769231 0.6692310621761658 0.12507748626373627 0.2461544559585492
0 0.6440810782967034 0.3403849093264249 0.037387293956043954 0.1038467616580311
