1 0.12622234467855215 0.5935897454931072 0.13683068611561316 0.3923076988335101
1 0.54403 0.535525 0.14370599999999994 0.2587489999999999
2 0.6345220016207456 0.39353053552492046 0.10966999999999999 0.15885593849416757
1 0.20837236898973527 0.17921500530222695 0.04829564019448947 0.1251330010604454
2 0.5372456564019449 0.5170672852598092 0.13121730956239872 0.2197115800636267
2 0.529984 0.352068 0.10372800000000001 0.19088000000000005
2 0.5821502485143165 0.18822900318133617 0.0696267963263101 0.1261930010604454
1 0.06819739870340356 0.7767760021208908 0.13531419232847108 0.4422060021208908
1 0.18867254997298757 0.38910256097560975 0.10563611021069692 0.27564102863202544
1 0.106159 0.341463 0.08049699999999999 0.176034
1 0.7341980010804969 0.31003342523860017 0.08752030253916801 0.27224084835630963
1 0.516478 0.255037 0.08427880000000001 0.14952299999999993
2 0.8576594921663966 0.5831163043478261 0.09781598055105348 0.3645366171792153
2 0.402755 0.513256 0.13776299999999994 0.22693499999999994
1 0.0359265 0.49469799999999997 0.071853 0.16648999999999994
1 0.602647 0.271474 0.07833599999999996 0.135737
2 0.9546466072393301 0.5349586956521739 0.08962678552133982 0.1750455991516437
2 0.9330361966504592 0.806777205726405 0.13392760669908158 0.3813174019088017
2 0.36872 0.8112409999999999 0.19827099999999998 0.3351010000000001
1 0.547002 0.7592790000000001 0.159373 0.30540799999999985
1 0.7121575445705025 0.7725339978791091 0.17157990815775256 0.2534460021208908
1 0.2736684819016748 0.1814102279957582 0.0744588222582388 0.132051230116649
1 0.24068450837385197 0.24679504772004243 0.07641812533765532 0.13974394485683986
1 0.886646393841167 0.40064128313891834 0.08948084819016748 0.14743641569459173
1 0.7076843219881146 0.20192313361611877 0.05813000540248515 0.1064103605514316
1 0.7729990302539168 0.21410274125132556 0.03853570502431118 0.10512855779427359
1 0.4496914478660184 0.18012809650053022 0.07119300918422473 0.11923055143160127
1 0.43172978660183686 0.2435901378579003 0.08229623446785521 0.16153870625662778
1 0.42062638303619665 0.35192311770943796 0.12148521339816316 0.22435949098621422
1 0.6691486790923824 0.5179489607635207 0.13650761210156673 0.21025690349946977
