1 0.9579019999999999 0.20426099999999997 0.08419499999999995 0.273183
1 0.779173 0.17669199999999996 0.10487399999999987 0.263158
1 0.8323314032496308 0.2631579949874687 0.2067950073855244 0.310776992481203
1 0.7886376514032496 0.6384612907268171 0.42272469719350075 0.7230764160401003
1 0.521418 0.131579 0.12112300000000008 0.23308300000000004
1 0.22304299852289514 0.1673319298245614 0.1063519940915805 0.21671513784461152
1 0.12629200147710487 0.41725 0.24963100443131464 0.5088589974937343
1 0.3161000073855244 0.6152882456140351 0.39881800590841954 0.7694235087719298
1 0.607829 0.37594000000000005 0.2968980000000001 0.380952
1 0.12505135893648447 0.27179448621553887 0.24859152141802068 0.376922305764411
1 0.3184838700147711 0.15705137844611528 0.18058776957163958 0.26281954887218045
