1 0.3664240000000001 0.489871 0.11330600000000003 0.26150999999999996
1 0.7676719999999999 0.37477 0.08004159999999988 0.15285499999999996
1 0.4662121777546777 0.34697986187845303 0.07173423076923077 0.12483220994475137
1 0.08004160000000002 0.465009 0.155925 0.26703499999999997
1 0.6377339999999999 0.35175 0.08004159999999988 0.12154699999999996
1 0.8591479999999999 0.69337 0.19438700000000006 0.5506449999999999
1 0.6440292255717256 0.5540227992633517 0.20905745322245323 0.33088058931860037
1 0.3165279999999999 0.38674 0.09043659999999996 0.19521199999999994
1 0.239605 0.6160220000000001 0.20062400000000002 0.4806630000000002
1 0.9277549999999999 0.471455 0.1299379999999999 0.2578269999999999
1 0.112266 0.7541439999999999 0.220374 0.45856399999999997
1 0.727651 0.434622 0.12058199999999995 0.20626200000000008
1 0.4927230000000001 0.7007369999999999 0.24324299999999996 0.5837939999999999
1 0.10644992723492724 0.3899327808471455 0.08106825363825364 0.2295303867403315
1 0.13486174636174636 0.3328858195211786 0.07576507276507276 0.15839042357274402
1 0.9158343503118503 0.39835195211786373 0.1060672661122661 0.1835170902394107
