1 0.8618095666917859 0.6955444316546762 0.20102287113790504 0.5392908776978418
1 0.46646599999999994 0.202158 0.06028639999999995 0.128058
1 0.379544133383572 0.5991561223021582 0.1513756819894499 0.4873417697841727
1 0.155991 0.473381 0.12509400000000004 0.233094
1 0.6230850037678975 0.4477848129496403 0.15046400904295404 0.26054853237410075
1 0.655991 0.333813 0.12886200000000006 0.210072
1 0.7132629999999999 0.176978 0.0655614 0.11798599999999998
1 0.515072004521477 0.30155238129496403 0.11379100226073852 0.18538323741007195
1 0.8049639449886964 0.1925105467625899 0.0795971137905049 0.10864978417266187
1 0.156368003014318 0.2310556978417266 0.08515449886963075 0.13932658992805755
1 0.8243647061039939 0.35395700719424456 0.11142721175584025 0.22446
1 0.42727999999999994 0.234532 0.07837230000000006 0.14100700000000002
1 0.23936871514694802 0.39779845323741003 0.124555425772419 0.19433109352517988
1 0.4079959495101733 0.452531654676259 0.12541013564431047 0.29746906474820145
1 0.571249977392615 0.5912449064748202 0.2265113489073097 0.4799574388489209
1 0.6817430293896006 0.2389244604316547 0.10054860587792012 0.1740503597122302
1 0.500135881688018 0.1666665323741007 0.04120977392614921 0.10157341007194244
