1 0.714882 0.375364 0.06684070000000004 0.17846799999999996
1 0.435509 0.469932 0.10652700000000004 0.19689599999999993
1 0.8516970000000001 0.275461 0.06057439999999991 0.106693
1 0.918799 0.473812 0.1060049999999999 0.158099
1 0.11984300261096606 0.6081010572259942 0.09451700261096606 0.4433114839961203
1 0.806789 0.332202 0.06579629999999996 0.11348199999999997
1 0.322193 0.50582 0.09190600000000002 0.175558
1 0.632777318537859 0.5008914064015519 0.10235 0.13676
1 0.385379 0.787585 0.15456899999999996 0.35111500000000007
1 0.5835509999999999 0.286615 0.05378590000000009 0.09020369999999998
1 0.9389029999999999 0.391853 0.07624019999999997 0.14548999999999998
1 0.822715 0.589234 0.12689299999999992 0.24733299999999997
1 0.292428 0.6110570000000001 0.09608359999999999 0.242483
1 0.8919059999999999 0.78807 0.15247999999999998 0.32880700000000007
1 0.762924 0.4675069999999999 0.10443899999999987 0.18622699999999998
1 0.0887728 0.403007 0.08563970000000001 0.150339
1 0.8975428772845953 0.3315436905916586 0.06937493472584857 0.11543638215324928
1 0.6655693577023498 0.28791949563530556 0.04769574934725849 0.11141028128031039
1 0.7728840731070495 0.2724835111542192 0.05275404699738903 0.1154364694471387
1 0.26268675195822455 0.28255043646944716 0.049863321148825065 0.14093986420950533
1 0.22366306266318536 0.3329425945683802 0.07154327415143603 0.1638716100872939
1 0.18969804438642296 0.29060378273520854 0.04697279895561358 0.11677885548011639
1 0.6836357702349869 0.5885906886517943 0.1170710182767624 0.2295305528612997
1 0.41372425065274154 0.5933545101842871 0.11755816187989557 0.2795354025218235
2 0.8106524804177546 0.2510727740058196 0.04544281984334204 0.10729577109602327
1 0.6912690939947782 0.3283260814742968 0.05468544647519582 0.12732455868089235
