1 0.9421294982206406 0.5290345279912185 0.11574100355871886 0.505048924259056
1 0.525267 0.6547749999999999 0.15800699999999998 0.332602
1 0.6626330000000001 0.584522 0.15089000000000008 0.36772800000000005
1 0.770107 0.16685000000000003 0.07686829999999979 0.16026300000000002
1 0.651601 0.268935 0.08754449999999991 0.283205
1 0.501423 0.412733 0.12028499999999996 0.22173400000000004
1 0.600712 0.133919 0.059786499999999985 0.14050499999999996
1 0.0565836 0.619649 0.11031999999999999 0.277717
1 0.390747 0.259056 0.10533800000000004 0.204171
1 0.219217 0.21624599999999997 0.06405689999999997 0.15806799999999996
1 0.84911 0.255763 0.07829179999999995 0.173436
1 0.896797 0.239297 0.07971529999999996 0.15806800000000001
1 0.5636506975088968 0.37541199780461026 0.08246239145907473 0.21295299670691548
1 0.12334480071174377 0.2561818660812294 0.07786479003558719 0.14898748627881447
1 0.23024899999999998 0.516465 0.10889699999999995 0.262349
1 0.559786 0.182217 0.09181499999999995 0.21953899999999998
1 0.286833 0.30515900000000007 0.105338 0.19099900000000003
1 0.720641 0.18331500000000003 0.10604999999999995 0.17124000000000003
1 0.302847 0.18990099999999996 0.09181499999999995 0.18441299999999994
1 0.388256 0.779363 0.23701099999999994 0.406147
1 0.368683 0.43468700000000005 0.11103200000000003 0.250274
1 0.10705112455516015 0.535570428100988 0.10618054092526691 0.3167786169045006
1 0.7715508896797153 0.30536937431394073 0.10357010676156583 0.17852360043907792
1 0.9377846797153025 0.2268457738748628 0.06527469750889679 0.1798649835345774
1 0.7701899039145909 0.6837602250274424 0.17569653380782918 0.6238958616904501
1 0.18273893950177933 0.329756800219539 0.10203696797153025 0.20457796926454447
1 0.046380380782918146 0.2432046926454446 0.0871951103202847 0.17167403951701427
1 0.05009110320284697 0.35193126783754114 0.0964711743772242 0.2889843798024149
