1 0.3741278268551237 0.3393230021141649 0.09658420494699646 0.18393200845665963
1 0.68139 0.280127 0.07420489999999995 0.13742100000000004
1 0.8916369999999999 0.468288 0.11542999999999992 0.1839320000000001
1 0.281508 0.358351 0.11542999999999999 0.19238900000000003
1 0.2237929976442874 0.29934344608879493 0.08244990577149588 0.18666972515856237
1 0.07604445229681979 0.36752101479915433 0.09319611307420496 0.1938170401691332
1 0.687279 0.393235 0.0954063999999998 0.173362
1 0.105418 0.768499 0.206125 0.44608899999999996
1 0.5965795053003534 0.18955633192389007 0.05180683156654888 0.12160192389006343
1 0.1370899234393404 0.3369101902748414 0.06216806831566549 0.19885615221987316
