1 0.0667808 0.497024 0.11758000000000002 0.232143
1 0.591324 0.49007900000000004 0.07990870000000005 0.3809520000000001
1 0.163242 0.33631 0.05479450000000004 0.12103200000000004
1 0.838982796803653 0.38392898809523807 0.08435858447488585 0.23611099206349206
1 0.406963 0.6061509999999999 0.17237400000000005 0.462302
2 0.688927 0.699405 0.199772 0.34722199999999986
1 0.12328799999999998 0.387897 0.08219180000000001 0.14087300000000005
1 0.7876710000000001 0.558532 0.12328800000000008 0.29166699999999995
2 0.284247 0.718254 0.16666700000000004 0.511905
1 0.9035576484018264 0.7651010119047619 0.18380022831050227 0.4214758333333333
1 0.6691754223744291 0.42274673611111113 0.059263310502283104 0.3018597023809524
