1 0.504492 0.417039 0.07148439999999993 0.20610099999999998
1 0.215625 0.47879500000000014 0.0703125 0.21205400000000002
1 0.650195 0.427827 0.08242189999999994 0.172619
2 0.825 0.512277 0.11718800000000015 0.18824400000000002
1 0.31543 0.474702 0.09570310000000001 0.236607
1 0.5810549999999999 0.453869 0.10898399999999997 0.22470200000000012
1 0.277148 0.388021 0.06914059999999997 0.18377999999999992
1 0.3746090000000001 0.384301 0.06562500000000004 0.151042
1 0.673633 0.606399 0.11523400000000006 0.27827399999999997
1 0.369141 0.71875 0.13593699999999992 0.47172599999999987
1 0.505664 0.707589 0.15507800000000005 0.522321
1 0.42207 0.455729 0.09648440000000007 0.17782700000000012
1 0.76197612109375 0.5151778459821429 0.1208262421875 0.23124768601190476
1 0.14204905859375 0.5901897321428571 0.1257120390625 0.756328869047619
1 0.417009375 0.299578125 0.04319609375 0.10126636904761906
1 0.4560521484375 0.3317511123511905 0.057041015625000004 0.12552753720238097
1 0.24920878906250002 0.3417721279761905 0.056487109375 0.12658223214285713
1 0.386426953125 0.26967094866071434 0.038304687500000004 0.10443488839285714
1 0.485944140625 0.3061516629464286 0.0405578125 0.10014310267857143
1 0.5441522968749999 0.3068669680059524 0.04281103125 0.08726755208333332
