1 0.517386 0.306794 0.05395679999999994 0.08704880000000001
1 0.670863 0.661359 0.09952040000000012 0.20594499999999996
1 0.467026 0.288747 0.05875299999999999 0.127389
1 0.78777 0.457537 0.08633090000000011 0.13800399999999996
1 0.2709830035971223 0.2869617622080679 0.05995200239808153 0.10258653927813163
1 0.3447239999999999 0.38110399999999994 0.07793759999999993 0.10403399999999999
1 0.581535 0.7569 0.13189399999999998 0.469214
1 0.938849 0.547771 0.10071899999999998 0.174098
1 0.7240619484412469 0.4726202972399151 0.09952039568345324 0.15543057324840764
1 0.10131899999999999 0.409766 0.0899281 0.13588100000000003
1 0.569544 0.348195 0.07673860000000013 0.11889600000000003
1 0.865707 0.6571129999999998 0.11271000000000012 0.3418259999999999
1 0.088729 0.5116770000000002 0.107914 0.16560500000000006
1 0.314748 0.7940550000000001 0.15227800000000005 0.23779199999999995
1 0.395084 0.42781299999999994 0.08753000000000001 0.16772799999999993
1 0.166667 0.8248410000000002 0.148681 0.23142199999999996
1 0.115707 0.621019 0.12829699999999997 0.2016990000000001
1 0.19484400000000002 0.491507 0.08992810000000002 0.17622099999999993
1 0.653217464028777 0.4213156475583864 0.11230303357314149 0.21316063694267517
1 0.11189910071942445 0.354792770700637 0.06867422062350119 0.10300469214437367
