1 0.10946700000000001 0.608787 0.128994 0.21757300000000002
1 0.555621 0.354603 0.06745559999999992 0.17782399999999998
1 0.919527 0.544979 0.09467460000000003 0.194561
1 0.249704 0.598326 0.101775 0.2050210000000001
1 0.44970399999999994 0.608787 0.11124300000000001 0.3891210000000001
1 0.501183 0.302301 0.06035499999999994 0.09832640000000002
1 0.41360899999999995 0.34728000000000003 0.06745559999999999 0.15481200000000006
1 0.781657 0.44351499999999994 0.08165680000000002 0.15899599999999994
1 0.386953349112426 0.4246860041841004 0.08053041420118343 0.18409999999999999
1 0.569822 0.7541839999999999 0.15266299999999997 0.47907900000000003
1 0.47988200000000003 0.420502 0.08165680000000002 0.15062799999999998
1 0.664497 0.625523 0.11479299999999988 0.25104600000000005
1 0.6988170000000001 0.38807499999999995 0.07692309999999987 0.12343099999999997
1 0.845562 0.6401669999999999 0.11479299999999988 0.338912
1 0.198817 0.48431 0.09230769999999998 0.17363999999999993
1 0.559763 0.508368 0.10414199999999996 0.17154800000000006
1 0.156213 0.8002090000000001 0.132544 0.236402
1 0.07995917159763313 0.39556903765690377 0.08950650887573965 0.14556903765690377
1 0.16767542011834322 0.39715271966527194 0.060864544378698225 0.13396652719665272
1 0.6196828402366865 0.3950419246861925 0.08174911242603551 0.15295414225941423
1 0.2577781065088757 0.28586506276150625 0.04654319526627219 0.09704811715481172
1 0.4503593964497042 0.2660944246861925 0.046128544378698226 0.10586554393305439
