1 0.2756509999999999 0.305292 0.04747319999999999 0.11668900000000001
1 0.4758809992343032 0.31598430122116694 0.04977029862174579 0.13807359565807326
1 0.16194499617151606 0.523682170963365 0.10643199846860643 0.17626434192673
1 0.07120979709035222 0.7117573337856173 0.137825 0.53070565807327
1 0.656968 0.623474 0.16232800000000008 0.397558
2 0.4600649693721286 0.5663311601085482 0.12993113323124042 0.2344263093622795
1 0.278331 0.7320219999999998 0.13399700000000006 0.5223879999999999
1 0.7392800038284839 0.3501224219810041 0.055895903522205206 0.15207583446404344
1 0.309724 0.365672 0.07733539999999996 0.19674400000000003
1 0.353369 0.296472 0.05283309999999996 0.13161500000000007
1 0.388208 0.7069199999999999 0.15773400000000004 0.29579399999999983
1 0.4421900000000001 0.36024400000000006 0.06661560000000007 0.156038
1 0.787902 0.471506 0.08116389999999997 0.1696070000000001
1 0.179939 0.39213000000000003 0.07044409999999998 0.15739499999999998
1 0.3602600000000001 0.5122119999999999 0.08958650000000001 0.23202199999999995
1 0.7909649999999999 0.596336 0.1010720000000001 0.215739
1 0.8532841692189892 0.7397292605156038 0.1721123353751914 0.3559845183175034
1 0.500383 0.432836 0.08652370000000004 0.20081400000000002
1 0.39942784839203677 0.42088589552238803 0.06309918836140888 0.17932454545454546
1 0.5279888973966309 0.37768249660786973 0.07750306278713628 0.20314789687924018
