1 0.17739999999999997 0.414583 0.10889899999999998 0.204167
1 0.16510499999999997 0.315625 0.08196720000000002 0.172917
1 0.765808 0.36875 0.0889930000000002 0.17500000000000007
1 0.6574940000000001 0.559375 0.139344 0.31875000000000003
1 0.8518739999999999 0.58125 0.16042200000000006 0.483333
1 0.889344 0.332292 0.0784543 0.135417
1 0.3489459999999999 0.71875 0.16861799999999993 0.325
1 0.180328 0.789583 0.177986 0.4166670000000001
1 0.13466000000000003 0.56875 0.15222500000000003 0.24583299999999994
1 0.23829 0.311458 0.08079619999999998 0.185417
2 0.9295795140515223 0.467708 0.13147396955503513 0.18125
1 0.0866511 0.340625 0.09133489999999998 0.18125
1 0.0679157 0.454167 0.0983607 0.225
0 0.8132319999999998 0.3375 0.05737699999999999 0.15416699999999992
1 0.5825651639344263 0.19742468749999997 0.042616744730679154 0.09155895833333334
