1 0.936944 0.40739 0.08320250000000005 0.16183299999999995
1 0.897698 0.795136 0.163789 0.34986000000000006
1 0.816588 0.610851 0.12820500000000015 0.258185
1 0.7223969999999998 0.7871840000000001 0.19204599999999988 0.29279700000000003
1 0.231554 0.44855 0.07796960000000001 0.290926
1 0.7574570000000002 0.491581 0.10413399999999991 0.21234799999999998
1 0.686552 0.6029 0.10884400000000002 0.21421899999999994
1 0.39638900000000005 0.79841 0.17425400000000002 0.33956999999999987
1 0.330455 0.511225 0.10413400000000002 0.2048639999999999
1 0.30062800000000006 0.6347049999999999 0.11355300000000002 0.22918600000000008
1 0.18786 0.5196440000000001 0.08163270000000003 0.335828
1 0.08869699999999998 0.421422 0.09262169999999999 0.18428399999999995
1 0.916797 0.5074840000000002 0.12035599999999982 0.17305900000000005
1 0.12218700000000002 0.6033679999999999 0.0999477 0.39289099999999993
1 0.216641 0.774556 0.17791700000000002 0.32179599999999997
1 0.4745455259026688 0.3543624883068288 0.051058608058608054 0.14496632366697848
1 0.44713893249607534 0.4073822263797942 0.08484720041862899 0.15704677268475212
1 0.4381284667713239 0.5006711880261927 0.10286813186813186 0.20134237605238542
1 0.422736002093145 0.6107380729653882 0.12614495028780742 0.24161085126286247
1 0.36416852433281005 0.42550327408793265 0.05856718995290423 0.15033489242282508
1 0.386694400837258 0.3597315247895229 0.060069073783359496 0.12885874649204865
1 0.40358869701726846 0.3087249766136576 0.051809523809523805 0.13154349859681946
1 0.26730711669283097 0.31476473339569694 0.060069073783359496 0.13288587464920487
1 0.18433699633699635 0.31812067352666046 0.05631501831501831 0.1046978484565014
1 0.14341496598639458 0.37583910196445275 0.04354997383568812 0.12885874649204865
1 0.8627417582417584 0.41208091674462116 0.08559863945578232 0.1476510757717493
1 0.7801467085295657 0.30939569691300284 0.04955692307692308 0.11946304957904584
1 0.812809262166405 0.36375818521983155 0.06382365253793826 0.11812067352666043
1 0.8931515358451073 0.35234894761459307 0.060820078492935636 0.11946300280636109
1 0.8514788069073783 0.30335547240411603 0.046553636839351126 0.1020130963517306
1 0.8135601779173207 0.2697984097287184 0.04129722658294087 0.07248362956033676
1 0.6386091051805338 0.5006712815715622 0.09535949764521193 0.17181197380729654
1 0.6145813710099424 0.41342285313376986 0.06983045525902669 0.13154355472404117
1 0.583420722135008 0.3167787652011225 0.0570654107796965 0.11812067352666043
1 0.6611349110413397 0.30469784845650144 0.04880605442176871 0.11006735266604303
1 0.681032967032967 0.35033536014967254 0.058567242281527994 0.11812067352666043
1 0.7129445316588173 0.39530179607109445 0.06983045525902669 0.15704654817586527
1 0.6118110936682366 0.35550768475210476 0.08562951334379906 0.10157331150608044
1 0.4681616274201988 0.29899859681945745 0.06882351648351648 0.11731057062675397
