1 0.895171 0.32780100000000006 0.07067139999999997 0.17012399999999997
1 0.763251 0.377593 0.08951709999999985 0.18257299999999996
1 0.273263 0.524896 0.129564 0.25726099999999996
1 0.366902 0.7344400000000001 0.17314499999999997 0.28630699999999976
1 0.857479 0.579876 0.15076599999999996 0.4792529999999999
1 0.557126 0.622407 0.18610099999999993 0.36514500000000005
1 0.412839 0.352697 0.07891639999999996 0.1701240000000001
1 0.6301529999999999 0.302905 0.07302710000000001 0.14107899999999995
1 0.387515 0.486515 0.12720799999999993 0.25518699999999994
1 0.9324372673733805 0.46943977178423235 0.13055319199057713 0.19614153526970957
1 0.16784499411071852 0.8065089626556016 0.1778559952885748 0.38065294605809125
1 0.0636042 0.46265599999999996 0.108363 0.23651499999999992
1 0.144876 0.584025 0.136631 0.22199199999999988
1 0.575972 0.307054 0.09187279999999996 0.17842299999999997
1 0.08465158421672554 0.3485479979253112 0.07743037691401648 0.1825730082987552
1 0.180801 0.43983400000000006 0.11660799999999998 0.17842300000000005
1 0.16122158421672556 0.3340488070539419 0.08528121319199058 0.1845496887966805
1 0.6611295641931684 0.23533633817427385 0.04710718492343934 0.10443520746887966
