1 0.712348 0.425188 0.05701930000000007 0.14210500000000004
1 0.191899 0.4860900000000001 0.08022020000000005 0.184211
1 0.509044 0.421805 0.07353520000000004 0.198496
1 0.19956700000000002 0.397744 0.10184800000000004 0.169925
1 0.3432950000000001 0.335714 0.07550140000000005 0.14060199999999998
1 0.313606 0.47857099999999997 0.09083759999999996 0.23383499999999993
1 0.367283 0.715038 0.12976799999999997 0.481203
1 0.656311 0.442481 0.08100670000000008 0.14812000000000003
1 0.758553 0.5142859999999999 0.09988199999999998 0.22405999999999995
1 0.281164 0.390226 0.0668502 0.16541400000000003
1 0.581597 0.457895 0.10460099999999989 0.21503799999999992
1 0.829925 0.519925 0.11128599999999997 0.184211
1 0.232796 0.700752 0.13527299999999998 0.49323300000000003
1 0.42837895595753045 0.472179552631579 0.08994611482500983 0.1969911052631579
1 0.50118 0.680827 0.13959900000000006 0.442857
1 0.679709 0.609774 0.1183639999999999 0.275188
1 0.4590080613448683 0.3401898496240601 0.05737593393629572 0.12552706766917293
1 0.24092612268973657 0.296852492481203 0.0583610931970114 0.13304689473684211
1 0.37523141958316947 0.25321896616541356 0.036662603224537946 0.07725337593984963
1 0.5293641368462446 0.33762481203007516 0.04863389697208022 0.11158796992481204
1 0.49120507274872194 0.31044360902255635 0.03965591820684231 0.0915593984962406
1 0.5476955800235942 0.3090129398496241 0.04788607156901298 0.09442073684210527
