1 0.621843 0.647153 0.144874 0.24693999999999997
1 0.655461 0.856307 0.1682760000000001 0.2660989999999998
1 0.48718400000000006 0.8233100000000001 0.16604800000000003 0.2692920000000001
1 0.61237 0.51703 0.10958399999999988 0.19105900000000006
1 0.506501 0.6383709999999999 0.11849899999999998 0.17615800000000004
1 0.370171 0.7732839999999999 0.14598800000000003 0.29270900000000016
1 0.920134 0.5713150000000001 0.12332799999999995 0.20063900000000004
1 0.89023 0.73736 0.2083950000000001 0.236828
1 0.701337 0.536189 0.08915300000000012 0.20702500000000004
2 0.9461370000000001 0.406599 0.10624099999999995 0.20010600000000003
1 0.246657 0.7506649999999999 0.155275 0.21873300000000015
1 0.7517426318722139 0.6497890659925493 0.11780472882615156 0.30379739755188934
1 0.49257187964338783 0.5005274081958488 0.13842087667161962 0.193037786056413
1 0.6435724442793462 0.44563666577967004 0.08088334323922733 0.19599436402341672
