1 0.5506061305361305 0.6338095661157025 0.17813426573426575 0.3378661157024793
1 0.497669 0.298554 0.07925409999999997 0.18388399999999996
1 0.407343 0.49276899999999996 0.14568800000000004 0.254132
1 0.08857810000000002 0.363636 0.08391610000000001 0.15289300000000006
1 0.701632 0.40185899999999997 0.12121200000000004 0.19214900000000004
1 0.670746 0.580579 0.15268100000000012 0.30578500000000003
1 0.247669 0.328512 0.08275059999999997 0.15289299999999992
1 0.18007000000000004 0.804752 0.189977 0.37809899999999996
1 0.8537300000000001 0.591942 0.15967400000000007 0.46900800000000004
1 0.584499 0.317149 0.08741259999999991 0.16322300000000003
1 0.892774 0.346074 0.08391609999999991 0.15495900000000007
1 0.416084 0.365702 0.07692310000000002 0.17355399999999999
2 0.9312452622377622 0.4759261260330579 0.13329005827505827 0.1873882438016529
1 0.310606 0.38636400000000004 0.08275059999999997 0.18594999999999992
