1 0.23448500000000003 0.417314 0.059701499999999984 0.12084799999999998
1 0.8067559999999999 0.848763 0.16653599999999996 0.29823299999999997
0 0.677141 0.414488 0.06362920000000008 0.13215500000000005
0 0.291241 0.323322 0.054595399999999926 0.08833920000000006
0 0.331697 0.268551 0.04124120000000001 0.07491170000000003
0 0.343676 0.336042 0.04948939999999998 0.106714
0 0.240966 0.31236700000000006 0.05380990000000003 0.0946996
0 0.368617 0.7473499999999998 0.10879799999999994 0.4289749999999999
0 0.8965040000000001 0.322615 0.0710919000000001 0.18021200000000004
0 0.640416 0.311307 0.05616650000000004 0.11236700000000004
0 0.780244 0.38657199999999997 0.06009430000000003 0.21342799999999995
0 0.5905340000000001 0.362191 0.06559310000000007 0.153357
0 0.297918 0.495406 0.07737629999999997 0.33922300000000005
0 0.5113900000000001 0.46961100000000006 0.08091120000000002 0.18445200000000003
0 0.505499 0.678445 0.12883 0.22049500000000022
0 0.602121 0.479152 0.11154800000000005 0.2515899999999999
1 0.6251521995286724 0.7785235477031801 0.15815278868813826 0.34362428268551237
1 0.8571598919874313 0.6241611307420495 0.11936063236449333 0.2362416961130742
1 0.730711965828751 0.5704698975265017 0.09623461508248232 0.22818812014134277
1 0.7243709996072271 0.33758388692579505 0.06266423016496464 0.11677851590106007
1 0.4748322093479969 0.30872473498233216 0.06937847996857816 0.09395971731448763
1 0.43156387666928514 0.2926173144876325 0.049982427336999216 0.09395971731448763
1 0.37673252160251375 0.2885908127208481 0.050728201099764336 0.08053710247349823
1 0.16577804006284366 0.6516452084805654 0.1391422702278083 0.40200286925795053
0 0.18128243519245876 0.39556492579505304 0.06996864100549882 0.14163057243816254
