1 0.848214 0.198256 0.09214290000000006 0.18953499999999998
1 0.39755734642857143 0.7534841686046512 0.21082969285714284 0.45007863953488375
1 0.9432140000000001 0.45814 0.11214300000000013 0.490698
1 0.9575 0.16104700000000002 0.08071429999999996 0.16395300000000002
1 0.3725 0.3893557209302325 0.127857 0.32093
1 0.38035700000000006 0.100581 0.08214289999999998 0.177907
1 0.3889290000000001 0.20814000000000002 0.119286 0.246512
1 0.0528571 0.31772700000000004 0.10142899999999999 0.312197
1 0.11289546428571429 0.5066370988372093 0.12849467142857143 0.3504841976744186
1 0.602143 0.07034879999999999 0.05142859999999993 0.14069799999999996
1 0.23535700000000004 0.469186 0.13071400000000002 0.28023299999999995
1 0.7682140000000001 0.12151199999999998 0.08785709999999995 0.16627899999999998
1 0.896786 0.18197700000000003 0.09357140000000007 0.182558
1 0.129286 0.17616300000000001 0.07714290000000001 0.196512
1 0.295 0.11162799999999999 0.08142859999999996 0.202326
1 0.582857 0.313372 0.10285700000000003 0.25232600000000005
2 0.558214 0.13565652906976744 0.0807143 0.23875405813953487
1 0.495714 0.366279 0.11857099999999994 0.2139530000000001
1 0.284286 0.25017927906976745 0.09714289999999999 0.21860500000000002
1 0.184643 0.294767 0.10357099999999997 0.21744200000000002
1 0.221071 0.15755800000000003 0.07642860000000001 0.166279
1 0.7577564285714286 0.4932883430232558 0.1517157142857143 0.33154412790697674
1 0.6645828571428571 0.536912773255814 0.1517157142857143 0.3999999651162791
1 0.5244103571428572 0.6442952732558139 0.15006642857142857 0.3919463604651163
1 0.7808435714285714 0.2503356976744186 0.10389285714285713 0.21342255813953487
1 0.6530393214285715 0.18791933720930232 0.09069992857142857 0.26308751162790694
1 0.13489696785714284 0.10944199418604651 0.06942606428571428 0.14735322093023256
1 0.6920599249999999 0.09513546511627907 0.06766842142857142 0.18741046511627907
