1 0.19636599999999999 0.489872 0.09261429999999998 0.21305299999999994
1 0.501172 0.417479 0.07151230000000001 0.18979699999999994
1 0.7562328272762798 0.5292040922730683 0.10410315357561548 0.20319519129782446
2 0.6678389996092223 0.6343541485371343 0.10863599843688941 0.33158300075018754
1 0.8290350000000001 0.5215157764441111 0.10902699882766706 0.18481654913728432
1 0.705744 0.4242310000000001 0.07346619999999993 0.16429099999999996
2 0.274912 0.393098 0.06994920000000003 0.1830459999999999
1 0.576592 0.45874 0.09730360000000003 0.19129800000000002
1 0.315944 0.477869 0.09183269999999999 0.22055500000000008
1 0.22860499999999997 0.729932 0.14380599999999996 0.535634
1 0.42926899999999996 0.475994 0.0926143 0.174794
1 0.496874 0.674044 0.12622099999999997 0.4433610000000001
1 0.368894 0.382971 0.06955840000000002 0.150788
1 0.368308 0.6837960000000001 0.137945 0.4493620000000001
1 0.4214507620164127 0.30432483120780196 0.043958186791715516 0.09599099774943737
1 0.45496893317702225 0.33702544636159043 0.061541617819460735 0.12341797449362342
1 0.39013051973427115 0.27584396099024755 0.03736459554513482 0.08966241560390097
1 0.4806379308323564 0.30638296699174794 0.03324934349355217 0.09645387096774194
1 0.5005875302852676 0.2758866991747937 0.027338405627198123 0.08652517629407351
1 0.23511586557248929 0.29613752438109525 0.04992926924579914 0.12303327831957989
1 0.17624379445095742 0.29542221680420105 0.05589126221180149 0.12446389347336834
