2 0.03665689999999999 0.25641 0.0527859 0.14359
2 0.14956 0.29102599999999995 0.06158360000000001 0.09999999999999996
1 0.38856299999999994 0.8089740000000001 0.19354800000000005 0.36153800000000014
1 0.6913489999999999 0.352564 0.06011729999999996 0.11025599999999998
1 0.15176000000000003 0.425641 0.0894428 0.19487200000000007
2 0.21334300000000003 0.507692 0.0953079 0.2153849999999999
2 0.41642200000000007 0.429487 0.09677420000000003 0.16666700000000004
1 0.716276 0.553846 0.12463300000000001 0.3230770000000001
1 0.22507299999999997 0.267949 0.06598239999999998 0.11025600000000002
1 0.19648100000000002 0.339744 0.06744869999999996 0.130769
2 0.10227257331378298 0.37307697435897436 0.0667158504398827 0.15128194871794873
2 0.346041 0.367949 0.09677420000000007 0.14102599999999996
1 0.595308 0.4551279999999999 0.1261000000000001 0.264103
1 0.8211139999999999 0.40769200000000005 0.0791788999999999 0.13333300000000003
1 0.278592 0.314103 0.06158360000000001 0.11538499999999997
2 0.318915 0.479487 0.10117299999999997 0.18461499999999995
1 0.774194 0.446154 0.0938416000000001 0.14871800000000002
1 0.6528592375366569 0.37564102564102564 0.08431085043988269 0.13333333333333333
1 0.5989736070381232 0.2967948717948718 0.06304985337243402 0.09615384615384616
1 0.5560850439882697 0.3096153846153846 0.056451612903225805 0.10384615384615385
