1 0.7299206164135936 0.10392156877897991 0.06287862979031092 0.11633987635239568
1 0.267354 0.282071 0.071945 0.16692399999999996
1 0.41739 0.281685 0.08640639999999994 0.30525499999999994
1 0.17581611532899497 0.2666664992272025 0.07277268618944324 0.2169931221020093
1 0.11741448662328272 0.3594772488408037 0.06971477223427332 0.21960809891808347
1 0.260207830802603 0.17058840030911904 0.06421123644251628 0.11895457496136012
1 0.3614167227042661 0.08692812982998455 0.04403061822125814 0.07973879443585781
1 0.4442794215473607 0.05098039026275116 0.04097261026753435 0.09150326893353941
1 0.908128172451193 0.2856207302936631 0.11496852856109906 0.18954285162287482
1 0.9136319992769341 0.18692805255023184 0.06237663774403471 0.13594760432766614
1 0.9136319992769343 0.12614360510046368 0.059930506146059284 0.13464014683153014
1 0.3308399385394071 0.38823532843894903 0.08683783803326102 0.35032687017001546
1 0.42287581344902386 0.1359475231839258 0.06910303687635576 0.12026105873261204
1 0.24511714931308748 0.4483531684698609 0.10084818148951555 0.3667666151468315
