0 0.36328726041666665 0.402902992992993 0.07657452083333333 0.155154994994995
2 0.05625000000000001 0.46646600000000005 0.10104200000000002 0.15215199999999998
1 0.9312763749999999 0.6858974324324325 0.11463475 0.4128205105105105
0 0.48046900000000003 0.3670284384384384 0.0515625 0.20953287287287287
0 0.7467565937499999 0.4756772972972973 0.060652614583333334 0.27186740740740745
0 0.26224000000000003 0.4523984934934935 0.0765625 0.33043800800800804
2 0.343539703125 0.6903846946946947 0.10006017708333334 0.23205143143143142
1 0.1520914270833333 0.7205128228228229 0.1774400625 0.29230768768768767
1 0.45941881510416666 0.4901101251251251 0.058892578125000004 0.14725322322322323
1 0.7816122213541665 0.7527470570570571 0.140655765625 0.49010948948948946
