1 0.931265 0.5613246474358974 0.13746999999999998 0.5670942948717949
1 0.581509 0.426282 0.17518199999999998 0.3055560000000001
1 0.8588809975669099 0.3735045085470085 0.17274900243309005 0.32136799145299144
1 0.131387 0.442308 0.192214 0.316239
2 0.52129 0.31410299999999997 0.11800499999999994 0.20940199999999998
1 0.400852 0.396368 0.13746999999999993 0.26709400000000005
1 0.07785889999999998 0.375 0.155718 0.21153799999999998
1 0.7092459975669099 0.6076923076923076 0.25060800486618 0.47179487179487184
1 0.341241 0.722222 0.26155700000000004 0.542735
1 0.25608300486618 0.5192310576923077 0.20802900243309003 0.30769288461538463
