1 0.0793650937950938 0.48902870418848166 0.1414139971139971 0.2575445811518325
1 0.0945166 0.209424 0.08513709999999998 0.10471200000000001
1 0.663781 0.21466 0.07792209999999988 0.10994799999999999
0 0.1613441414141414 0.23822 0.0640358152958153 0.1518319895287958
1 0.419913 0.248691 0.07215009999999994 0.13088999999999998
1 0.7914860028860028 0.4940496204188481 0.13997099567099566 0.22656075916230367
1 0.331169 0.143979 0.05916310000000004 0.078534
1 0.8607499999999999 0.354712 0.11976899999999997 0.17539300000000005
1 0.720058 0.717277 0.14718600000000004 0.3298430000000001
1 0.61039 0.456806 0.08369409999999998 0.3534030000000001
1 0.511544 0.329843 0.08802310000000006 0.13088999999999995
1 0.8874460000000001 0.798429 0.21933600000000006 0.298429
1 0.26395256854256854 0.5724365314136126 0.14345994227994227 0.2500012827225131
1 0.35614708513708515 0.7241134685863875 0.1587219624819625 0.5120567277486912
1 0.2713125974025974 0.194326557591623 0.06411362193362194 0.12482332460732984
