1 0.7369690000000001 0.386719 0.08011579999999992 0.342187
1 0.45463299999999995 0.313281 0.06177609999999998 0.13906200000000002
1 0.666506 0.364062 0.07432430000000002 0.16562500000000005
2 0.78668 0.7671870000000001 0.24903500000000003 0.3781250000000001
1 0.2371175337837838 0.455829328125 0.14159473938223938 0.20396634374999997
1 0.9391645173745173 0.8195309999999999 0.12167127413127413 0.27343799999999996
1 0.947394 0.652344 0.10521200000000012 0.251563
1 0.24568116312741314 0.614062 0.1612463223938224 0.33125
1 0.786196998069498 0.7710734687499999 0.24806899613899613 0.37035206249999997
1 0.470077 0.6726560000000001 0.14092699999999997 0.44531199999999993
1 0.8953567953667954 0.46627089843749997 0.14968795366795365 0.228995703125
1 0.925453137065637 0.41153878125 0.07207249034749036 0.1948724375
1 0.6898326013513513 0.25833359375 0.06335989382239382 0.10897343749999999
1 0.5191564720077221 0.25 0.08632798262548262 0.11025640625
1 0.6007326254826255 0.44615396875 0.10375289575289576 0.2769233125
1 0.8181365974903475 0.6519231953125001 0.15047970077220077 0.247436140625
1 0.5056925048262548 0.3916663828125 0.12276012548262548 0.188460984375
1 0.3397683542471043 0.4993586328125 0.12038414092664092 0.211539140625
1 0.560365916988417 0.32553207031250003 0.09551175675675676 0.151773359375
