1 0.5753768675721561 0.22062014136447447 0.06282896095076401 0.12286228641671788
1 0.173005 0.277812 0.07232599999999997 0.14013499999999998
1 0.764856 0.230178 0.06621389999999999 0.09772590000000005
0 0.6971139999999999 0.2911325322679779 0.09507640067911714 0.154059938537185
0 0.950424 0.391518 0.09439730000000002 0.15365700000000002
1 0.37079799999999996 0.3761380393362016 0.0916808013582343 0.2015700799016595
0 0.43276700000000007 0.10600845421020283 0.05331069949066214 0.09406819299323908
0 0.557555 0.085126 0.04957560000000011 0.14075
0 0.34918423599320886 0.6410257437000615 0.12040843803056027 0.4512822556853104
0 0.8626903667232597 0.38910254148740014 0.09915984380305602 0.1448717455439459
0 0.8913758387096773 0.29294881376767057 0.06587039388794567 0.12179505838967425
0 0.6537464668930391 0.6878206146281499 0.14307344991511037 0.45769251382913334
