1 0.6096220036540804 0.21388002118644067 0.20097399512789282 0.42352203389830506
2 0.805725 0.5692739724576271 0.3885509987819732 0.8588879449152542
2 0.3909870036540804 0.12884590042372882 0.14616299634591962 0.2576928177966102
1 0.0779537 0.12711899999999998 0.155907 0.24999999999999997
2 0.964677 0.08474579999999998 0.07064560000000004 0.16525399999999998
1 0.47624799999999995 0.29661000000000004 0.311815 0.4152540000000001
2 0.214982 0.467161 0.429963 0.608051
2 0.5054810000000001 0.0413136 0.13154700000000008 0.0826271
1 0.1864768270401949 0.2198718220338983 0.28155791717417783 0.39102754237288134
1 0.527736778319123 0.695513093220339 0.5174180389768575 0.6038466949152542
