1 0.2516690016685206 0.328707048503612 0.04727469966629588 0.08561921568627451
1 0.35317 0.36907998968008254 0.05672969966629588 0.1638010113519092
1 0.8493699360400445 0.8680578431372549 0.27678812569521694 0.25150030959752323
1 0.48915500000000006 0.327141 0.04505010000000005 0.14035099999999998
1 0.19994399888765294 0.35553897316821464 0.06840929922135706 0.13928306501547988
1 0.8398219994438265 0.34329588751289986 0.06785319799777531 0.12248921568627451
1 0.9321469994438265 0.5854942879256966 0.13459399888765294 0.31714242518059854
1 0.5798110038932147 0.3198735294117647 0.0672970022246941 0.11154194014447885
1 0.7285084677419355 0.5474219814241487 0.12108693548387098 0.3538739731682147
1 0.819244 0.402477 0.10233599999999994 0.17956700000000006
1 0.40044500278086764 0.28614762641898867 0.05005560066740823 0.09024396284829721
1 0.36012199666295885 0.2990475748194015 0.058398197997775306 0.11604385964912281
1 0.284483 0.397833 0.08843159999999996 0.20949400000000007
1 0.07480530033370413 0.5280781114551084 0.12625100111234705 0.19461777089783283
1 0.24642763904338152 0.7359983642930856 0.16120472191323693 0.4895417234262126
1 0.41073399888765294 0.4007265531475748 0.08843160177975529 0.1706838802889577
1 0.525306 0.495872 0.104004 0.323013
1 0.9657950000000001 0.37317619195046436 0.06840929922135706 0.15148059855521154
1 0.5874147107897664 0.635339871001032 0.15591842046718576 0.283500257997936
1 0.8832040016685205 0.7526077399380806 0.2213570022246941 0.35649752321981426
1 0.542269 0.337977 0.06451610000000012 0.13519099999999998
1 0.4591209983314794 0.3751925077399381 0.0806452002224694 0.12474398348813209
1 0.1835370022246941 0.5050310835913312 0.10456100111234705 0.1767288338493292
1 0.754689819243604 0.448961955624355 0.08668863737486096 0.1774110939112487
1 0.4766410011123471 0.7575354901960784 0.17018899888765296 0.4663530237358101
1 0.35066221357063404 0.6433753715170277 0.11402657397107897 0.4260697523219814
1 0.0853309872080089 0.45641013931888547 0.11124125139043382 0.19743565531475746
1 0.6802290795328143 0.3307694272445821 0.0725485150166852 0.11025681114551084
1 0.6581189571746384 0.4269229205366357 0.08222148498331479 0.24871762641898865
1 0.9445132424916575 0.48333333333333334 0.10778664071190211 0.2
