1 0.16571400000000003 0.302673 0.16952400000000006 0.256289
2 0.7357140000000001 0.411164 0.13809500000000005 0.17138399999999995
1 0.49190500000000004 0.268868 0.1800000000000001 0.23584899999999998
2 0.09190479999999998 0.22877400000000003 0.141905 0.218553
2 0.09190479999999998 0.22877400000000003 0.141905 0.218553
2 0.881429 0.3156265408805032 0.164762 0.15176591194968556
1 0.410952 0.142296 0.0790476 0.16823899999999997
1 0.73619 0.411164 0.13714300000000007 0.17138399999999995
1 0.858571 0.20283000000000004 0.111429 0.15094299999999997
1 0.9585709999999998 0.21226400000000004 0.0828571 0.20754699999999998
2 0.195238 0.546384 0.21714300000000003 0.281447
2 0.577143 0.466981 0.1676189999999999 0.29874200000000006
2 0.7119050047619047 0.7137639229559748 0.24285700000000002 0.5095791352201258
2 0.45904799999999996 0.4465410000000001 0.1199999999999999 0.24842799999999998
1 0.485714 0.16509399999999996 0.15428599999999998 0.18238999999999997
2 0.267619 0.19261000000000003 0.10095200000000001 0.168239
2 0.339048 0.244497 0.13333300000000003 0.24371099999999998
2 0.327619 0.39308200000000004 0.15619000000000002 0.20125800000000005
1 0.601429 0.12264200000000001 0.10190499999999983 0.154088
2 0.472381 0.750786 0.31619000000000014 0.43239
2 0.31 0.6289310000000001 0.26190499999999994 0.3805030000000001
1 0.7707326380952381 0.16794853773584906 0.10172900952380952 0.15897399371069182
1 0.8767327095238096 0.13974371069182392 0.10716505714285714 0.11538364779874213
2 0.6127035142857142 0.3198721540880503 0.15375868571428572 0.20384688679245286
