1 0.494979 0.762136 0.19291800000000006 0.43883499999999986
1 0.19529600000000003 0.346117 0.06289640000000002 0.142718
1 0.49947099999999994 0.448544 0.10359399999999991 0.269903
1 0.9311540882663848 0.3995149951456311 0.10069382135306554 0.212621
1 0.28012699999999996 0.38252400000000003 0.07716699999999999 0.19999999999999996
1 0.2344080021141649 0.7205749854368931 0.1728330021141649 0.5180730388349515
1 0.7063949999999999 0.523076927184466 0.143235 0.27692307766990293
1 0.7925480021141649 0.3870487718446602 0.11786500000000001 0.17153344660194175
2 0.8998409989429176 0.567948718446602 0.15591999999999998 0.3025640970873787
1 0.4445029999999999 0.354369 0.06871040000000006 0.11068000000000001
1 0.81871 0.7582519999999999 0.22938699999999998 0.3825239999999999
1 0.3311310015856237 0.6101566553398059 0.11997900105708245 0.39507131067961165
1 0.6236142124735731 0.4115385485436893 0.08445127906976745 0.24102581553398056
1 0.8036840803382664 0.8282048932038836 0.23939505285412263 0.3410251650485437
1 0.7970536390063425 0.337179286407767 0.07258616807610994 0.10769191262135921
