1 0.21673183353437878 0.2961538436830835 0.08364376357056695 0.14102563169164883
1 0.2033008564535585 0.6200038436830835 0.18706072376357058 0.5933256745182014
1 0.29614 0.400428 0.16043399999999997 0.20556700000000006
1 0.4234020024125453 0.740595920770878 0.3112179975874548 0.5145251605995718
1 0.5796139987937273 0.5448717987152034 0.2834740048250905 0.3717948608137045
1 0.6942099939686369 0.4897435867237688 0.22074799758745475 0.30769231263383295
1 0.9208265621230398 0.342308051391863 0.09244337756332931 0.1820519914346895
1 0.8688271773220748 0.6794873126338329 0.2599982388419783 0.5512823340471092
1 0.7836057478890228 0.7384615417558886 0.42177523522316046 0.5230769164882226
1 0.05922195416164053 0.5378207066381157 0.11844390832328106 0.4987183297644539
