2 0.06396233854166666 0.39679487378640776 0.12792467708333333 0.25
2 0.07049612760416667 0.3544871796116505 0.09697516145833333 0.2243589805825243
2 0.07526040104166666 0.3378205145631068 0.09010419791666666 0.1756410291262136
1 0.8409020260416666 0.6922330048543689 0.31409605208333335 0.607767
1 0.1826021640625 0.34102564077669906 0.09835069270833333 0.1717948737864078
2 0.9268230000000001 0.503883 0.14635400000000007 0.35922300000000007
2 0.30442699999999995 0.7724172281553398 0.35156200000000004 0.4473985533980583
1 0.2348724296875 0.41794884466019416 0.18776034895833332 0.3128207572815534
1 0.20289135937500002 0.5500000873786408 0.15681103125 0.2641027378640777
1 0.5488380885416666 0.33076923300970873 0.10454048958333333 0.1384615339805825
1 0.5911358385416666 0.32243587378640776 0.09697519791666667 0.1653845631067961
1 0.84691928125 0.4042553932038835 0.22980210416666666 0.3489360291262136
