3 0.2618123203125 0.5677011342592593 0.07298994270833334 0.12552921296296296
3 0.11265874739583334 0.6791259259259258 0.07616375520833335 0.18194629629629636
5 0.08846092968750001 0.5853312685185186 0.07219689062499998 0.11847635185185189
2 0.13963322135416664 0.4407615740740741 0.07775022395833336 0.119887962962963
3 0.06942004427083333 0.48589580092592594 0.05156928645833334 0.09167876851851849
1 0.05950273958333333 0.4280675925925926 0.04601535416666668 0.09167777777777772
1 0.10512164843749999 0.39055793981481485 0.04046191145833333 0.08583691666666672
2 0.16581448958333336 0.36530339814814816 0.0714033125 0.08462653703703703
2 0.7711565104166667 0.2778561527777778 0.05712239583333343 0.16925250925925928
2 0.7112570104166667 0.2122706388888889 0.05315577083333321 0.12834946296296296
1 0.670133421875 0.14511573148148146 0.04707220833333328 0.0645610925925926
3 0.6521510416666667 0.11495044444444444 0.030147916666666674 0.046544055555555554
1 0.6247795390625 0.12129762962962963 0.040461755208333255 0.06770103703703703
1 0.6085153645833332 0.09590972222222222 0.026974479166666634 0.04513425925925926
1 0.582334375 0.10719305555555554 0.03490833333333328 0.056417592592592575
3 0.6172425390625002 0.23201675925925927 0.06664304687499994 0.08885722222222217
2 0.5390955729166667 0.2771509259259259 0.06267656250000014 0.08885740740740741
2 0.5668634765625 0.3624822731481482 0.08013033854166676 0.12693915740740747
2 0.5093440104166667 0.3906912037037037 0.07933697916666672 0.16078981481481477
3 0.4839561484374999 0.3046546296296297 0.04918874479166669 0.09308888888888889
5 0.44032083593750004 0.34132566666666664 0.05870936979166661 0.08744681481481488
3 0.38825746614583334 0.42644136111111114 0.09580266145833333 0.28588694444444435
4 0.32845563020833335 0.3385050046296297 0.041255406249999994 0.1297603611111111
3 0.3816114921875 0.2912552175925926 0.0396686822916666 0.07193215740740742
3 0.4597585208333334 0.1925248888888889 0.046808999999999955 0.066290962962963
3 0.4895098958333333 0.1685474074074074 0.03649479166666663 0.06346999999999998
3 0.5323518072916666 0.1650210185185185 0.05077555208333327 0.056417222222222244
1 0.44151093750000003 0.1255291666666667 0.04998229166666667 0.059237962962962964
3 0.38486265625000005 0.1503641064814815 0.039824041666666685 0.06038486111111112
1 0.3435296875 0.15796898148148153 0.03332187499999997 0.06770092592592591
1 0.31100134635416665 0.17277824074074075 0.038081682291666634 0.07193240740740742
1 0.31258811197916664 0.1466855 0.028561276041666694 0.047954925925925936
4 0.3986690104166667 0.11142473148148148 0.027768229166666696 0.04231349999999999
3 0.280847640625 0.30185968055555557 0.04345493749999996 0.16308989814814812
3 0.33838515625000004 0.25679537037037037 0.05230677083333338 0.07868333333333331
2 0.7379291666666667 0.1716736111111111 0.038627083333333326 0.0772527777777778
1 0.7524142473958333 0.15951364351851854 0.037017338541666805 0.07582271296296295
1 0.5729611979166668 0.2539342592592593 0.06437760416666656 0.09585185185185185
