3 0.19675589062499999 0.6325811342592593 0.06346946875 0.12270810185185187
3 0.1197989921875 0.6868831481481481 0.087270765625 0.18617814814814815
5 0.08925429947916667 0.5909731481481482 0.07061015104166667 0.11847592592592592
3 0.2173836328125 0.467560037037037 0.06664315104166667 0.15091696296296295
2 0.13447647395833334 0.4449930324074074 0.061089760416666666 0.13399171296296297
3 0.06902317708333333 0.4873060277777778 0.0555359375 0.08321572222222222
1 0.05672603645833332 0.43018333333333336 0.04363542708333333 0.10155185185185185
1 0.10541845312499999 0.3955650925925926 0.040236052083333335 0.09585122222222221
1 0.8124117526041666 0.19746116666666666 0.044428578125 0.062059148148148155
2 0.7699666119791666 0.27997175925925927 0.054742817708333336 0.16784166666666667
1 0.7517190104166667 0.1607899212962963 0.032528645833333335 0.07052200925925926
1 0.7068935416666666 0.20803966666666668 0.06029625 0.1396336296296296
5 0.64937421875 0.11565579166666666 0.027768229166666665 0.03949212037037037
1 0.6227963541666667 0.126939125 0.04125520833333333 0.06205878703703703
4 0.6116890625 0.09716968518518518 0.0253875 0.05127785185185185
1 0.5835244791666667 0.10648820370370371 0.032528125 0.052186555555555555
1 0.44309765625 0.1290550925925926 0.0499828125 0.06064907407407408
3 0.3837799739583333 0.14935696759259262 0.04009213541666667 0.058939861111111116
1 0.3427362864583333 0.16008472222222223 0.03649513541666667 0.06911203703703704
1 0.3102080729166667 0.1727784259259259 0.038081770833333334 0.07193203703703703
1 0.31258808854166664 0.1459801574074074 0.03490819791666667 0.052185981481481486
4 0.3974786458333333 0.11001435185185185 0.023801041666666668 0.045134259259259256
3 0.5319552083333333 0.16643148148148149 0.04839583333333333 0.06205925925925926
3 0.4907 0.17066250000000002 0.04363541666666667 0.06770092592592593
3 0.4588619348958333 0.1981662037037037 0.047015713541666664 0.07475277777777778
3 0.339390765625 0.25690336574074074 0.05673348958333333 0.07603849074074075
4 0.27410963541666666 0.3060647361111111 0.04680885416666667 0.15796867592592592
4 0.3304390338541667 0.3385048796296296 0.04363547395833333 0.13258098148148148
3 0.38716484375 0.2891394768518518 0.03173489583333333 0.06770067592592593
3 0.3870503854166667 0.4271364907407407 0.0933885 0.28163546296296293
5 0.44071744791666667 0.3434414490740741 0.0626765625 0.08039487962962963
3 0.484353125 0.30465416666666667 0.049982291666666664 0.08744722222222222
1 0.5359221354166668 0.2820875 0.07378385416666666 0.08744722222222222
3 0.617242609375 0.2327219814814815 0.06505644791666666 0.08744677777777778
2 0.5640866302083333 0.3603667824074074 0.08092361458333334 0.11706643518518518
5 0.5200547734375001 0.42595195833333327 0.08806441145833334 0.09308867592592593
2 0.730284234375 0.16952771296296298 0.049087781250000004 0.07868346296296296
1 0.5713518567708334 0.2553649398148148 0.06437753645833334 0.09871271296296297
