3 0.19715424218750002 0.632754199074074 0.06490401562499999 0.11910641666666671
1 0.12073507552083333 0.6799007314814814 0.092121515625 0.18858557407407406
5 0.08932999479166667 0.5856078703703703 0.07118480208333335 0.11414351851851849
3 0.21843980468750007 0.468362037037037 0.06699747395833337 0.14267962962962957
2 0.13259919270833334 0.4466499351851852 0.06560161458333331 0.13647605555555561
3 0.06909114583333335 0.4863523148148148 0.050247916666666684 0.0843675925925926
1 0.10921997395833334 0.3871436944444444 0.04117567708333335 0.08694294444444448
3 0.15632760416666666 0.3591811111111112 0.05303958333333329 0.07816370370370372
1 0.8147877604166667 0.19292796296296297 0.04117552083333334 0.0558311111111111
2 0.7673310416666667 0.2766750277777778 0.049550416666666784 0.15632772222222227
1 0.7498838541666667 0.16315124537037032 0.032801041666666704 0.06079380555555558
1 0.7080103151041667 0.21339957870370366 0.05513353645833341 0.13151380555555559
3 0.6692773437500001 0.14640205092592593 0.04466510416666658 0.0645162685185185
3 0.6539236979166667 0.11538445833333334 0.03070677083333327 0.05210886111111109
1 0.62531015625 0.12220833333333335 0.046060937500000065 0.060794444444444456
4 0.6117692786458335 0.09722390740740741 0.02289477604166675 0.04852507407407408
1 0.5841346354166668 0.10669999999999999 0.04187343750000008 0.04962777777777778
3 0.6179823984375 0.2320101851851852 0.06629978645833319 0.09181111111111116
1 0.5642447604166667 0.35856064814814814 0.0844448541666667 0.12158796296296291
2 0.5286524010416667 0.2760546296296296 0.05094623958333339 0.10049629629629629
3 0.48398723958333334 0.30407306481481483 0.05094635416666667 0.09598590740740741
1 0.4382753307291667 0.3256824074074075 0.06839308854166669 0.10794074074074081
5 0.5206265625000001 0.42555829166666675 0.08793437499999991 0.09677415740740743
4 0.32800866145833335 0.33622827777777775 0.04466496875000002 0.1265508518518519
3 0.3827932395833333 0.2878411018518519 0.03559268749999998 0.06451594444444442
4 0.27636485156249996 0.3076925925925926 0.04745675520833338 0.15384629629629631
3 0.339175 0.25682373611111114 0.05303958333333334 0.07692289814814812
1 0.3841888020833333 0.22270462962962964 0.04955052083333336 0.09057037037037037
3 0.45886328125 0.19540953703703703 0.04815468749999994 0.0707198148148148
3 0.532490625 0.16582334259259257 0.05024791666666679 0.05982979629629631
1 0.43967135416666664 0.1228287037037037 0.051643749999999974 0.059553703703703685
1 0.38383985416666666 0.1488833981481482 0.037685916666666645 0.054590611111111124
1 0.34126848177083335 0.15818842592592594 0.03489428645833333 0.06327500000000001
1 0.3109104166666666 0.17369744907407408 0.036988541666666624 0.07196065740740744
1 0.3116083359374999 0.14702231018518516 0.03280103645833332 0.05334982407407406
4 0.39919375 0.11290324074074073 0.02651979166666661 0.04714722222222224
1 0.5701447916666667 0.25679537037037037 0.06679166666666655 0.09871296296296295
