3 0.1911989921875 0.6064879999999999 0.06663634895833333 0.15514807407407408
1 0.15788075520833333 0.5176305555555556 0.05870932291666667 0.14104444444444444
2 0.16462457812500003 0.3681241111111111 0.06743673958333334 0.08744722222222222
4 0.10631182291666666 0.3850494351851852 0.04125552083333333 0.06770112962962964
1 0.06465969791666668 0.42242592592592587 0.04046185416666667 0.09732037037037036
2 0.5644833333333333 0.3526092546296296 0.08330416666666667 0.13540186111111113
3 0.7675863567708333 0.2574050925925926 0.045222078125 0.17630462962962962
1 0.7509258020833334 0.1607899212962963 0.03728854166666666 0.07052200925925926
1 0.7275213541666667 0.17066298148148148 0.058709374999999994 0.08180551851851851
1 0.7049101145833333 0.2094500601851852 0.06426310416666667 0.14809617592592592
3 0.6541343749999999 0.11495046296296296 0.030941666666666666 0.055006481481481476
1 0.6255731770833334 0.12764444444444445 0.04046197916666667 0.05782777777777778
4 0.6108958541666667 0.09887286111111111 0.03173489583333333 0.04259762962962963
1 0.5823343750000001 0.10507742592592592 0.036494791666666665 0.052185888888888886
4 0.4002557291666667 0.10930879629629629 0.024594791666666668 0.04372314814814814
3 0.34630625 0.132580875 0.032528125 0.05077528703703704
1 0.31258802083333337 0.1466855 0.03490833333333333 0.04795492592592592
1 0.31100134635416665 0.17559951388888886 0.03808168229166666 0.0719324537037037
1 0.3439263411458333 0.16149526388888888 0.03411502604166667 0.0662909537037037
1 0.3831981640625 0.14880119907407408 0.038081796875000004 0.06346982407407407
1 0.43761671614583336 0.12905478240740742 0.045367421875 0.057827472222222225
3 0.6208127604166667 0.22919605555555556 0.06584947916666667 0.08039492592592593
1 0.536715328125 0.27574028240740744 0.06584955208333333 0.10578239814814815
1 0.49189010416666673 0.30394911574074074 0.06346979166666666 0.08885732407407407
5 0.44032083593750004 0.3413259166666666 0.05870936979166667 0.08180557407407407
3 0.3930744427083333 0.43576053703703704 0.10226313541666668 0.3101670555555555
4 0.3304389635416667 0.3434412824074074 0.04522207291666667 0.12552854629629628
3 0.28283671875 0.30324398148148146 0.04680885416666667 0.15514722222222221
3 0.3371828125 0.25669954166666664 0.046015625 0.06770091666666667
3 0.5335420078124999 0.1650210185185185 0.045222234374999996 0.05641722222222222
3 0.4875144166666666 0.1713679074074074 0.034091333333333335 0.06629011111111112
3 0.45856848958333335 0.19323010648148148 0.0491890625 0.06488052777777778
1 0.5705471536458333 0.25107275 0.06437756770833333 0.0958507962962963
