1 0.07695703125 0.6718201064814815 0.05553593749999999 0.38454289814814807
3 0.21677414062500003 0.47038090740740746 0.06859764583333335 0.14527522222222222
2 0.13963333333333333 0.4499293101851852 0.07616354166666668 0.12975989814814815
1 0.07140344791666668 0.4880110787037038 0.05394935416666666 0.09590932407407411
3 0.10512171875 0.3921015 0.0388753125 0.08744700000000007
2 0.16541794791666667 0.3709451064814815 0.06902347916666667 0.0846264537037037
1 0.7727431979166667 0.26868843981481483 0.05394902083333335 0.18476756481481485
1 0.7521157630208334 0.1614950138888889 0.03808201562499995 0.07193219444444444
3 0.6533411458333336 0.11354034722222224 0.03252812499999998 0.04936560185185185
1 0.6255728854166667 0.1262341574074074 0.04522193749999997 0.0578279814814815
4 0.6101023437500002 0.09873054166666667 0.026974479166666634 0.04231299074074074
1 0.5831276979166666 0.10648842592592592 0.03332168749999991 0.0521861111111111
4 0.3998591145833333 0.10930925925925926 0.026974479166666634 0.04654444444444443
3 0.34551302083333346 0.13187599074074072 0.03887499999999999 0.05500727777777778
1 0.3110013020833334 0.145275 0.03173489583333335 0.04795555555555556
1 0.3094146276041666 0.1765681388888889 0.034908244791666654 0.07845816666666668
1 0.34590969791666665 0.16149526388888888 0.031734770833333314 0.06629095370370369
1 0.382801359375 0.15021151388888887 0.035701447916666615 0.0634695648148148
1 0.4364324270833333 0.12623413425925925 0.049345447916666646 0.06629054629629631
3 0.533502234375 0.1649929074074074 0.046729437499999985 0.06200274074074075
3 0.4883197916666667 0.17348379629629632 0.03887499999999999 0.07052129629629628
3 0.4565848958333332 0.19464019907407407 0.04998229166666667 0.06488039814814815
3 0.6184328125 0.23413262962962963 0.06743645833333337 0.09026807407407407
4 0.5137076354166666 0.2228491296296296 0.05791597916666665 0.08180544444444443
1 0.5355252708333332 0.27221418981481477 0.06822966666666665 0.1128345833333333
1 0.4914931979166666 0.3088856481481481 0.06267610416666661 0.0959101851851851
5 0.44190767187499996 0.3413259166666666 0.06505653125000001 0.0818055740740741
1 0.39827213541666673 0.2792664166666667 0.07457656249999994 0.08744679629629627
3 0.33876940624999996 0.2566995787037037 0.05077577083333331 0.07052186111111111
3 0.2808533854166667 0.2983074074074074 0.047602604166666604 0.16219999999999998
4 0.3304390625 0.34414658796296294 0.04522187500000001 0.13258089814814808
3 0.3922753958333333 0.432184 0.10225178125000003 0.30301398148148156
1 0.5701448151041666 0.25464953703703697 0.0619635885416668 0.0972824074074074
