3 0.262209078125 0.5867421296296298 0.0880641354166667 0.1382231481481482
3 0.18802880989583332 0.6452748611111111 0.08092363020833332 0.12270768518518523
2 0.16303764322916664 0.35895630092592584 0.07219658854166666 0.10014110185185188
1 0.06426328125 0.4229747685185185 0.03808177083333333 0.10970138888888896
3 0.09758464583333334 0.3822285601851852 0.04918904166666665 0.07334287962962957
1 0.08251052604166667 0.6488010972222221 0.06346957291666667 0.3300422499999999
2 0.13963329166666666 0.4471084768518518 0.07616362500000003 0.12411823148148148
1 0.07338685416666667 0.48801141666666664 0.05632941666666665 0.09873087037037033
4 0.3982723307291666 0.11354034722222224 0.028561588541666735 0.04936560185185185
1 0.3117947890625 0.17348398148148148 0.03490833854166665 0.07334314814814814
1 0.34709968489583337 0.1650209814814815 0.030941255208333372 0.06770062962962964
1 0.3824048619791667 0.14809610648148147 0.038081942708333295 0.06205963888888888
1 0.43930507291666665 0.12876442129629626 0.0417002708333334 0.060067731481481465
3 0.5367153645833334 0.16290555555555555 0.045222395833333276 0.06347037037037034
3 0.4926833333333333 0.17207333333333333 0.03966875000000005 0.07052185185185185
3 0.45975859114583334 0.19393519907407408 0.04522240104166665 0.06629071296296297
3 0.3403560546875 0.2594932129629629 0.05553580729166665 0.07328825925925926
3 0.2808533854166667 0.3060647361111112 0.047602604166666604 0.1579686759259259
4 0.3296456640625 0.34485168055555554 0.04522221354166665 0.1339910833333333
4 0.5117242187500001 0.22284899999999996 0.04442864583333339 0.08462607407407403
1 0.568053578125 0.2524681481481481 0.06505638541666663 0.09873037037037036
1 0.5267981875000001 0.27291953240740746 0.050775500000000126 0.10860352777777778
3 0.48435290625 0.30394945370370374 0.04680877083333327 0.0916788703703704
5 0.4415108671875 0.34273622685185184 0.06267618229166659 0.08180532407407405
3 0.39387916406249995 0.43574036111111114 0.10387257812499992 0.3044849444444444
1 0.5648801197916666 0.3582510879629629 0.08251059374999983 0.13258115740740742
5 0.6097054687500001 0.09379398148148146 0.027768229166666814 0.04090277777777779
1 0.5815408385416666 0.10296211111111112 0.033321447916666594 0.05923874074074075
3 0.6537377239583333 0.1163609675925926 0.03173496874999995 0.04936510185185185
1 0.6243829244791667 0.12552906481481482 0.03966852604166663 0.05641779629629629
1 0.6739685468750001 0.14668533333333333 0.04680873958333341 0.062058962962962975
1 0.7521157630208334 0.1622001064814815 0.03808201562499995 0.07334237962962965
2 0.7691731223958332 0.2686884351851852 0.05315583854166661 0.1537379444444444
2 0.38756171875 0.22355462962962966 0.04522239583333333 0.07757407407407405
1 0.31343896614583333 0.14449222685185184 0.03621269270833339 0.05722480555555554
