3 0.09837786458333334 0.39985879629629634 0.04442864583333333 0.08321574074074078
2 0.16859140625 0.3681240185185185 0.06426302083333332 0.08462603703703708
1 0.07140337760416668 0.4696754351851852 0.055535953125 0.12129727777777767
1 0.13923653645833334 0.4506345324074074 0.07854359375 0.1283494537037037
1 0.16383104947916666 0.5176304953703702 0.07061011979166665 0.149506287037037
3 0.2610191640625 0.5860366527777776 0.08727104687499997 0.13399150925925915
3 0.18723541666666668 0.6431592453703704 0.07616354166666668 0.11565558333333328
2 0.5129143229166666 0.394922587962963 0.08171718750000002 0.1495066759259259
1 0.56924375 0.35825112962962957 0.07219687499999997 0.12129774074074072
1 0.6108955729166666 0.23201697222222226 0.06664322916666675 0.09449938888888894
2 0.7699663749999999 0.2708037037037037 0.04839537499999989 0.14668518518518514
1 0.7981312500000002 0.20451339814814815 0.034908333333333395 0.06770098148148146
2 0.7509255208333333 0.16008472222222223 0.04204895833333318 0.07475277777777778
2 0.7334713541666669 0.17207314814814814 0.043635416666666656 0.07334259259259257
2 0.7100669270833334 0.21438657407407408 0.05394947916666659 0.13822314814814815
1 0.6775388020833333 0.14598011574074074 0.04918906249999999 0.06346939814814816
3 0.6521510416666666 0.11495065740740742 0.03490833333333328 0.04936535185185185
1 0.6263663281249999 0.12270823148148148 0.04204859374999993 0.05077612962962962
5 0.6101023437499999 0.09873075462962963 0.033321354166666595 0.04795515740740741
1 0.58392109375 0.10296177314814814 0.03808177083333343 0.05641719444444445
1 0.4376110416666667 0.12482407407407407 0.04376933333333331 0.057827777777777783
4 0.40025566406249996 0.1107195138888889 0.03252825520833339 0.043723935185185185
3 0.3482898828125 0.13046574074074074 0.025387942708333354 0.05782777777777777
1 0.3098114583333333 0.17630462962962962 0.04363541666666671 0.07334259259259257
1 0.34670312500000006 0.15937952314814816 0.03966875000000005 0.06205947222222224
3 0.3835947786458334 0.14668567129629628 0.03887502604166671 0.06488050925925926
3 0.5311221223958333 0.16502135648148147 0.05148966145833332 0.05923876851851852
3 0.4899063906250001 0.17066275925925928 0.04363541666666671 0.07052214814814817
3 0.4569815104166667 0.19534583333333333 0.04918906249999999 0.07193240740740742
2 0.3903385416666667 0.22355416666666664 0.04442916666666665 0.07193240740740739
3 0.3419427734375 0.256699537037037 0.05870924479166663 0.07334351851851847
3 0.28244017968749996 0.30677016203703705 0.044429015624999985 0.1622004166666666
4 0.33123255208333335 0.33779999999999993 0.04680885416666669 0.12835
3 0.3923218359374999 0.2771508009259259 0.04522195312499999 0.08039469444444447
5 0.44071752083333326 0.3441465416666667 0.05791599999999999 0.08180506481481475
3 0.39267775781250003 0.4371709768518519 0.1030565052083333 0.30734617592592595
3 0.48593976562499996 0.3018337962962963 0.04680901041666671 0.09026759259259252
1 0.511724375 0.22073338888888888 0.05236270833333331 0.07757396296296296
2 0.5363187838541668 0.27291978703703706 0.06346972395833331 0.10296227777777776
1 0.3130363619791667 0.14592281481481478 0.03540748437499997 0.057224740740740736
