3 0.25467219531249996 0.5733426759259259 0.08251081770833334 0.13963316666666664
3 0.2173836328125 0.47390695833333335 0.06664315104166665 0.15232732407407407
2 0.16303776041666665 0.3674189814814815 0.07378385416666666 0.07475277777777778
4 0.10512171875 0.38504953703703704 0.0388753125 0.06770092592592589
1 0.06426302083333332 0.4231310185185185 0.046015625 0.09873055555555552
2 0.5640867499999999 0.35260912962962965 0.08409733333333319 0.1382224814814814
1 0.7965442708333333 0.20662901388888888 0.04760208333333319 0.07475308333333328
3 0.7683796874999999 0.25599398148148156 0.042048958333333414 0.17630462962962964
1 0.7521157630208334 0.15954191666666667 0.03808201562499995 0.07301801851851852
1 0.7053068932291668 0.12976018518518517 0.038082046875000115 0.07052222222222221
3 0.6537377604166666 0.11354027777777778 0.033321354166666595 0.05500648148148146
1 0.6243828541666667 0.1262341574074074 0.04125512499999999 0.0578279814814815
1 0.6081187499999998 0.09590966666666667 0.027767708333333373 0.04795474074074075
1 0.5811442708333333 0.10437222222222223 0.03728854166666658 0.059238888888888896
3 0.6188293984375 0.2362480324074074 0.06981676562499999 0.09449887962962959
1 0.5708304687499999 0.25599457870370373 0.06267656250000009 0.09449973148148148
1 0.5379055026041666 0.2771509259259259 0.06664316145833335 0.10014074074074072
1 0.49189000260416665 0.3088858148148148 0.06505645312500002 0.09590985185185183
5 0.44111413541666666 0.3399152777777777 0.05870922916666667 0.0789842592592592
3 0.3930744427083333 0.4393068148148148 0.10226313541666662 0.308796962962963
4 0.32924904947916667 0.3385047083333334 0.04442898437499997 0.1156553981481482
1 0.39192515364583336 0.28067693981481484 0.06346948437499998 0.09308871296296294
3 0.531127796875 0.16525416203703702 0.05308775000000002 0.06441389814814813
3 0.4867330729166667 0.16995740740740745 0.03887552083333337 0.06629074074074076
3 0.45777526041666666 0.1946402777777778 0.04918906249999999 0.07052129629629628
1 0.38399140625 0.22214365740740735 0.05394947916666671 0.08885712962962966
3 0.3375793020833333 0.2581101898148148 0.04839556250000001 0.07052221296296297
3 0.2816467369791667 0.304654337962963 0.04760235937499999 0.14950613888888883
1 0.4384214375 0.1262342592592593 0.04697686458333337 0.06064814814814816
4 0.39866901041666664 0.10930874074074073 0.024594270833333334 0.04372325925925926
3 0.34551302083333335 0.13046527777777778 0.04046145833333335 0.05500648148148146
1 0.3121914739583333 0.14809589814814814 0.034114968749999974 0.05641746296296296
1 0.31148032031249995 0.17348364814814815 0.03712373437500004 0.07052159259259262
1 0.34789307812500003 0.1607898425925926 0.04204850000000005 0.07052185185185182
1 0.38280154947916667 0.14809610648148147 0.037288567708333296 0.06205963888888888
