3 0.26022567447916667 0.5867417453703703 0.08568406770833331 0.13540169444444444
1 0.10234480208333334 0.38434396296296297 0.041255187499999985 0.07475281481481477
2 0.13804657291666667 0.4456982916666666 0.07299018750000003 0.12129786111111106
1 0.07259343489583332 0.48377993518518525 0.053155838541666674 0.09026790740740732
1 0.08290726041666667 0.6480960046296296 0.06743652083333333 0.32863206481481483
3 0.18763233854166667 0.6417491435185186 0.07695719791666665 0.12129800925925925
4 0.3998591145833333 0.11354022222222222 0.026974479166666634 0.052186222222222224
1 0.34313307291666667 0.1643157592592593 0.03570156250000001 0.06911107407407407
1 0.31219159375 0.17489398148148153 0.037288687500000015 0.07616388888888892
1 0.3824047916666667 0.1473907638888889 0.03966854166666671 0.06629069444444446
3 0.530368546875 0.16008449074074074 0.04522228124999999 0.06629027777777781
3 0.4887164453125 0.17277868055555554 0.03808169270833333 0.06629078703703702
3 0.4609486171875001 0.1967561574074074 0.04760205729166665 0.07475349999999997
3 0.3399595598958333 0.2559943240740741 0.05791629687500001 0.06911135185185184
3 0.2824401067708333 0.3025386805555555 0.04601561979166666 0.1537374537037037
4 0.3304388020833333 0.34344149537037033 0.04680885416666669 0.13117071296296298
3 0.39232195572916667 0.28208725 0.04839567187500003 0.09308846296296293
4 0.5113275703125 0.22214369907407405 0.049982359375000014 0.07757371296296298
5 0.44071756770833326 0.3455569351851851 0.06267632291666671 0.09026761111111115
3 0.3930801171875 0.4364354861111111 0.10386122395833333 0.3002334537037038
3 0.4867330729166666 0.30324410648148153 0.051569270833333354 0.09590993518518522
1 0.5351285859374999 0.270098912037037 0.06902303645833333 0.10860402777777775
1 0.5664669322916666 0.25387870370370375 0.06029634374999991 0.10437222222222217
2 0.51489771875 0.39351215277777774 0.08409727083333328 0.1523275462962963
2 0.7707598958333333 0.267278 0.05474270833333333 0.15655881481481482
1 0.6985630208333333 0.13399160648148148 0.026181250000000014 0.062059379629629645
1 0.6743653723958333 0.1516218240740741 0.04284217187499995 0.06346931481481483
3 0.6537377239583333 0.11636084259259259 0.03173496874999995 0.052185722222222224
1 0.6235895520833333 0.1255287037037037 0.041255270833333316 0.06205925925925926
5 0.6089122812499999 0.09661513888888888 0.027768145833333455 0.04090305555555555
1 0.5809858828125001 0.0996485462962963 0.030624796875000016 0.061074870370370356
2 0.38835495833333333 0.22355462962962966 0.04204841666666669 0.07757407407407405
