3 0.25982910677083326 0.5803949074074073 0.0896511614583333 0.14527500000000004
3 0.18882220572916666 0.6093092592592594 0.07298996354166665 0.15514814814814798
1 0.1586743151041667 0.5197458333333334 0.05870970312500002 0.145275
2 0.13963329166666666 0.44851925462962966 0.07616362500000003 0.1241188981481482
2 0.16621131770833333 0.37023955092592586 0.06743673958333334 0.08321534259259254
4 0.10472503385416668 0.38222860185185187 0.03966868229166667 0.062059462962962976
1 0.06465963541666667 0.4252467592592592 0.046808854166666664 0.0973194444444444
3 0.7679829713541667 0.25810994444444446 0.04601530729166671 0.16925233333333337
1 0.7314879505208333 0.17348398148148148 0.05394909895833327 0.07334314814814814
1 0.7045135000000002 0.21368120370370366 0.06346987499999995 0.15373759259259265
1 0.7021332656249998 0.12834977314814813 0.030148052083333356 0.06488008333333334
3 0.6529442708333335 0.1149504074074074 0.03332187499999992 0.055006592592592586
1 0.6255728854166667 0.1255291666666667 0.04522193749999997 0.059237962962962964
1 0.6105620338541666 0.09943563425925928 0.03424073437499994 0.04372317592592591
1 0.5827309427083333 0.10507751388888888 0.03570165625000013 0.060648675925925925
3 0.620812765625 0.23201675925925927 0.06902327083333344 0.08885722222222217
3 0.5311221223958333 0.16666666666666666 0.05148966145833332 0.06151644444444444
3 0.48752630208333325 0.16995759259259258 0.040461979166666676 0.06629037037037035
3 0.45777499999999993 0.19252453703703704 0.04601562500000001 0.06911203703703706
1 0.5371122395833333 0.27291966203703705 0.06822968749999987 0.10578289814814809
1 0.5704337395833332 0.2566994166666667 0.06505647916666663 0.10155116666666662
1 0.49228676041666664 0.3088858148148148 0.06267647916666667 0.09590985185185183
5 0.44468451822916666 0.34344165740740734 0.06426325520833333 0.08603705555555552
3 0.33797610677083334 0.25881540740740744 0.05077591145833343 0.06911177777777774
3 0.28283671875 0.30535972222222224 0.04839531249999996 0.15937870370370366
4 0.3296456640625 0.340620787037037 0.04522221354166665 0.12270842592592593
3 0.3934768020833334 0.4371709768518519 0.10306785416666665 0.30734617592592595
1 0.43682913802083334 0.12693937962962962 0.04855202604166659 0.056417537037037044
4 0.3982723307291666 0.11142473148148148 0.028561588541666735 0.04231349999999999
3 0.3478932213541667 0.1318757824074074 0.03728855729166671 0.04936510185185185
1 0.31377814583333324 0.14739080555555556 0.03252808333333335 0.0550072777777778
1 0.31179490885416666 0.17348364814814815 0.03808205729166669 0.07052159259259262
1 0.34471953125 0.16149505555555554 0.03570156250000001 0.06064877777777777
1 0.38200798697916666 0.1480958564814815 0.03728819270833329 0.06770087962962962
1 0.06960842447916667 0.6552215555555555 0.055525859375 0.40343385185185193
1 0.3866685130208333 0.22174537037037037 0.05391619270833334 0.09442037037037036
2 0.5645119791666667 0.3497854953703704 0.08610520833333334 0.1301858055555556
