3 0.2554653515625 0.5719323657407409 0.08568388020833334 0.13963341666666665
1 0.07814713541666668 0.6767768148148148 0.053155729166666665 0.3803519444444445
2 0.13923670052083334 0.44781388888888884 0.06902347395833335 0.11988703703703699
2 0.16462447916666667 0.36459814814814817 0.06902291666666667 0.08039444444444446
3 0.10194791666666667 0.3956273148148147 0.04363541666666667 0.0944990740740741
1 0.06346953125 0.4252467592592592 0.04442864583333333 0.10014166666666663
1 0.07180013541666666 0.48378006018518505 0.05315597916666667 0.08744728703703701
1 0.8020979166666666 0.20733418981481483 0.05394895833333327 0.08462606481481484
1 0.7501320312500002 0.15937962962962962 0.04046197916666673 0.07052222222222221
1 0.6235895833333333 0.12623425925925927 0.04125520833333323 0.05782777777777777
4 0.6073255208333334 0.09661501388888888 0.032528125000000095 0.043723675925925916
1 0.5783673072916665 0.10296203703703705 0.03490809374999995 0.06205925925925927
3 0.6180359375000001 0.2334273148148148 0.06664270833333343 0.08885833333333332
1 0.51291421875 0.22214398148148148 0.05474239583333329 0.0832157407407407
1 0.4918898854166667 0.307475 0.06188272916666661 0.09308888888888889
5 0.4415110572916667 0.34132557870370367 0.06426330208333333 0.07898402777777778
3 0.38597500000000007 0.28843425925925925 0.04204895833333335 0.06911111111111115
4 0.3288522916666666 0.3370949074074074 0.046808958333333275 0.1297601851851852
3 0.2836302109375 0.30253888888888886 0.048395828124999964 0.15373703703703698
3 0.33956276041666666 0.25740509259259253 0.04918906249999999 0.07193240740740736
3 0.4589652213541667 0.19252453703703704 0.046809140624999954 0.07193240740740742
3 0.4891130208333333 0.16854722222222224 0.03728854166666663 0.0662907407407407
3 0.5339387630208333 0.1636111111111111 0.042842265625000014 0.06205925925925926
1 0.4372257057291666 0.1276447962962963 0.04775889062500003 0.06346922222222223
4 0.39985885416666656 0.10930879629629628 0.028561458333333376 0.043723148148148136
3 0.34947994791666664 0.1332861111111111 0.030941145833333294 0.05782777777777777
1 0.31139817708333334 0.14598018981481484 0.03411510416666665 0.052186305555555555
1 0.31100134635416665 0.17418886574074072 0.038081682291666634 0.06911115740740743
1 0.3435296562500001 0.15937927314814815 0.03490839583333341 0.067700712962963
1 0.3824046744791667 0.14668545833333335 0.036494817708333294 0.059238342592592586
1 0.5705471927083333 0.2539342592592593 0.06437771875000008 0.09299074074074078
1 0.5367486979166666 0.27181666666666665 0.06276822916666666 0.09728148148148143
