3 0.26141588541666666 0.5881523333333334 0.08647760416666667 0.12976022222222222
3 0.1864421875 0.6466856481481482 0.08092395833333334 0.11706574074074073
4 0.07852783333333332 0.6545013935185185 0.06343789583333333 0.3075923425925926
1 0.157484375 0.5155148148148148 0.07854375 0.14527592592592592
2 0.13923648958333334 0.44851898148148145 0.07378327083333333 0.12129722222222222
3 0.10274140625 0.40126930092592594 0.0420484375 0.08039473148148149
2 0.16660788541666666 0.3688294490740741 0.06346964583333334 0.08885776851851852
5 0.4391307291666667 0.34203101851851847 0.056329166666666666 0.09449907407407407
3 0.39347680208333335 0.4364557962962963 0.10306785416666667 0.3059152962962963
2 0.6136724166666667 0.2334273148148148 0.06108954166666667 0.0916787037037037
1 0.5680536458333333 0.2574050925925926 0.05394895833333333 0.08321574074074074
1 0.5386988515625001 0.2700987777777778 0.06981659895833332 0.09731944444444444
1 0.5093440104166667 0.2214384814814815 0.05077552083333334 0.07898414814814815
2 0.76837965625 0.2581101574074074 0.0452219375 0.17489449999999998
2 0.7497356015625001 0.1600842592592593 0.038081921875 0.07757407407407407
2 0.7088770390625 0.21353293055555556 0.054742796875000006 0.13087404629629631
1 0.6965796875 0.12976033796296296 0.022214583333333333 0.05923858333333334
1 0.673571875 0.14527502314814816 0.046015625 0.06205921296296296
3 0.654134375 0.11142435648148148 0.035702083333333336 0.04795449074074074
1 0.627953125 0.1262339490740741 0.045221874999999995 0.052185805555555555
5 0.6077221354166666 0.09731990740740741 0.0364953125 0.045134259259259256
3 0.53390459375 0.1657263240740741 0.04753415625 0.06346957407407407
3 0.4907 0.1699574675925926 0.03728854166666666 0.06911099074074074
3 0.4605518203125 0.19605081481481482 0.046808859375 0.07334281481481482
1 0.43714739583333334 0.1262341574074074 0.046015625 0.05782798148148148
4 0.3982721354166667 0.11001395833333334 0.0301484375 0.04231282407407408
3 0.35106658593749995 0.1304653425925926 0.027767869791666667 0.052185981481481486
1 0.31139817708333334 0.14668525000000002 0.03887552083333334 0.05359616666666667
1 0.31100134635416665 0.17489442129629626 0.03808168229166666 0.07052226851851852
1 0.34471953125 0.15937927314814815 0.03411510416666667 0.06770071296296297
3 0.3820081302083334 0.1488013287037037 0.03411498958333334 0.06064919444444445
0 0.2820433515625 0.3053595138888889 0.048395588541666666 0.15937912037037036
3 0.3407528645833333 0.2559469444444445 0.054742187500000004 0.07465833333333334
2 0.3899419375 0.22849074074074072 0.045222375 0.07616296296296296
1 0.4922866875 0.30324398148148146 0.06426308333333333 0.09591018518518518
2 0.7306866796875 0.17310465277777778 0.040236015625 0.0772536574074074
