3 0.25467213541666667 0.5705222222222223 0.08885781250000001 0.1396333333333333
1 0.088064171875 0.5853310185185185 0.07457686458333333 0.12976018518518503
2 0.14002997916666665 0.4513398148148149 0.07537025 0.12411851851851863
3 0.07060995833333333 0.4894212962962963 0.05236237499999999 0.09308888888888894
2 0.1626410078125 0.37165006944444456 0.07775027604166668 0.08885726851851851
1 0.10472496093750001 0.39804998148148146 0.04125528645833332 0.09088144444444447
1 0.05989947916666667 0.4224260740740741 0.043635416666666677 0.10578303703703708
1 0.7723466145833332 0.2693936574074074 0.05632968750000013 0.1833571296296297
1 0.7517188880208333 0.1614950138888889 0.03728826562500001 0.07193219444444444
2 0.7120505 0.21791268518518514 0.054742750000000014 0.1311709259259259
1 0.6703983984375 0.14668567129629628 0.047602161458333354 0.06488050925925926
3 0.6529442708333335 0.11212969907407408 0.03014791666666679 0.046544305555555554
1 0.6239861979166667 0.1255291666666667 0.04204843750000009 0.059237962962962964
1 0.60851540625 0.09819790740740741 0.026974395833333276 0.05253122222222223
1 0.5843177083333333 0.10719329629629631 0.030941666666666614 0.05359674074074075
3 0.5359220963541667 0.16925277777777778 0.046808932291666674 0.06205925925925926
3 0.6180360286458334 0.2327222222222222 0.06823002604166663 0.0902685185185185
2 0.5335420781250001 0.2813821574074074 0.061089802083333214 0.09167827777777778
1 0.5137075651041667 0.22355416666666666 0.05950257812500001 0.08321574074074073
1 0.4867665572916666 0.3095909907407408 0.04846259375 0.10578283333333337
5 0.4391308489583333 0.3427361018518518 0.05950288541666673 0.08462594444444452
3 0.38745842187500007 0.42644149074074067 0.09579131250000004 0.28588668518518523
3 0.38399140625 0.2877291666666666 0.03808177083333331 0.06770092592592594
4 0.32845567708333334 0.3427363611111111 0.046015729166666595 0.14104394444444449
3 0.28085320052083335 0.29830737037037036 0.04125505729166671 0.16220007407407408
3 0.3387692708333334 0.256699537037037 0.05236249999999997 0.07616388888888889
3 0.45896503125 0.19534538425925926 0.045222020833333335 0.06911108333333334
3 0.4887164453125 0.17066268518518518 0.03808169270833333 0.06770055555555556
1 0.43913072916666673 0.12693935185185184 0.04998229166666667 0.059237962962962964
3 0.38438828124999996 0.15105898611111113 0.04204843749999997 0.06177462037037037
1 0.3435296875 0.15867407407407408 0.03332187499999997 0.060648148148148125
1 0.31139822135416667 0.17489398148148153 0.03887543229166669 0.07616388888888892
1 0.31139798437499994 0.1473905925925926 0.032527989583333354 0.04936511111111112
4 0.39985907291666667 0.11212957407407408 0.025388104166666755 0.04936492592592593
1 0.5745705729166666 0.2567953703703703 0.0627682291666666 0.10157407407407407
