3 0.2566554791666667 0.5726375 0.08171716666666667 0.1495064814814815
1 0.08092380729166666 0.6588839537037037 0.06029613541666667 0.34174568518518517
3 0.14677370312500002 0.5338503842592592 0.06029634375 0.13681219444444445
3 0.21421015625 0.4682651666666667 0.06664322916666666 0.14104374074074072
2 0.14082339583333334 0.4492242175925926 0.07854383333333333 0.12834971296296296
1 0.07053689322916666 0.4816641944444444 0.04933558854166666 0.08603642592592593
1 0.10393147135416667 0.3937985324074074 0.03966830729166667 0.09366187962962963
2 0.167401375 0.3660082361111111 0.065056625 0.09167797222222222
3 0.28521681249999997 0.30535972222222224 0.04839554166666667 0.1593787037037037
3 0.33837258072916665 0.2574049305555555 0.054742338541666664 0.08321606481481482
1 0.7521156197916666 0.1607899212962963 0.04125521875 0.07052200925925926
2 0.6684148437499999 0.14456980555555557 0.04046197916666667 0.06346964814814815
3 0.6553244791666668 0.11212962962962962 0.028561458333333335 0.046544444444444444
1 0.6287465364583333 0.12341319907407408 0.046809010416666665 0.055006935185185186
4 0.61010234375 0.09661527777777779 0.026974479166666666 0.040902777777777774
1 0.5827309895833335 0.10437220833333334 0.03411510416666667 0.053596324074074074
3 0.6192260130208334 0.2299013888888889 0.067436515625 0.08744722222222222
1 0.5386987552083333 0.27997163425925925 0.06188269791666667 0.08603636111111111
1 0.49228657031250006 0.30818072222222226 0.061089359375 0.09449966666666666
5 0.44230416666666666 0.3413259166666666 0.06585 0.08180557407407407
3 0.38835519270833335 0.2898446944444445 0.030941697916666667 0.06629024074074073
3 0.3910683151041667 0.4307533842592593 0.09983761979166667 0.30015274999999997
3 0.45975852083333335 0.19534563888888887 0.046808999999999996 0.06346983333333334
3 0.48792823958333337 0.17136824074074072 0.03809202083333333 0.06911166666666667
3 0.5327486979166667 0.1643162037037037 0.04522239583333333 0.06064907407407408
1 0.4376166197916667 0.12764444444444445 0.045367614583333334 0.060648148148148145
3 0.382850796875 0.14866208796296299 0.03580055208333333 0.0631908425925926
1 0.341942984375 0.1607898148148148 0.03649528125 0.06487962962962962
1 0.31139817708333334 0.1784199074074074 0.03887552083333334 0.0719324074074074
1 0.31219140624999997 0.1466851851851852 0.030941145833333333 0.053596296296296295
3 0.34987656250000004 0.13117056481481482 0.030147916666666667 0.05077553703703704
4 0.40263593750000004 0.11142448148148149 0.02618125 0.04795474074074074
1 0.5729613046875 0.2532189814814815 0.06437781770833334 0.0944212962962963
