3 0.262209078125 0.5867418750000001 0.08806413541666666 0.1325810648148148
3 0.18564872135416666 0.6452748611111111 0.07933693229166666 0.1227076851851852
1 0.1638311015625 0.5275036018518519 0.07061001562500001 0.15514794444444444
2 0.13923667708333334 0.4492242175925926 0.07537039583333334 0.12834971296296296
1 0.06346953125 0.4245412037037037 0.0491890625 0.09873055555555556
4 0.10234479166666667 0.38363888888888886 0.046015625 0.06205925925925926
2 0.16621131770833333 0.3709451064814815 0.06743673958333334 0.0846264537037037
2 0.5152943333333333 0.3843441851851852 0.0848905 0.17348385185185186
1 0.563690015625 0.3582510879629629 0.08013038541666666 0.1325811574074074
1 0.7945609973958334 0.20662916666666667 0.037288421875000005 0.07475277777777778
1 0.7711565104166667 0.2574046018518519 0.0491890625 0.1734833888888889
1 0.7489421875000001 0.16008449074074074 0.038082291666666664 0.06629027777777778
1 0.7283143229166666 0.16784189814814815 0.0555359375 0.0818050925925926
1 0.7076869609374999 0.21791243055555554 0.063469828125 0.13681217592592593
1 0.674365421875 0.14668533333333333 0.04760248958333334 0.06205896296296296
3 0.6533411458333335 0.11495053240740741 0.032528125 0.052185972222222224
1 0.6271596354166665 0.12693925 0.04522239583333333 0.05923816666666667
1 0.5847144869791666 0.10930879629629628 0.03490852604166667 0.055006481481481476
3 0.6192259427083333 0.2306065740740741 0.06902311458333334 0.08603685185185185
2 0.5271950625 0.27503518981481484 0.051569250000000004 0.10437221296296297
1 0.5141043229166667 0.2228490740740741 0.05712260416666667 0.08180555555555555
1 0.48355960416666666 0.3088856481481481 0.046808916666666665 0.09591018518518518
5 0.4438909583333333 0.34132546296296296 0.064262875 0.07898425925925925
3 0.39033859895833334 0.2771509259259259 0.05077592708333333 0.08321666666666666
3 0.3304390625 0.340620787037037 0.045221874999999995 0.12270842592592593
3 0.33660205989583336 0.2587879953703704 0.050350046875 0.07469869444444444
3 0.2824401067708333 0.30606481481481485 0.04601561979166667 0.1579685185185185
3 0.3922697213541666 0.4371709768518519 0.10065369270833333 0.30734617592592595
2 0.3891484375 0.22919583333333332 0.046809375 0.08321574074074074
3 0.5347320390625 0.16427553703703704 0.049189046875 0.06064870370370371
3 0.4867330729166666 0.1727784259259259 0.04046197916666667 0.07193203703703703
3 0.4601549479166666 0.19746137962962962 0.0491890625 0.06770131481481481
1 0.43722570572916664 0.12552906481481482 0.047758890625 0.0564177962962963
4 0.39628866666666673 0.10930899074074074 0.026181 0.038082018518518515
3 0.34590963541666664 0.13046559722222223 0.038081770833333334 0.04654473148148148
1 0.31338165104166665 0.14739074074074077 0.03490857291666667 0.05500740740740741
1 0.31100134635416665 0.1763048148148148 0.03808168229166666 0.07898481481481481
1 0.34590969791666665 0.16361066666666668 0.031734770833333335 0.0677008888888889
3 0.38280154947916667 0.15232716666666665 0.03728856770833333 0.05923825925925926
1 0.6103809895833334 0.10014305555555557 0.032993229166666665 0.048641666666666666
1 0.5709495364583332 0.25321904629629627 0.06357303125 0.10014338888888889
