3 0.26141588541666666 0.5860367824074074 0.08806406249999996 0.1311708796296296
3 0.18683885937499997 0.64739075 0.08171720833333336 0.12129748148148155
1 0.16343440104166665 0.5211566157407409 0.06981661458333331 0.14809602777777783
2 0.16541794791666667 0.36882936574074077 0.06902347916666667 0.08039497222222222
4 0.10512164843749999 0.38716517592592586 0.04046191145833333 0.07193261111111118
1 0.065453 0.4252467592592592 0.04046170833333332 0.10014166666666663
2 0.13963329166666666 0.4464032592592593 0.07616362500000003 0.12552866666666657
1 0.7981311901041667 0.20662901388888888 0.041255328125000074 0.07475308333333328
1 0.7711566692708334 0.25952025462962963 0.05236270312499999 0.1692520833333333
2 0.7497356718749998 0.1607900462962963 0.03649532291666671 0.0677013888888889
1 0.7338680651041667 0.1706631064814815 0.05394909895833327 0.0818057685185185
1 0.7084802135416666 0.21932307870370366 0.05870936458333335 0.13963347222222222
1 0.674365421875 0.1488013287037037 0.04760248958333335 0.06064919444444445
3 0.6545309062500001 0.11777161574074073 0.028561104166666716 0.05218639814814815
1 0.62636640625 0.12482350925925927 0.04680885416666669 0.05500668518518518
1 0.5827310130208334 0.10578264814814815 0.03411505729166665 0.050775444444444456
3 0.6200193151041664 0.2306065740740741 0.06743636979166669 0.08603685185185181
1 0.5712271119791665 0.2552892314814815 0.06346973437499995 0.09873079629629632
1 0.5379055026041666 0.27291944907407406 0.06664316145833335 0.10014073148148152
1 0.5121208489583334 0.38504948611111106 0.09123746874999993 0.1805362129629629
5 0.44071759114583325 0.3441465 0.05632940104166663 0.09308848148148151
1 0.4918898854166667 0.3053598472222222 0.06188272916666661 0.10014141666666664
3 0.393471234375 0.4364556666666667 0.10146955208333329 0.30591555555555544
4 0.32885234375 0.34062066203703706 0.04204843749999997 0.12552904629629624
3 0.2812500520833333 0.3060647361111112 0.048395729166666644 0.1579686759259259
3 0.33797604166666667 0.2573573796296296 0.05394895833333333 0.07183746296296296
1 0.38334404947916667 0.22002812500000002 0.0621745572916667 0.09026782407407405
3 0.4589652213541667 0.1925248888888889 0.046809140624999954 0.066290962962963
3 0.4871299479166667 0.17066268518518518 0.038081770833333375 0.06770055555555556
3 0.5335420078124999 0.1650210185185185 0.045222234374999934 0.056417222222222244
1 0.43722003125 0.1269395787037037 0.04616079166666663 0.05923791666666668
4 0.39827239583333335 0.10930907870370371 0.023801041666666654 0.04654480555555557
3 0.34590974479166664 0.13258101851851856 0.036495093750000034 0.05359722222222223
1 0.31258808854166664 0.14668537499999995 0.034908197916666654 0.050775546296296305
1 0.31179471875 0.17559925925925926 0.036494937499999956 0.07757370370370371
1 0.3447197838541667 0.16361058333333334 0.030941682291666696 0.05923809259259261
3 0.38319823437500006 0.14806866666666668 0.03649519791666667 0.06437768518518518
1 0.6111856770833335 0.10085837037037038 0.03460260416666673 0.052932759259259284
