3 0.25665540885416666 0.5705218425925926 0.08330376562499998 0.13399150000000012
1 0.08766744791666665 0.6715477083333333 0.06584947916666667 0.3078344907407408
3 0.14796373437500002 0.5338505972222222 0.06426315625 0.1424543611111111
2 0.13685646875 0.4506345324074074 0.07060997916666666 0.1283494537037037
3 0.07180013541666666 0.4873058611111111 0.05315597916666667 0.09731975925925933
2 0.16502135416666666 0.36600849074074077 0.0698166666666667 0.08603672222222224
1 0.11067526822916667 0.38387500925925927 0.040461963541666666 0.09920277777777779
1 0.7497356015625002 0.16078979166666663 0.03808192187499995 0.07334263888888888
2 0.6676215755208332 0.14739074074074077 0.042048515624999894 0.06911111111111112
3 0.6545309895833334 0.11565555555555555 0.030148437500000114 0.04231296296296297
1 0.62636640625 0.1269393518518519 0.04680885416666669 0.0564175925925926
4 0.6077221354166666 0.09732037037037038 0.028560937499999994 0.04231296296296297
1 0.5847143229166666 0.10719329629629631 0.03649531250000007 0.05359674074074075
3 0.6200193489583334 0.2306064814814815 0.06743661458333344 0.086037037037037
1 0.5375085937499999 0.27856119907407406 0.06426302083333327 0.08885723148148152
1 0.48990651041666666 0.3074754629629629 0.06267656250000003 0.09873055555555552
5 0.4419077421875001 0.3427361111111111 0.06346993229166666 0.08462592592592588
3 0.39067168750000003 0.4321435231481482 0.100630875 0.2916500092592594
4 0.3280588723958333 0.3420310185185185 0.04363538020833329 0.13681203703703704
3 0.38002474999999997 0.2870237824074074 0.04284216666666658 0.08321539814814816
3 0.28323340885416665 0.3027120879629629 0.0460154739583334 0.15621100925925924
3 0.3387692656250001 0.2581100231481481 0.05394896874999997 0.08462625000000001
3 0.48591646875000005 0.17066250000000005 0.034068354166666676 0.06770092592592591
3 0.5311619791666666 0.16643148148148149 0.048395833333333374 0.06205925925925926
1 0.4383375000000001 0.1255287037037037 0.04839583333333331 0.06205925925925926
3 0.3835947786458334 0.14880138888888889 0.03887502604166671 0.06346944444444445
1 0.3415463541666667 0.1600842592592593 0.03887499999999999 0.06629074074074076
1 0.31060468750000003 0.17559907407407407 0.03887499999999999 0.07757407407407407
1 0.31219140625 0.14880138888888889 0.03411510416666665 0.06346944444444445
3 0.3490830729166667 0.13258121296296294 0.03173489583333335 0.05359683333333332
4 0.39946250000000005 0.10860352314814815 0.026181250000000076 0.045133694444444455
1 0.5713518229166666 0.2553648148148148 0.06276822916666672 0.09299074074074075
1 0.559683390625 0.3497854953703704 0.08610532291666662 0.1301858055555556
