3 0.25943229166666665 0.5705217175925927 0.08092395833333328 0.13681212037037033
3 0.1951693359375 0.48377993981481476 0.05077591145833331 0.1523271574074074
1 0.08449391927083333 0.675073800925926 0.06743670312500001 0.30078230555555563
2 0.13883994531249993 0.45204490740740744 0.0714034427083333 0.12552870370370373
3 0.07021328125000001 0.48517031481481476 0.05315572916666667 0.07898518518518521
1 0.06148616666666666 0.423836574074074 0.042048500000000016 0.07193240740740736
1 0.10710512239583332 0.40092142592592594 0.04125538020833333 0.09944470370370372
2 0.16660800260416667 0.3653032407407408 0.06664336979166668 0.08462685185185179
1 0.8072548385416667 0.1946402777777778 0.03728823958333341 0.0733435185185185
1 0.7715531406250001 0.2700986111111111 0.05632913541666665 0.17630462962962956
1 0.7505288307291667 0.15867405092592593 0.03966838020833331 0.06911115740740743
1 0.7120503098958333 0.21861790277777776 0.05315563020833333 0.1297604907407407
3 0.6700017630208334 0.1459800925925926 0.04680889062499993 0.06346944444444445
3 0.6545309895833334 0.11565587499999999 0.03173489583333347 0.04795491666666666
1 0.6247796875000001 0.12552906481481482 0.042048958333333414 0.05641779629629629
4 0.6097057291666667 0.09661481481481482 0.026181250000000014 0.04372407407407408
1 0.5835244791666667 0.10648820370370371 0.03252812499999998 0.05218655555555557
3 0.6176393229166667 0.23483759259259257 0.06584947916666668 0.09449888888888888
1 0.5148977395833333 0.22566990740740742 0.06029618750000007 0.08462685185185187
2 0.5371122239583334 0.27997159259259263 0.06029638541666671 0.09731977777777777
1 0.4950635338541666 0.3060648148148148 0.06346980729166667 0.09308888888888889
1 0.5156910182291666 0.3871651851851851 0.08409713020833329 0.16502148148148144
1 0.5644833151041666 0.35613559722222227 0.08013024479166676 0.12270843518518512
5 0.4434944140625 0.3399152777777777 0.06188304687500003 0.0789842592592592
3 0.3910683151041667 0.42860745833333325 0.0998376197916667 0.2958608981481482
3 0.3831981770833333 0.29125555555555555 0.03808177083333331 0.0691111111111111
4 0.3292488593750001 0.3406206203703704 0.04284186458333329 0.136812462962963
3 0.27966328125 0.30112824074074074 0.046808854166666664 0.1537379629629629
3 0.33757935156249996 0.256699375 0.05315588020833329 0.08180495370370366
3 0.46045413802083335 0.1946402777777778 0.048590682291666694 0.06488055555555555
3 0.49188984375 0.17136805555555557 0.038081770833333375 0.06628981481481483
3 0.535921875 0.16431592592592592 0.04363541666666659 0.05500703703703704
1 0.43873411458333333 0.12623425925925927 0.04442864583333327 0.05782777777777777
3 0.38418233333333335 0.1496687592592593 0.03928741666666665 0.061855407407407414
1 0.3423395833333334 0.15726388888888893 0.03728854166666663 0.06911111111111112
1 0.30981145833333346 0.17559907407407407 0.03728854166666663 0.07757407407407407
1 0.3117947916666666 0.1459800925925926 0.03649479166666669 0.0521861111111111
3 0.34670312500000006 0.13117083333333338 0.031734374999999974 0.0564175925925926
4 0.39866874999999996 0.1093087962962963 0.026181250000000076 0.04936574074074075
1 0.5717541901041667 0.25464966203703704 0.05874483854166665 0.09728215740740744
