2 0.1626411458333333 0.3653032407407408 0.071403125 0.08180462962962963
4 0.10591494791666665 0.3850495185185185 0.040461770833333334 0.07616392592592593
1 0.06346957291666667 0.42454166666666665 0.044428562500000005 0.10437222222222221
2 0.13804654947916667 0.44992943981481487 0.07933710937499999 0.12693926851851853
1 0.06863802083333333 0.631279625 0.054742770833333336 0.3683420462962963
1 0.16383115625000003 0.5197463055555556 0.06743664583333334 0.14809627777777779
3 0.26181223958333333 0.5860367824074074 0.09044427083333333 0.13117087962962962
3 0.18763226562500002 0.6445697638888888 0.07854380208333334 0.12411837962962964
2 0.5145010338541667 0.38998568055555555 0.084890640625 0.16784160185185187
5 0.43952734375 0.3406203611111111 0.06029635416666667 0.08039446296296296
3 0.3918730364583334 0.434309875 0.10144706249999999 0.3016234537037037
4 0.3304388932291667 0.3392100138888889 0.046808671875 0.12270775
3 0.2816468072916667 0.3025386805555555 0.04601576041666667 0.1537374537037037
3 0.339959375 0.25810993981481484 0.056329166666666666 0.0761634537037037
2 0.38875182291666666 0.2270800925925926 0.0491890625 0.07616388888888889
1 0.7993213541666666 0.20310277777777777 0.030941666666666666 0.07052222222222222
1 0.7679830416666668 0.256699537037037 0.04442870833333334 0.18053611111111112
1 0.7525123984375 0.15867405092592593 0.032528328125 0.0691111574074074
1 0.7330747864583333 0.1755995972222222 0.042842093750000004 0.08039525
1 0.6747619166666666 0.14527502314814816 0.045222 0.06205921296296296
1 0.6537377604166666 0.11565596296296296 0.03173489583333333 0.056417703703703706
1 0.6267630208333334 0.12482361111111112 0.04125520833333333 0.05218611111111111
1 0.5783671874999999 0.1001412037037037 0.03490833333333333 0.06770092592592593
1 0.5684502656249999 0.2588152777777778 0.06426301041666667 0.0860361111111111
2 0.5379057291666667 0.276445625 0.06981666666666667 0.10155134259259259
1 0.5081540625 0.22566990740740742 0.045222083333333336 0.07616388888888889
3 0.4879230260416667 0.16995780555555556 0.03490811458333333 0.07193253703703703
3 0.530368453125 0.16996979629629627 0.053155802083333335 0.06349388888888889
3 0.4601552057291666 0.192525 0.04601563020833333 0.06629074074074073
1 0.43524215885416667 0.12552906481481482 0.051725984375 0.0564177962962963
4 0.40065234375 0.10930874074074073 0.026974479166666666 0.04372325925925926
3 0.34789322135416667 0.129760125 0.03728855729166667 0.05359641666666667
1 0.31348089322916667 0.14809583333333334 0.036296546874999995 0.05641759259259259
1 0.31258820833333334 0.17559953703703704 0.03808191666666667 0.06911203703703704
1 0.3443229557291667 0.16220014814814815 0.03490825520833333 0.06205896296296296
3 0.3824655182291667 0.14865181481481482 0.039789994791666665 0.06035016666666666
1 0.6051502161458333 0.09585099537037037 0.03540772395833334 0.051501712962962964
2 0.6119903645833333 0.2324751111111111 0.06035364583333334 0.09871274074074074
1 0.48363738802083334 0.308297462962963 0.05311168229166666 0.1044347037037037
2 0.5645119791666667 0.3526467592592593 0.08449583333333334 0.13590833333333333
