3 0.2622091145833333 0.5712273148148148 0.07219635416666666 0.12976018518518517
5 0.08647734374999999 0.5909730601851851 0.07140364583333333 0.12693906481481482
2 0.14002990625 0.44851891666666666 0.07695685416666667 0.12129735185185185
3 0.07100676302083334 0.4880111111111111 0.054742723958333336 0.08462592592592592
2 0.1622442734375 0.36741880092592594 0.073783328125 0.08603647222222223
1 0.1063116328125 0.3923377361111111 0.03966840104166667 0.08227732407407408
1 0.059106244791666665 0.4280675925925926 0.048395843749999994 0.0945
2 0.7715531250000001 0.2799718101851852 0.056329166666666666 0.16502119444444446
1 0.7529091145833333 0.1622001064814815 0.0364953125 0.07334237962962964
1 0.6696051692708334 0.145275 0.046015703125 0.06487962962962962
3 0.6517542265625 0.11354033796296298 0.037288421875000005 0.04372326851851852
1 0.6085155260416666 0.09802519907407407 0.030148114583333333 0.0465440462962963
1 0.5835242421875001 0.10578264814814815 0.035701515625 0.05077544444444444
3 0.6176390625 0.23272210648148148 0.06743645833333334 0.0846261574074074
2 0.5660703125000001 0.35472499999999996 0.07854375 0.11988703703703704
4 0.5073607395833333 0.37940739814814817 0.06902331249999999 0.15796853703703703
2 0.5307651380208332 0.27997159259259263 0.05236243229166667 0.09731977777777778
3 0.4835596770833333 0.30677037037037036 0.0452223125 0.09732037037037036
5 0.44309758593750004 0.3399152685185185 0.06584961979166666 0.07898427777777778
3 0.38864847656249996 0.42644136111111114 0.09341120312500001 0.28588694444444446
3 0.3800247395833333 0.2891398148148148 0.042842187500000004 0.07052222222222222
4 0.32805899218749995 0.34062074537037035 0.04680909895833333 0.13399184259259259
3 0.33678586197916666 0.2531734814814815 0.051568901041666663 0.08039492592592593
3 0.4609484817708333 0.1960509259259259 0.052362411458333334 0.07052222222222222
3 0.4887166666666667 0.17136805555555557 0.04125520833333333 0.06911203703703704
3 0.5351287265625 0.16643166666666664 0.048395671875000004 0.059238518518518524
1 0.4411142291666667 0.12905512037037037 0.050775708333333336 0.06064901851851852
3 0.38399140625 0.15021157407407407 0.04442864583333333 0.055006481481481476
1 0.34114947916666666 0.15937962962962962 0.03966875 0.06205925925925926
1 0.3094145572916666 0.17700972222222222 0.03649484375 0.0719324074074074
1 0.31258808854166664 0.1466851851851852 0.03490819791666667 0.053596296296296295
4 0.39906562500000003 0.115655875 0.028561458333333335 0.047954916666666667
2 0.7053380208333333 0.2124462962962963 0.044259375 0.12446296296296296
2 0.7351125598958334 0.1716736111111111 0.03943113020833333 0.07725277777777778
1 0.5725588541666667 0.2560800925925926 0.06518229166666667 0.0944212962962963
