3 0.25665546875 0.5733425925925926 0.08013072916666666 0.1424537037037037
1 0.0797337734375 0.6717797546296296 0.056329328125 0.3731786944444444
3 0.21579684375 0.47602257407407406 0.0650563125 0.15655855555555553
2 0.13963329166666666 0.4464032592592593 0.076163625 0.12552866666666668
2 0.16541787500000002 0.3674189305555556 0.07061008333333334 0.08039497222222222
3 0.09877456250000001 0.3850493101851852 0.049982125 0.07052175
1 0.7977344348958334 0.20874490740740742 0.043635296875 0.07616388888888889
1 0.77313984375 0.26657269907407405 0.05950260416666667 0.18053608333333335
1 0.7513222734375 0.1622001064814815 0.03649503645833333 0.07334237962962964
3 0.6992276119791666 0.12660943981481484 0.025900994791666666 0.061516453703703705
3 0.6557211276041667 0.11495065740740741 0.03411503645833334 0.049365351851851855
0 0.647390625 0.07827916666666666 0.0015864583333333332 0.0014101851851851851
1 0.6231929687500001 0.12411851851851852 0.0420484375 0.053596296296296295
1 0.6073255208333334 0.10014093981481481 0.035702083333333336 0.05077552777777778
1 0.5775739583333334 0.10225663888888889 0.036494791666666665 0.06629042592592592
3 0.6184327369791666 0.2306064814814815 0.061089734374999996 0.0888574074074074
1 0.5137078125 0.22214391203703704 0.061089583333333336 0.08039500925925926
2 0.5355254114583334 0.27574028240740744 0.06505646875 0.10578239814814815
1 0.48871637500000004 0.3081805555555555 0.057122458333333334 0.09732037037037036
5 0.4407175208333333 0.3406203611111111 0.057915999999999995 0.08039446296296296
3 0.39268343229166663 0.4371709768518519 0.10465459375000001 0.30734617592592595
4 0.32885217447916665 0.34414675925925925 0.043635234375000005 0.1269398148148148
1 0.38611513802083336 0.22214398148148148 0.05502294270833333 0.0916787037037037
3 0.337182546875 0.2581101851851852 0.05077553125 0.07334259259259258
3 0.2812501223958333 0.3060648611111111 0.046809130208333334 0.15514805555555555
3 0.5335079088541667 0.16641343055555555 0.048327526041666666 0.06202291666666667
3 0.4883198307291667 0.17207346296296297 0.03728846354166667 0.06770122222222223
3 0.45975852083333335 0.19534550925925925 0.046808999999999996 0.06629046296296297
1 0.43722575260416663 0.12835 0.047758796874999995 0.053596296296296295
4 0.3978755208333334 0.10930925925925926 0.027767708333333332 0.046544444444444444
3 0.3470998020833333 0.13399152314814816 0.03411497916666666 0.05359658333333333
1 0.3141748307291667 0.14739080555555556 0.03173471354166667 0.05500727777777778
1 0.3106047317708333 0.17348379629629632 0.037288453124999996 0.07334351851851852
1 0.34630638281250004 0.15937927314814815 0.030941401041666667 0.06770071296296297
1 0.38319823437500006 0.14598011574074074 0.036495197916666666 0.06346939814814814
1 0.0724249140625 0.47496403240740737 0.05311163020833333 0.09155897222222223
1 0.5705471354166668 0.2532189814814815 0.06598697916666667 0.0972824074074074
