3 0.25506875 0.5684060185185186 0.08330416666666667 0.12976018518518517
1 0.07973389322916667 0.66034475 0.059503046875 0.35313024074074073
1 0.1586741015625 0.5211564907407408 0.06346950520833333 0.15091664814814815
3 0.214210171875 0.4739069444444444 0.06664319791666666 0.1466861111111111
2 0.16264105208333335 0.3702397592592593 0.0793375 0.09167838888888889
3 0.10313810156249999 0.3949223333333333 0.041255046875 0.09308866666666667
1 0.07060995833333333 0.48589537037037034 0.052362374999999996 0.0888574074074074
2 0.14399682552083334 0.44992931018518517 0.08013046354166667 0.13258076851851852
5 0.4434942734375 0.3427361018518518 0.06505624479166666 0.08462594444444443
3 0.39067163020833334 0.4328690462962963 0.10063098958333333 0.29592142592592596
1 0.74973553125 0.16008462962962963 0.03966852083333334 0.06911142592592592
4 0.667299875 0.1423046527777778 0.03664488541666667 0.07304449074074075
1 0.6239861979166667 0.12129775462962963 0.04522239583333333 0.06488041666666666
4 0.6112924479166666 0.10014085185185184 0.027768229166666665 0.04231274074074074
1 0.5843177083333334 0.10648807407407407 0.029355208333333334 0.05500718518518519
3 0.6192260416666666 0.23131157407407407 0.06743645833333334 0.08744722222222222
1 0.5375087682291666 0.27644583333333334 0.06267621354166666 0.09873055555555556
1 0.49109658333333334 0.307475 0.061882875 0.09308888888888889
3 0.38200807291666666 0.2898449074074074 0.0420484375 0.07475277777777778
4 0.32766223958333335 0.33991574074074077 0.04601510416666667 0.13540185185185186
3 0.28323333333333334 0.30394907407407407 0.046015625 0.15937962962962962
3 0.33876953125 0.25952037037037035 0.05077552083333334 0.07334259259259258
3 0.46015513541666664 0.19534537037037036 0.04760222916666667 0.06911111111111111
3 0.48831979166666667 0.17068510185185182 0.04204895833333333 0.0649245
3 0.5343354166666666 0.16502129629629628 0.045221874999999995 0.06487962962962962
1 0.43922057812500004 0.12341342592592591 0.04698803125 0.06064907407407408
1 0.3435295859375 0.15867407407407408 0.036494994791666666 0.06629074074074073
1 0.31100134635416665 0.17559907407407407 0.03808168229166666 0.06629074074074073
1 0.31139791666666666 0.1459800925925926 0.032528125 0.055006481481481476
3 0.34947994791666664 0.13328611111111113 0.030941145833333333 0.05500740740740741
4 0.39827239583333335 0.1107195138888889 0.028561458333333335 0.043723935185185185
1 0.5713518229166666 0.2560800925925926 0.06437760416666667 0.0972824074074074
