1 0.07814703385416667 0.6753462407407407 0.05950280729166667 0.37749062962962965
1 0.16105430989583333 0.5204515231481482 0.068229921875 0.1466858425925926
3 0.21716510937500003 0.4689704722222222 0.06620626041666668 0.1480960925925926
2 0.16422777083333334 0.3709451064814815 0.06822987500000001 0.0846264537037037
3 0.10512161458333334 0.3998587962962963 0.03728802083333334 0.0860361111111111
1 0.07259343489583332 0.48730601851851857 0.05315583854166666 0.08885833333333333
2 0.13963341145833333 0.4478137824074074 0.07933734375 0.13117058333333334
3 0.39187871093750004 0.43287925925925924 0.10304515104166666 0.29876222222222226
5 0.4415108671875 0.3420310092592592 0.06267618229166666 0.08321575925925925
1 0.49069989843749995 0.3060647314814815 0.06267624479166667 0.09590942592592593
3 0.6541343749999999 0.11354034722222223 0.030941666666666666 0.049365601851851855
1 0.6255729166666667 0.1248236111111111 0.04839583333333333 0.055006481481481476
4 0.61010234375 0.09449939814814814 0.026974479166666666 0.03667157407407407
1 0.5815408854166666 0.10648796296296296 0.0364953125 0.046544444444444444
1 0.4372313802083333 0.12623425925925927 0.04935697916666667 0.06629074074074073
1 0.3835947916666667 0.15021157407407407 0.03728854166666666 0.0578287037037037
1 0.34630625 0.1607898148148148 0.03728854166666666 0.06487962962962962
1 0.31298475260416664 0.17445239814814814 0.040461744791666664 0.07422668518518519
1 0.3106983229166667 0.1466851851851852 0.03234085416666667 0.053596296296296295
3 0.3470997317708333 0.1290550324074074 0.035701578125 0.052186231481481486
4 0.39985885416666667 0.11071898148148147 0.022214583333333333 0.05218611111111111
3 0.33837260416666665 0.2559944444444444 0.04839541666666667 0.0747537037037037
3 0.2808534375 0.2983074074074074 0.0476025 0.17066296296296296
3 0.4601552057291666 0.1946402777777778 0.04601563020833333 0.06488055555555555
3 0.48792291666666665 0.17066250000000002 0.04125520833333333 0.06770092592592593
3 0.5327145390625 0.1649727314814815 0.049914265625 0.05918187037037037
1 0.5156911119791666 0.22214369907407405 0.05870944270833334 0.07757371296296296
3 0.6172424479166666 0.22990148148148148 0.06664322916666666 0.08462666666666667
4 0.32885234375 0.3448518055555555 0.04522239583333333 0.13117046296296295
3 0.3831981770833333 0.2905500833333333 0.038081770833333334 0.08180538888888889
1 0.7049356145833333 0.2103005185185185 0.06598710416666667 0.14878414814814814
1 0.5701448489583334 0.2525034814814815 0.06518240625 0.09585140740740741
