3 0.19556614583333332 0.6304656435185185 0.06743645833333334 0.11283537962962964
3 0.11741878385416667 0.6805357592592592 0.08251034895833334 0.18758774074074075
5 0.09044440364583334 0.5853312685185185 0.07299035937500001 0.11847635185185185
3 0.2177803203125 0.46473907407407405 0.06584977604166667 0.14809592592592594
2 0.13328641666666666 0.4456982546296296 0.063469875 0.1325812685185185
3 0.06902317708333333 0.48730624074074075 0.05394947916666667 0.08885788888888889
4 0.05712265104166667 0.4280675925925926 0.044428656250000004 0.08603703703703704
1 0.10651661979166667 0.39804998148148146 0.04243238541666667 0.09088144444444445
3 0.15550078125000003 0.35825125 0.0555359375 0.0874475
1 0.8143953125 0.19534563888888887 0.038875 0.06346983333333334
2 0.771553140625 0.26304629629629633 0.05632913541666666 0.15091666666666667
1 0.75013203125 0.1614950138888889 0.029354687499999997 0.07193219444444444
1 0.6688117526041667 0.14245414814814816 0.04284211979166667 0.06770096296296296
5 0.6521510416666666 0.11354000925925926 0.023801041666666668 0.04654405555555556
1 0.6247796875 0.12552881481481482 0.04363541666666667 0.06205903703703703
4 0.6089122109375 0.1006960787037037 0.029354744791666665 0.0497469537037037
1 0.58352421875 0.1050773148148148 0.0357015625 0.05218611111111111
1 0.4407175442708333 0.1262340324074074 0.051569078125 0.06064860185185185
1 0.3839914635416667 0.1495064814814815 0.038081656250000005 0.05923888888888889
1 0.341942984375 0.16220046296296295 0.03649528125 0.06488055555555555
1 0.31020797656250004 0.17559953703703704 0.039668421875 0.0719324074074074
1 0.3117947916666667 0.14809583333333334 0.033321875 0.05641759259259259
4 0.40039585677083334 0.11142473148148148 0.026461505208333333 0.0423135
3 0.5331453125 0.16431574074074076 0.05077604166666667 0.05782777777777778
3 0.4906997395833333 0.17136805555555557 0.04046197916666667 0.06911203703703704
3 0.4585685338541666 0.19464037962962963 0.047602515624999994 0.0761636851851852
3 0.3385853932291667 0.2561174953703704 0.054316713541666665 0.07732797222222222
4 0.27450625 0.30677037037037036 0.05077604166666667 0.15937962962962962
3 0.3292489791666666 0.33921035185185183 0.047602604166666666 0.1339919259259259
3 0.3839914635416667 0.29055025 0.038081656250000005 0.06770135185185185
3 0.38785510677083335 0.4250107453703704 0.09499794270833334 0.28302571296296297
5 0.44032081249999994 0.33850491666666666 0.06505629166666667 0.09026794444444444
3 0.4851463541666667 0.30112836574074076 0.049982291666666664 0.09167845370370371
1 0.5371120130208332 0.2813819444444444 0.06505618229166667 0.09449907407407407
2 0.49903022395833335 0.21932316203703703 0.04760205208333333 0.08603700925925926
3 0.6184324114583334 0.23483775 0.06426302083333334 0.0916787037037037
2 0.5644835520833333 0.3575458240740741 0.0864776875 0.11424538888888888
5 0.5204513880208333 0.42595195833333327 0.088857640625 0.09308867592592593
2 0.7306868046874999 0.17167360648148147 0.05311180729166667 0.07725278703703703
1 0.5717541666666667 0.2553648148148148 0.06035416666666667 0.09585185185185185
