3 0.21637745572916664 0.46967581481481485 0.069391015625 0.143865037037037
1 0.07894036458333334 0.6725253287037037 0.0563296875 0.3831324537037037
1 0.07100657291666668 0.4880111111111111 0.05315560416666667 0.08180555555555555
2 0.13963322135416664 0.4485189814814815 0.07775022395833334 0.1269398148148148
2 0.16502126041666668 0.36741905092592597 0.06981685416666666 0.08039523148148148
3 0.10313802083333332 0.39844814814814816 0.04125520833333333 0.0888574074074074
1 0.7517189348958334 0.1622001064814815 0.04204858854166667 0.07334237962962964
1 0.7283146302083332 0.16995787037037036 0.05077594791666666 0.08321574074074074
5 0.6505643229166667 0.11212962962962963 0.025388020833333334 0.043724074074074075
1 0.6247796875 0.12764444444444445 0.04363541666666667 0.05782777777777778
4 0.6093088541666667 0.09731990740740741 0.030147916666666667 0.045134259259259256
1 0.5811442708333333 0.10578287037037036 0.03728854166666666 0.050775
3 0.6188291666666667 0.2306065740740741 0.06981666666666667 0.08603685185185185
1 0.5152942708333333 0.2249645324074074 0.061089583333333336 0.08321537962962962
1 0.49109658333333334 0.3095907407407407 0.061882875 0.10014074074074074
5 0.44071763802083336 0.3420311342592593 0.061089723958333335 0.0803951388888889
3 0.39347680208333335 0.435004875 0.10306785416666667 0.2973722314814815
3 0.3820080729166666 0.28843425925925925 0.04046197916666667 0.06911111111111111
4 0.3260753984375 0.3406206203703704 0.04284191145833333 0.13681246296296298
3 0.3407528645833333 0.2581101851851852 0.05156927083333333 0.07334259259259258
3 0.28442358333333334 0.30394907407407407 0.046809083333333334 0.15373703703703703
3 0.4569817708333333 0.19393518518518518 0.05077604166666667 0.06629074074074073
3 0.48911328125 0.16995740740740742 0.04046197916666667 0.06911111111111111
3 0.5315188072916667 0.16356229166666666 0.050696291666666664 0.05914150925925926
1 0.43642677604166663 0.1254894675925926 0.04774730208333333 0.06213773148148148
1 0.3824046875 0.14880124074074072 0.036494791666666665 0.052186407407407404
1 0.34273619791666665 0.16008425925925926 0.0364953125 0.06629074074074073
1 0.3106046614583333 0.17630462962962962 0.038875052083333334 0.07334259259259258
1 0.3110013020833334 0.1459800925925926 0.03173489583333333 0.055006481481481476
3 0.3486864583333333 0.13117037037037035 0.030941666666666666 0.053596296296296295
4 0.40065234375 0.11213009259259259 0.025388020833333334 0.05218611111111111
1 0.7041309270833334 0.21030048611111113 0.06437772916666666 0.15164532407407408
1 0.5705471354166668 0.2553648148148148 0.06598697916666667 0.09871296296296296
1 0.5363466145833333 0.267525 0.06518281249999999 0.09728148148148147
