3 0.2626059895833333 0.5634694444444445 0.07299010416666665 0.12834999999999994
5 0.0876673671875 0.5909729722222222 0.072196515625 0.11847627777777768
1 0.13407964583333332 0.4428773148148148 0.06505633333333333 0.13540277777777784
3 0.07060995833333333 0.48871642592592596 0.05236237499999999 0.09167825925925925
2 0.16462438541666666 0.36671354166666664 0.06902310416666668 0.09873032407407414
1 0.10393154427083333 0.3941344768518519 0.038081703125000005 0.09298999074074074
1 0.05989961458333334 0.4280674861111111 0.04680910416666665 0.09167799074074079
2 0.77036328125 0.2715089768518518 0.05553593749999995 0.17630426851851852
1 0.752115625 0.16023679166666666 0.03490833333333328 0.07726900925925927
1 0.6727784427083333 0.1504040324074074 0.04442853124999999 0.05760349074074072
3 0.6545309895833333 0.11565587499999999 0.033321354166666595 0.04795491666666666
1 0.6235894348958335 0.12411825 0.038081546874999955 0.06770053703703702
1 0.60970546875 0.09449953703703703 0.029354687499999935 0.04513425925925926
1 0.58392109375 0.10437268518518518 0.033321354166666595 0.056417592592592575
3 0.6164491692708333 0.2313115740740741 0.06822978645833354 0.0902675925925926
2 0.566863546875 0.3624824074074074 0.07854373958333323 0.12411851851851852
2 0.5077575520833333 0.37729212037037035 0.07299010416666665 0.15373798148148157
2 0.529971875 0.27997175925925927 0.05236250000000009 0.0973194444444444
3 0.48395621875000006 0.3060648148148149 0.04760214583333333 0.09026851851851847
5 0.44230430989583336 0.34344131944444445 0.05950283854166673 0.08321550925925926
3 0.38905083593749995 0.42996741666666666 0.09421592187499997 0.2788348333333333
3 0.3816114921875 0.2884345972222222 0.0396686822916666 0.07193265740740737
4 0.3288523619791667 0.3399151898148149 0.04522235937499997 0.13258073148148153
3 0.2820434921875 0.3102961712962963 0.045222390624999984 0.1466854351851852
3 0.3387693359375 0.25669949999999997 0.05236236979166667 0.0789843333333333
3 0.45966090885416666 0.1925247638888889 0.047004223958333334 0.06911158333333334
3 0.4871235494791667 0.17348379629629632 0.036482515624999996 0.0733435185185185
3 0.5331453697916667 0.1659796851851852 0.05077592708333327 0.060142481481481505
1 0.44270104166666674 0.1283495648148148 0.05077604166666673 0.05923790740740742
3 0.38478489583333336 0.15021157407407407 0.04284166666666665 0.05782870370370369
1 0.34154609374999995 0.15937916666666668 0.04046197916666673 0.06770092592592591
1 0.31020811718749997 0.17348379629629632 0.03649522395833339 0.07616388888888886
1 0.3133816015625 0.14668525000000002 0.030148255208333315 0.05359616666666667
4 0.3978755208333332 0.11283472222222223 0.024594791666666716 0.04795462962962964
2 0.7085569765625 0.20886980092592594 0.05552553645833337 0.1430614907407407
2 0.7310891822916666 0.17095829629629627 0.05069767708333342 0.07868340740740744
1 0.5721565104166667 0.2539342592592593 0.06437760416666667 0.10157407407407407
