3 0.09837786458333334 0.39985879629629634 0.04442864583333333 0.08321574074074074
2 0.16859140625 0.3681240185185185 0.06426302083333334 0.08462603703703703
1 0.07140337760416668 0.4696754351851852 0.055535953125 0.12129727777777777
1 0.13923653645833334 0.4506345324074074 0.07854359375 0.1283494537037037
1 0.16383104947916666 0.5176304953703703 0.07061011979166666 0.14950628703703703
3 0.2610191640625 0.5860366527777777 0.087271046875 0.13399150925925923
3 0.18723541666666668 0.6431592453703704 0.07616354166666667 0.11565558333333333
2 0.5129143229166666 0.394922587962963 0.0817171875 0.14950667592592592
1 0.56924375 0.3582511296296296 0.072196875 0.12129774074074075
1 0.6108955729166666 0.23201697222222226 0.06664322916666666 0.0944993888888889
2 0.769966375 0.2708037037037037 0.048395375000000004 0.14668518518518517
1 0.7981312500000001 0.20451339814814815 0.03490833333333333 0.06770098148148147
2 0.7509255208333333 0.16008472222222223 0.04204895833333333 0.07475277777777778
2 0.7334713541666668 0.17207314814814814 0.04363541666666667 0.07334259259259258
2 0.7100669270833334 0.21438657407407408 0.05394947916666667 0.13822314814814815
1 0.6775388020833334 0.14598011574074074 0.0491890625 0.06346939814814814
3 0.6521510416666666 0.11495065740740741 0.03490833333333333 0.049365351851851855
1 0.6263663281249999 0.12270823148148148 0.04204859375 0.05077612962962963
5 0.6101023437499999 0.09873075462962963 0.033321354166666664 0.047955157407407405
1 0.58392109375 0.10296177314814814 0.038081770833333334 0.05641719444444445
1 0.4376110416666667 0.12482407407407407 0.043769333333333334 0.05782777777777778
4 0.40025566406249996 0.1107195138888889 0.032528255208333336 0.043723935185185185
3 0.3482898828125 0.13046574074074074 0.025387942708333333 0.05782777777777778
1 0.3098114583333333 0.17630462962962962 0.04363541666666667 0.07334259259259258
1 0.346703125 0.15937952314814816 0.03966875 0.062059472222222224
3 0.38359477864583336 0.14668567129629628 0.03887502604166667 0.06488050925925926
3 0.5311221223958333 0.16502135648148147 0.051489661458333336 0.059238768518518524
3 0.489906390625 0.17066275925925928 0.04363541666666667 0.07052214814814815
3 0.4569815104166667 0.19534583333333333 0.0491890625 0.0719324074074074
2 0.3903385416666667 0.22355416666666666 0.044429166666666665 0.0719324074074074
3 0.3419427734375 0.256699537037037 0.058709244791666663 0.07334351851851852
3 0.28244017968749996 0.30677016203703705 0.044429015625 0.16220041666666665
4 0.33123255208333335 0.33779999999999993 0.04680885416666667 0.12835
3 0.3923218359375 0.2771508009259259 0.045221953125 0.08039469444444444
5 0.4407175208333333 0.3441465416666667 0.057915999999999995 0.08180506481481481
3 0.39267775781250003 0.4371709768518519 0.10305650520833334 0.30734617592592595
3 0.48593976562499996 0.3018337962962963 0.046809010416666665 0.0902675925925926
1 0.511724375 0.22073338888888888 0.052362708333333334 0.07757396296296297
2 0.5363187838541666 0.27291978703703706 0.06346972395833334 0.10296227777777778
1 0.3130363619791667 0.1459228148148148 0.035407484375 0.05722474074074074
