3 0.2622091145833333 0.5712273148148148 0.07219635416666671 0.12976018518518515
5 0.08647734374999999 0.590973060185185 0.07140364583333333 0.12693906481481473
2 0.14002990625 0.44851891666666666 0.07695685416666667 0.12129735185185182
3 0.07100676302083334 0.4880111111111111 0.05474272395833334 0.08462592592592588
2 0.1622442734375 0.36741880092592594 0.07378332812499999 0.08603647222222219
1 0.1063116328125 0.3923377361111111 0.03966840104166667 0.08227732407407408
1 0.059106244791666665 0.4280675925925926 0.048395843749999994 0.0945
2 0.7715531250000001 0.2799718101851852 0.056329166666666805 0.1650211944444445
1 0.7529091145833334 0.1622001064814815 0.03649531250000007 0.07334237962962965
1 0.6696051692708332 0.145275 0.046015703124999995 0.06487962962962962
3 0.6517542265625001 0.11354033796296298 0.037288421875000095 0.04372326851851852
1 0.6085155260416666 0.09802519907407407 0.030148114583333316 0.046544046296296306
1 0.5835242421875001 0.10578264814814815 0.03570151562500001 0.050775444444444456
3 0.6176390625 0.23272210648148145 0.06743645833333337 0.08462615740740737
2 0.5660703125000001 0.35472499999999996 0.07854374999999993 0.1198870370370371
4 0.5073607395833333 0.37940739814814817 0.06902331249999989 0.1579685370370371
2 0.5307651380208332 0.27997159259259263 0.05236243229166675 0.09731977777777777
3 0.48355967708333336 0.30677037037037036 0.045222312500000035 0.09732037037037031
5 0.44309758593750004 0.3399152685185185 0.06584961979166669 0.07898427777777783
3 0.3886484765624999 0.42644136111111114 0.09341120312499994 0.28588694444444435
3 0.3800247395833333 0.28913981481481477 0.042842187499999976 0.07052222222222226
4 0.32805899218749995 0.34062074537037035 0.046809098958333274 0.13399184259259253
3 0.33678586197916666 0.2531734814814815 0.05156890104166667 0.08039492592592588
3 0.4609484817708333 0.1960509259259259 0.05236241145833335 0.07052222222222221
3 0.4887166666666667 0.17136805555555557 0.04125520833333329 0.06911203703703706
3 0.5351287265624999 0.16643166666666664 0.04839567187499997 0.05923851851851854
1 0.4411142291666667 0.12905512037037037 0.05077570833333335 0.060649018518518505
3 0.38399140625 0.15021157407407407 0.04442864583333327 0.05500648148148146
1 0.3411494791666667 0.15937962962962962 0.03966875000000005 0.06205925925925926
1 0.3094145572916666 0.17700972222222222 0.03649484375000001 0.07193240740740742
1 0.31258808854166664 0.1466851851851852 0.034908197916666654 0.05359629629629631
4 0.3990656250000001 0.11565587499999999 0.028561458333333376 0.04795491666666666
2 0.7053380208333332 0.21244629629629633 0.04425937499999991 0.12446296296296298
2 0.7351125598958334 0.1716736111111111 0.03943113020833321 0.0772527777777778
1 0.5725588541666667 0.2560800925925926 0.06518229166666671 0.0944212962962963
