3 0.26260590624999997 0.5881523148148149 0.0840975625 0.12976018518518517
3 0.1856486979166667 0.6431595833333333 0.08568385416666667 0.11847712962962963
1 0.162244296875 0.519041087962963 0.06743640625 0.14950671296296297
2 0.13645963541666667 0.4421720324074074 0.07775052083333334 0.1114244537037037
1 0.07371033072916666 0.48166453240740736 0.055682463541666664 0.08885797222222222
3 0.098774796875 0.3899861111111111 0.03887540625 0.07757407407407407
1 0.069023359375 0.42172089814814817 0.05236265625 0.09591005555555555
2 0.16541796874999998 0.36389299999999997 0.0626765625 0.076164
3 0.2816466901041667 0.30465416666666667 0.04284203645833333 0.1607898148148148
3 0.3375794270833333 0.256699537037037 0.053155729166666665 0.07616388888888889
2 0.38914837500000005 0.22778564814814814 0.045222 0.07475277777777778
1 0.3121916666666667 0.17418888888888892 0.03728854166666666 0.07757407407407407
3 0.34551302083333335 0.129760125 0.03411458333333333 0.05359641666666667
4 0.3998591145833333 0.11142435648148148 0.025388020833333334 0.05077536111111111
1 0.4379407916666667 0.12693935185185184 0.044428833333333334 0.05923796296296296
1 0.3470997317708333 0.15937948148148148 0.035701578125 0.07334288888888889
3 0.38359477864583336 0.14598024074074073 0.03887502604166667 0.06064877777777778
5 0.6085156250000001 0.09590958333333333 0.033321875 0.03949194444444444
3 0.654134375 0.11142453703703704 0.032528125 0.050775
1 0.6251762708333334 0.12693950462962963 0.04442870833333334 0.05359691666666667
1 0.6763486979166667 0.15021151388888887 0.05156927083333333 0.0634695648148148
2 0.7525122395833334 0.16078979166666663 0.04680885416666667 0.07334263888888888
2 0.7358516328125 0.17207333333333333 0.04204881770833333 0.07052185185185185
1 0.7092735130208332 0.20831307407407407 0.058709223958333334 0.13908681481481483
1 0.7977346354166667 0.20380818055555555 0.0357015625 0.06911141666666668
2 0.7687765078125001 0.2708040925925926 0.052362609375 0.14950662962962963
3 0.48563830208333336 0.30442546759259265 0.04423797916666667 0.09096825
4 0.5129143229166667 0.2193230740740741 0.04680885416666667 0.07757422222222221
3 0.5323518802083334 0.16361058333333334 0.04918894791666666 0.05923809259259259
3 0.48831979166666667 0.1692523148148148 0.04204895833333333 0.07616388888888889
3 0.4605518229166667 0.19252453703703704 0.04680885416666667 0.0719324074074074
3 0.3922753958333333 0.4343198287037037 0.10225178124999999 0.30446476851851856
4 0.3304388932291667 0.3420309722222222 0.046808671875 0.1255287962962963
3 0.38795833333333335 0.2743298425925926 0.06188333333333333 0.07757364814814814
5 0.4411142526041667 0.3420311342592593 0.061882953125 0.0803951388888889
1 0.5684502604166667 0.36036666666666667 0.07537031250000001 0.1227074074074074
2 0.5145011041666667 0.39562743055555555 0.08330404166666666 0.15655810185185184
1 0.3126340338541667 0.1459228425925926 0.032993390625 0.05436357407407407
