3 0.2518953125 0.5669957916666667 0.08806458333333333 0.12976026851851838
3 0.2169870182291667 0.4696753703703703 0.06584992187499997 0.15232768518518522
1 0.07814705468750001 0.6760615509259259 0.053155890625000014 0.37892125000000015
1 0.07060995833333333 0.47813814351851847 0.05236237499999999 0.08180519444444448
2 0.13963329166666666 0.4492242175925927 0.07616362500000003 0.12834971296296305
2 0.16462438541666666 0.36741905092592597 0.06902310416666668 0.08039523148148152
3 0.10155130208333334 0.39703796296296295 0.03808177083333333 0.0691111111111111
1 0.8020979036458333 0.20662901388888888 0.05394898437499999 0.07475308333333328
1 0.7727431979166667 0.272919625 0.05394902083333335 0.17912556481481479
1 0.7533057291666665 0.1614950138888889 0.034114583333333455 0.07193219444444444
3 0.6537377604166666 0.1163611111111111 0.031734895833333235 0.05500740740740742
1 0.6255729583333334 0.12764444444444445 0.04363533333333329 0.05782777777777777
4 0.6065321458333333 0.09943597222222222 0.038875291666666575 0.04654472222222223
1 0.5759872630208333 0.10366728703703704 0.03808172395833331 0.06911172222222223
3 0.6172425390625002 0.23342753703703703 0.06664304687499994 0.08885788888888889
1 0.5141043229166667 0.22214369907407405 0.05712260416666665 0.07757371296296298
1 0.5359220755208334 0.2743299722222222 0.07061001562500001 0.10578264814814815
1 0.49069989843749995 0.30959074074074067 0.06267624479166667 0.10014074074074072
5 0.4411141822916667 0.3399152685185185 0.0634695520833334 0.07898427777777783
3 0.3930744427083333 0.4378761990740741 0.10226313541666662 0.3059357314814816
1 0.39827239583333335 0.2778564814814815 0.06981666666666661 0.09308888888888886
4 0.3300422786458333 0.34132600462962964 0.04601544270833339 0.12129799074074078
3 0.28005989583333335 0.3060648611111111 0.046015624999999984 0.15514805555555555
3 0.3387693359375 0.2595205 0.05236236979166667 0.07052196296296298
1 0.38491940885416664 0.22637538888888886 0.05580496354166667 0.09167885185185184
3 0.531127796875 0.16568803703703702 0.05308775000000002 0.057751259259259294
3 0.4871296875000001 0.17207346296296297 0.034908333333333395 0.06770122222222226
3 0.45975845052083325 0.1939350740740741 0.048395598958333313 0.06911133333333337
4 0.3966854166666666 0.11001395833333334 0.026975000000000016 0.04231282407407408
3 0.3455130598958334 0.13046521759259258 0.03728846354166671 0.05500660185185186
1 0.31258823177083334 0.14739074074074077 0.03173499479166667 0.055007407407407394
1 0.3110014192708333 0.17559951388888886 0.036495078124999955 0.07193245370370373
1 0.34749639322916676 0.1622001064814815 0.04125513020833337 0.07334237962962965
1 0.38280154947916667 0.1480959814814815 0.037288567708333296 0.06488025925925926
1 0.4376223671875 0.12905512037037037 0.04696556770833335 0.060649018518518505
1 0.5713519479166665 0.2525035092592593 0.06920597916666663 0.09871257407407409
