3 0.19715424218750002 0.632754199074074 0.064904015625 0.11910641666666666
1 0.12073507552083333 0.6799007314814814 0.092121515625 0.18858557407407406
5 0.08932999479166667 0.5856078703703703 0.07118480208333335 0.11414351851851852
3 0.21843980468750004 0.46836203703703705 0.06699747395833335 0.14267962962962963
2 0.13259919270833334 0.4466499351851852 0.06560161458333333 0.13647605555555556
3 0.06909114583333334 0.4863523148148148 0.05024791666666666 0.08436759259259259
1 0.10921997395833333 0.3871436944444444 0.041175677083333334 0.08694294444444445
3 0.15632760416666666 0.3591811111111111 0.053039583333333334 0.0781637037037037
1 0.8147877604166667 0.19292796296296297 0.04117552083333333 0.055831111111111116
2 0.7673310416666667 0.2766750277777778 0.049550416666666666 0.15632772222222224
1 0.7498838541666667 0.16315124537037035 0.03280104166666667 0.06079380555555555
1 0.7080103151041667 0.21339957870370369 0.05513353645833333 0.13151380555555556
3 0.66927734375 0.14640205092592593 0.04466510416666667 0.06451626851851852
3 0.6539236979166667 0.11538445833333333 0.030706770833333334 0.052108861111111106
1 0.62531015625 0.12220833333333335 0.046060937499999996 0.06079444444444444
4 0.6117692786458334 0.09722390740740741 0.02289477604166667 0.048525074074074075
1 0.5841346354166667 0.10669999999999999 0.041873437500000006 0.04962777777777778
3 0.6179823984375 0.23201018518518518 0.06629978645833333 0.09181111111111112
1 0.5642447604166667 0.35856064814814814 0.08444485416666667 0.12158796296296297
2 0.5286524010416667 0.2760546296296296 0.05094623958333333 0.10049629629629629
3 0.48398723958333334 0.30407306481481483 0.050946354166666666 0.0959859074074074
1 0.4382753307291667 0.32568240740740745 0.06839308854166666 0.10794074074074074
5 0.5206265625000001 0.4255582916666667 0.087934375 0.09677415740740741
4 0.32800866145833335 0.33622827777777775 0.04466496875 0.12655085185185183
3 0.38279323958333333 0.2878411018518519 0.0355926875 0.06451594444444445
4 0.27636485156249996 0.3076925925925926 0.04745675520833333 0.1538462962962963
3 0.339175 0.25682373611111114 0.053039583333333334 0.07692289814814815
1 0.3841888020833333 0.22270462962962964 0.049550520833333334 0.09057037037037037
3 0.45886328125 0.19540953703703703 0.048154687499999994 0.0707198148148148
3 0.532490625 0.16582334259259257 0.05024791666666666 0.0598297962962963
1 0.43967135416666664 0.1228287037037037 0.05164375 0.0595537037037037
1 0.38383985416666666 0.14888339814814816 0.037685916666666666 0.05459061111111111
1 0.34126848177083335 0.15818842592592594 0.03489428645833333 0.063275
1 0.31091041666666663 0.17369744907407408 0.036988541666666666 0.07196065740740741
1 0.3116083359375 0.1470223101851852 0.032801036458333335 0.05334982407407407
4 0.39919375 0.11290324074074073 0.026519791666666667 0.04714722222222222
1 0.5701447916666667 0.25679537037037037 0.06679166666666667 0.09871296296296296
