3 0.2566554791666667 0.5726375 0.08171716666666663 0.14950648148148146
1 0.08092380729166666 0.6588839537037037 0.06029613541666668 0.3417456851851853
3 0.14677370312500002 0.5338503842592592 0.06029634374999999 0.13681219444444448
3 0.21421015625 0.4682651666666667 0.06664322916666662 0.1410437407407407
2 0.14082339583333334 0.4492242175925927 0.07854383333333333 0.12834971296296305
1 0.07053689322916666 0.4816641944444444 0.049335588541666676 0.0860364259259259
1 0.10393147135416667 0.3937985324074074 0.03966830729166667 0.09366187962962969
2 0.16740137499999996 0.3660082361111111 0.06505662500000003 0.09167797222222215
3 0.28521681249999997 0.30535972222222224 0.04839554166666673 0.15937870370370366
3 0.33837258072916665 0.2574049305555555 0.05474233854166665 0.0832160648148148
1 0.7521156197916666 0.1607899212962963 0.041255218749999996 0.07052200925925929
2 0.6684148437499999 0.14456980555555557 0.04046197916666661 0.06346964814814816
3 0.6553244791666669 0.11212962962962962 0.028561458333333314 0.04654444444444443
1 0.6287465364583333 0.12341319907407408 0.04680901041666677 0.05500693518518518
4 0.6101023437500002 0.09661527777777779 0.026974479166666634 0.04090277777777779
1 0.5827309895833336 0.10437220833333336 0.03411510416666665 0.05359632407407408
3 0.6192260130208334 0.2299013888888889 0.06743651562500001 0.0874472222222222
1 0.5386987552083333 0.27997163425925925 0.06188269791666669 0.08603636111111115
1 0.49228657031250006 0.30818072222222226 0.06108935937500005 0.09449966666666662
5 0.4423041666666666 0.3413259166666666 0.06584999999999995 0.0818055740740741
3 0.38835519270833335 0.2898446944444445 0.030941697916666656 0.06629024074074073
3 0.3910683151041667 0.4307533842592593 0.0998376197916667 0.30015274999999997
3 0.4597585208333334 0.19534563888888887 0.046808999999999955 0.06346983333333335
3 0.4879282395833334 0.17136824074074072 0.03809202083333337 0.0691116666666667
3 0.5327486979166667 0.1643162037037037 0.045222395833333276 0.06064907407407405
1 0.43761661979166677 0.12764444444444445 0.04536761458333339 0.06064814814814813
3 0.382850796875 0.14866208796296299 0.0358005520833333 0.06319084259259261
1 0.341942984375 0.1607898148148148 0.03649528125000003 0.06487962962962962
1 0.31139817708333334 0.1784199074074074 0.03887552083333337 0.07193240740740742
1 0.31219140624999997 0.1466851851851852 0.030941145833333294 0.05359629629629631
3 0.3498765625000001 0.13117056481481482 0.030147916666666733 0.05077553703703704
4 0.4026359375000001 0.11142448148148149 0.026181250000000076 0.04795474074074075
1 0.5729613046875 0.2532189814814815 0.0643778177083334 0.09442129629629627
