3 0.25467213541666667 0.5705222222222223 0.0888578125 0.13963333333333333
1 0.088064171875 0.5853310185185185 0.07457686458333333 0.12976018518518517
2 0.14002997916666665 0.45133981481481483 0.07537025 0.12411851851851852
3 0.07060995833333333 0.4894212962962963 0.052362374999999996 0.09308888888888889
2 0.1626410078125 0.3716500694444445 0.07775027604166666 0.08885726851851852
1 0.1047249609375 0.39804998148148146 0.04125528645833333 0.09088144444444445
1 0.05989947916666667 0.4224260740740741 0.04363541666666667 0.10578303703703704
1 0.7723466145833332 0.2693936574074074 0.0563296875 0.18335712962962963
1 0.7517188880208333 0.1614950138888889 0.037288265625 0.07193219444444444
2 0.7120505 0.21791268518518517 0.05474275 0.13117092592592594
1 0.6703983984375 0.14668567129629628 0.047602161458333334 0.06488050925925926
3 0.6529442708333334 0.11212969907407408 0.030147916666666667 0.04654430555555556
1 0.6239861979166667 0.12552916666666666 0.0420484375 0.05923796296296296
1 0.60851540625 0.09819790740740741 0.026974395833333335 0.05253122222222222
1 0.5843177083333333 0.1071932962962963 0.030941666666666666 0.05359674074074074
3 0.5359220963541667 0.16925277777777778 0.04680893229166667 0.06205925925925926
3 0.6180360286458334 0.23272222222222222 0.06823002604166667 0.09026851851851851
2 0.5335420781250001 0.2813821574074074 0.06108980208333334 0.09167827777777778
1 0.5137075651041667 0.22355416666666666 0.059502578125000004 0.08321574074074074
1 0.4867665572916666 0.30959099074074076 0.04846259375 0.10578283333333333
5 0.4391308489583333 0.3427361018518518 0.05950288541666667 0.08462594444444443
3 0.387458421875 0.4264414907407407 0.0957913125 0.2858866851851852
3 0.38399140625 0.28772916666666665 0.038081770833333334 0.06770092592592593
4 0.32845567708333334 0.3427363611111111 0.046015729166666665 0.14104394444444446
3 0.28085320052083335 0.29830737037037036 0.04125505729166667 0.16220007407407408
3 0.33876927083333336 0.256699537037037 0.0523625 0.07616388888888889
3 0.45896503125 0.19534538425925926 0.045222020833333335 0.06911108333333334
3 0.4887164453125 0.17066268518518518 0.03808169270833333 0.06770055555555556
1 0.4391307291666667 0.12693935185185184 0.049982291666666664 0.05923796296296296
3 0.38438828124999996 0.15105898611111113 0.0420484375 0.06177462037037037
1 0.3435296875 0.15867407407407408 0.033321875 0.060648148148148145
1 0.31139822135416667 0.1748939814814815 0.038875432291666664 0.07616388888888889
1 0.31139798437499994 0.1473905925925926 0.03252798958333333 0.04936511111111112
4 0.39985907291666667 0.11212957407407408 0.025388104166666665 0.04936492592592593
1 0.5745705729166666 0.25679537037037037 0.06276822916666666 0.10157407407407408
