3 0.19785214583333335 0.6321337962962963 0.06490404166666666 0.12034722222222222
3 0.11899028385416667 0.6848635555555556 0.08863193229166666 0.1836228888888889
5 0.09002788541666668 0.585607875 0.06978902083333334 0.1215879537037037
3 0.21774188802083336 0.4646404027777778 0.065601640625 0.14268030555555555
2 0.13539078385416667 0.44540965740740746 0.06281009895833332 0.1339955
3 0.07083590364583332 0.4869726851851851 0.053737567708333336 0.08560833333333333
3 0.15702552083333332 0.3591811111111111 0.05443541666666667 0.0781637037037037
5 0.5202776041666667 0.42617870370370375 0.08863229166666667 0.09553333333333333
1 0.562848953125 0.3591810370370371 0.08444480208333333 0.1203471851851852
1 0.81199609375 0.19540946759259256 0.04536302083333333 0.06327550925925925
2 0.76802890625 0.27171222685185187 0.0523421875 0.1637718425925926
1 0.7498838541666667 0.16377163888888888 0.030009375 0.06451598148148148
1 0.7087082187499999 0.2133995138888889 0.055133562500000004 0.12406949074074074
1 0.6706731770833334 0.14640207407407407 0.047456770833333335 0.0669977037037037
3 0.6528768229166667 0.1160047824074074 0.03280052083333333 0.04838673148148148
1 0.6260080729166667 0.12344907407407406 0.047456770833333335 0.06327592592592592
4 0.6102132369791666 0.09899008796296296 0.024611026041666664 0.049196194444444445
1 0.58238984375 0.1073202175925926 0.034196354166666665 0.04838734259259259
3 0.617284375 0.23263055555555553 0.0663 0.09305185185185184
1 0.5373760416666667 0.27481388888888886 0.06281041666666667 0.09057037037037037
3 0.48398735416666666 0.3021092592592593 0.052341958333333334 0.09057037037037037
1 0.4375776744791667 0.32382142592592594 0.06699777604166667 0.11166270370370371
4 0.32940449479166667 0.33995046296296294 0.04745663541666666 0.1290324074074074
3 0.381746390625 0.29094293055555553 0.03629055208333333 0.06823821296296297
4 0.27427109375000003 0.3076924861111111 0.047456770833333335 0.15384650925925927
3 0.33812809114583336 0.25682373611111114 0.053737567708333336 0.07692289814814815
1 0.38314209375 0.22208425925925926 0.05303977083333333 0.0942925925925926
3 0.4592122604166667 0.19540951388888889 0.0488525625 0.06823837962962963
3 0.5349333333333334 0.16811413888888888 0.0453625 0.06327542592592592
1 0.4379263020833334 0.12779166666666666 0.042571354166666665 0.05707222222222222
1 0.3824440104166667 0.1488833333333333 0.04047760416666667 0.05459074074074074
1 0.3437111979166667 0.16129027777777777 0.03698802083333333 0.06203425925925926
1 0.30916562500000005 0.1761787037037037 0.040478125000000004 0.06947962962962963
1 0.31195729166666664 0.1451611111111111 0.033498958333333335 0.05210925925925926
4 0.39989166666666665 0.11414369444444444 0.026519791666666667 0.04714594444444444
1 0.0993830859375 0.3755363333333333 0.04747861979166667 0.10729585185185185
1 0.5717541666666667 0.2582261111111111 0.06357291666666667 0.09871259259259259
