3 0.25586203906250005 0.5733425925925927 0.08489050520833331 0.1396333333333333
1 0.081320421875 0.6746510740740742 0.06108936458333333 0.38174220370370365
1 0.1586741015625 0.5169251342592592 0.06346950520833332 0.13963306481481474
2 0.14002990625 0.44992916666666666 0.07695685416666667 0.1297601851851852
1 0.07172125260416667 0.4837798518518519 0.05331374479166668 0.08180511111111109
3 0.10313810156249999 0.39492245833333334 0.041255046875000013 0.09026804629629623
2 0.1638311328125 0.3674186759259259 0.07378356770833332 0.08885709259259256
1 0.7517189348958335 0.15937962962962962 0.04204858854166661 0.07334259259259257
1 0.6251764140625 0.12835 0.04125550520833343 0.06205925925925926
4 0.6104989583333332 0.09590992129629629 0.027767708333333373 0.04231349074074073
1 0.5855078125 0.10789825925925926 0.03490833333333328 0.057827555555555556
3 0.6168458333333333 0.23201666666666668 0.06743645833333337 0.08885740740740736
4 0.5141044270833334 0.22143842592592594 0.06029635416666661 0.07898425925925923
1 0.4887166666666667 0.3046546296296297 0.06346979166666665 0.0959092592592592
5 0.44032083593750004 0.3427364398148148 0.05870936979166661 0.08744749074074074
3 0.39146491666666666 0.430733337962963 0.09904441666666663 0.29447037962962963
4 0.32726562499999995 0.3406208333333333 0.04363541666666671 0.13399166666666662
3 0.3828015625 0.2919603101851852 0.04363541666666671 0.07334234259259252
3 0.2856135416666667 0.30394907407407407 0.044429166666666596 0.15373703703703698
3 0.33876953125 0.2581101851851852 0.04918906249999999 0.07334259259259254
3 0.45856848958333335 0.1932299814814815 0.04918906249999999 0.06770114814814816
3 0.48871640625000007 0.16995787037037038 0.038081770833333375 0.06346944444444441
3 0.5315017838541667 0.16100271296296298 0.045902015625000146 0.06163346296296297
1 0.43602441666666664 0.1290550925925926 0.046942583333333295 0.06064907407407409
1 0.3804213541666667 0.14598019907407409 0.04363541666666671 0.07193219444444444
1 0.34432291666666665 0.16078970833333336 0.03490833333333333 0.06487984259259261
1 0.3133815104166667 0.17348379629629632 0.03966822916666667 0.0733435185185185
1 0.3121914739583333 0.145275 0.034114968749999974 0.059238888888888896
3 0.34670300520833336 0.133286375 0.03332135416666671 0.055006935185185166
4 0.3970822265624999 0.11142448148148149 0.026181380208333434 0.04795474074074075
1 0.5713519635416666 0.2532187592592593 0.07081538541666663 0.0944208518518519
1 0.5379559895833332 0.26967083333333336 0.06518281249999998 0.09871203703703701
