3 0.2606222890625 0.5867418750000001 0.086477296875 0.1325810648148147
3 0.18683882552083333 0.6431594537037038 0.08171714062499996 0.12129775925925924
1 0.1618479166666667 0.5162202546296296 0.0698166666666667 0.1438650462962962
2 0.14082341927083333 0.44851925462962966 0.07219691145833335 0.1241188981481482
2 0.1670044765625 0.3674189814814815 0.07060979687500003 0.08603611111111109
4 0.10353489583333332 0.38716527777777776 0.04363541666666668 0.06064907407407405
1 0.06584973958333333 0.4245417314814815 0.04442864583333334 0.10155172222222217
2 0.5141044192708334 0.38787015277777775 0.08409741145833328 0.16925228703703707
2 0.5628967161458334 0.3540199074074074 0.0801305260416667 0.1382231481481482
1 0.797337890625 0.20380833333333334 0.04125546875000007 0.0691111111111111
1 0.7501323567708336 0.16290544907407406 0.03570195312499998 0.06911132407407405
1 0.6992276145833335 0.1302152361111111 0.027510437499999915 0.06861100925925927
1 0.674365421875 0.1473908888888889 0.04760248958333335 0.06347007407407407
3 0.6545309895833333 0.11354027777777778 0.033321354166666595 0.05500648148148146
1 0.6271596041666666 0.12552893981481483 0.04839537499999989 0.05923841666666668
1 0.5799541666666668 0.10155185185185184 0.036494791666666755 0.062059259259259245
2 0.6140690104166666 0.2341324074074074 0.06029635416666655 0.09308888888888892
2 0.5390955729166667 0.27785593981481477 0.06426302083333321 0.10155108333333332
1 0.5156910416666667 0.22566974999999997 0.060296041666666626 0.0818049444444444
1 0.48355960416666666 0.3088858148148148 0.046808916666666714 0.09590985185185183
5 0.443494390625 0.34344165740740734 0.06822996875 0.08603705555555552
3 0.3922810729166667 0.4364354861111111 0.103849875 0.3002334537037038
3 0.5331169010416666 0.1678421898148148 0.05071898958333332 0.06488043518518517
3 0.4875265625000001 0.17207333333333333 0.03728854166666663 0.07052185185185185
3 0.45896510416666664 0.1946405462962963 0.04998229166666667 0.06205964814814814
2 0.38875182291666666 0.22425935185185186 0.04760260416666663 0.07334240740740738
3 0.34035605468749996 0.26163632407407406 0.05712254687499995 0.07193240740740736
3 0.2816467369791667 0.3060647361111112 0.04760235937499999 0.1579686759259259
4 0.3300422786458333 0.3455572361111111 0.04601544270833339 0.13540219444444446
1 0.4380247265625001 0.12905478240740742 0.047770286458333366 0.05782747222222224
4 0.3982721354166667 0.10719305555555554 0.022214062500000034 0.04513425925925925
3 0.34590967447916665 0.12976037962962964 0.038081692708333274 0.04795516666666666
1 0.3117947916666666 0.1459800925925926 0.038082291666666636 0.0521861111111111
1 0.31179490885416666 0.17630462962962962 0.03808205729166669 0.06770185185185185
1 0.34590962760416666 0.16149492592592593 0.03332136979166667 0.06346940740740742
3 0.3828014062499999 0.1502116388888889 0.04046177083333339 0.060648944444444464
1 0.6075643124999999 0.09728194444444442 0.033798416666666616 0.057224999999999984
1 0.5733638020833333 0.25178796296296296 0.07001093750000002 0.08869814814814811
