3 0.2606222890625 0.5867418750000001 0.086477296875 0.1325810648148148
3 0.18683882552083333 0.6431594537037038 0.08171714062499999 0.12129775925925924
1 0.16184791666666667 0.5162202546296296 0.06981666666666667 0.1438650462962963
2 0.14082341927083333 0.44851925462962966 0.07219691145833333 0.12411889814814814
2 0.1670044765625 0.3674189814814815 0.07060979687499999 0.0860361111111111
4 0.10353489583333332 0.38716527777777776 0.04363541666666667 0.06064907407407408
1 0.06584973958333333 0.4245417314814815 0.04442864583333333 0.10155172222222222
2 0.5141044192708334 0.38787015277777775 0.08409741145833333 0.16925228703703704
2 0.5628967161458334 0.3540199074074074 0.08013052604166666 0.13822314814814815
1 0.797337890625 0.20380833333333334 0.041255468749999996 0.06911111111111111
1 0.7501323567708335 0.16290544907407406 0.035701953125 0.06911132407407408
1 0.6992276145833334 0.1302152361111111 0.0275104375 0.06861100925925927
1 0.674365421875 0.1473908888888889 0.04760248958333334 0.06347007407407407
3 0.6545309895833333 0.11354027777777778 0.033321354166666664 0.055006481481481476
1 0.6271596041666666 0.12552893981481483 0.048395375000000004 0.05923841666666667
1 0.5799541666666668 0.10155185185185185 0.036494791666666665 0.06205925925925926
2 0.6140690104166666 0.2341324074074074 0.06029635416666667 0.09308888888888889
2 0.5390955729166667 0.27785593981481477 0.06426302083333334 0.10155108333333333
1 0.5156910416666667 0.22566975 0.06029604166666667 0.08180494444444444
1 0.48355960416666666 0.3088858148148148 0.046808916666666665 0.09590985185185184
5 0.443494390625 0.3434416574074074 0.06822996875000001 0.08603705555555555
3 0.3922810729166667 0.4364354861111111 0.10384987500000001 0.30023345370370375
3 0.5331169010416666 0.1678421898148148 0.05071898958333333 0.06488043518518519
3 0.48752656250000004 0.17207333333333333 0.03728854166666666 0.07052185185185185
3 0.45896510416666664 0.1946405462962963 0.049982291666666664 0.062059648148148155
2 0.38875182291666666 0.22425935185185186 0.047602604166666666 0.07334240740740741
3 0.34035605468749996 0.26163632407407406 0.057122546875 0.0719324074074074
3 0.2816467369791667 0.3060647361111111 0.047602359375 0.15796867592592592
4 0.3300422786458333 0.3455572361111111 0.04601544270833333 0.13540219444444446
1 0.4380247265625 0.12905478240740742 0.04777028645833334 0.057827472222222225
4 0.3982721354166667 0.10719305555555556 0.022214062500000003 0.045134259259259256
3 0.34590967447916665 0.12976037962962964 0.03808169270833333 0.04795516666666667
1 0.3117947916666666 0.1459800925925926 0.038082291666666664 0.05218611111111111
1 0.31179490885416666 0.17630462962962962 0.038082057291666666 0.06770185185185185
1 0.34590962760416666 0.16149492592592593 0.033321369791666666 0.0634694074074074
3 0.38280140625 0.1502116388888889 0.040461770833333334 0.06064894444444445
1 0.6075643125 0.09728194444444443 0.03379841666666667 0.057225
1 0.5733638020833333 0.25178796296296296 0.0700109375 0.08869814814814815
