3 0.1911989921875 0.6064879999999999 0.06663634895833331 0.1551480740740741
1 0.1578807552083333 0.5176305555555556 0.05870932291666664 0.14104444444444442
2 0.16462457812500003 0.3681241111111111 0.06743673958333335 0.08744722222222226
4 0.10631182291666666 0.3850494351851852 0.04125552083333333 0.06770112962962961
1 0.06465969791666668 0.42242592592592587 0.040461854166666665 0.09732037037037031
2 0.5644833333333333 0.3526092546296296 0.0833041666666667 0.13540186111111108
3 0.7675863567708333 0.25740509259259253 0.04522207812499986 0.17630462962962956
1 0.7509258020833334 0.1607899212962963 0.037288541666666696 0.07052200925925929
1 0.7275213541666667 0.17066298148148148 0.058709375000000105 0.08180551851851853
1 0.7049101145833333 0.2094500601851852 0.06426310416666657 0.14809617592592592
3 0.6541343749999999 0.11495046296296296 0.030941666666666614 0.05500648148148146
1 0.6255731770833334 0.12764444444444445 0.04046197916666673 0.05782777777777777
4 0.6108958541666667 0.09887286111111111 0.03173489583333347 0.04259762962962964
1 0.5823343750000001 0.10507742592592592 0.036494791666666755 0.052185888888888886
4 0.4002557291666667 0.10930879629629628 0.024594791666666716 0.043723148148148136
3 0.3463062499999999 0.132580875 0.03252812500000003 0.05077528703703705
1 0.31258802083333337 0.1466855 0.03490833333333333 0.047954925925925936
1 0.31100134635416665 0.17559951388888886 0.038081682291666634 0.07193245370370373
1 0.3439263411458333 0.16149526388888888 0.03411502604166673 0.06629095370370369
1 0.3831981640625 0.14880119907407408 0.03808179687500003 0.06346982407407409
1 0.43761671614583336 0.12905478240740742 0.04536742187500001 0.05782747222222224
3 0.6208127604166668 0.22919605555555556 0.06584947916666657 0.08039492592592591
1 0.536715328125 0.27574028240740744 0.06584955208333335 0.10578239814814815
1 0.49189010416666673 0.30394911574074074 0.0634697916666666 0.08885732407407408
5 0.44032083593750004 0.3413259166666666 0.05870936979166661 0.0818055740740741
3 0.3930744427083333 0.4357605370370371 0.10226313541666662 0.31016705555555546
4 0.3304389635416667 0.3434412824074074 0.04522207291666671 0.12552854629629628
3 0.28283671875 0.30324398148148146 0.04680885416666672 0.1551472222222222
3 0.33718281250000004 0.25669954166666664 0.04601562500000001 0.06770091666666668
3 0.5335420078124999 0.1650210185185185 0.045222234374999934 0.056417222222222244
3 0.4875144166666666 0.1713679074074074 0.034091333333333355 0.06629011111111112
3 0.45856848958333335 0.19323010648148148 0.04918906249999999 0.06488052777777777
1 0.5705471536458333 0.25107275 0.06437756770833332 0.09585079629629628
