3 0.20032615625 0.6107194444444445 0.06584977083333333 0.1551481481481482
3 0.11860907812499999 0.6819462962962962 0.0864776770833333 0.18476666666666677
5 0.08766755729166667 0.5881523287037036 0.07378363541666667 0.1184767314814814
3 0.21421019531250002 0.4689703703703704 0.06029627604166663 0.1480962962962963
2 0.13368303125 0.44358287037037036 0.06426310416666665 0.1339916666666668
3 0.07100677083333333 0.4851907407407407 0.056329166666666666 0.08180555555555552
1 0.10532651562499999 0.3917030370370371 0.040052177083333335 0.10357533333333338
2 0.7695697135416668 0.2778560185185185 0.060295989583333306 0.1692527777777778
1 0.7080834557291666 0.21015527777777773 0.06108933854166665 0.14668574074074073
5 0.6521508151041666 0.11565555555555555 0.026974411458333236 0.05077592592592592
1 0.6235895833333333 0.12341342592592591 0.04442916666666683 0.06346944444444445
4 0.6097054687500001 0.09728182407407407 0.023007812499999978 0.05150212962962963
1 0.5835244791666666 0.10648842592592592 0.030941666666666614 0.0521861111111111
1 0.4419076380208333 0.1262341574074074 0.04918895312500003 0.0578279814814815
4 0.39760205729166664 0.11001408333333333 0.02722078125000008 0.0394922037037037
1 0.31100136979166665 0.1466851851851852 0.031734760416666674 0.05359629629629631
1 0.310208046875 0.1741892037037037 0.03808182291666663 0.07193270370370371
1 0.3431329010416667 0.16078970833333336 0.037288364583333275 0.06487984259259261
3 0.38418782031250004 0.14866189814814815 0.03768894270833337 0.06319122222222223
3 0.5335419270833335 0.16361092129629629 0.04998281249999993 0.06205963888888888
3 0.48990651041666666 0.16995740740740745 0.04204843750000003 0.06911111111111112
3 0.4573783125 0.1946402777777778 0.042048583333333237 0.07052129629629628
3 0.3387692708333334 0.2545837592592593 0.05712291666666669 0.07475285185185188
3 0.2788699375 0.30112824074074074 0.053155958333333274 0.16784166666666667
4 0.32924904947916667 0.34132583796296295 0.04442898437499997 0.13540202777777774
3 0.3835949192708333 0.2891394768518518 0.035701828124999994 0.06770067592592599
3 0.6164491901041667 0.2327222222222222 0.06188286979166667 0.0902685185185185
1 0.5359221354166668 0.2820876296296296 0.06426302083333321 0.08462659259259261
3 0.4926833333333333 0.30959120370370363 0.06188333333333335 0.0944990740740741
5 0.44071744791666667 0.3420310185185185 0.06426302083333332 0.0775731481481482
3 0.38825746614583334 0.4278517962962963 0.09580266145833333 0.28306607407407397
2 0.5640866770833334 0.3624823148148148 0.08568393750000004 0.11565574074074071
2 0.7290772369791667 0.1709586990740741 0.043454901041666716 0.08440667592592593
1 0.5729611979166668 0.2539342592592593 0.06115885416666676 0.09585185185185185
