2 0.1626411484375 0.36953432870370373 0.074577078125 0.08462578703703703
3 0.09996476041666666 0.3850493935185185 0.0444288125 0.0789845462962963
2 0.13844323697916666 0.4478136990740741 0.078543734375 0.12270778703703702
1 0.16145092447916667 0.5204515231481482 0.06902315104166666 0.1466858425925926
1 0.082907140625 0.650211574074074 0.06426280208333333 0.3272212962962963
3 0.2626057630208333 0.5839208333333334 0.087270765625 0.13258055555555556
3 0.187632125 0.6459800787037037 0.081717 0.12129724999999998
4 0.3986690104166667 0.11283491666666666 0.027768229166666665 0.04513387037037037
1 0.31179476562499997 0.17701003703703705 0.04125526041666667 0.07757437037037038
1 0.34273621614583333 0.16361092129629629 0.03490825520833333 0.06488050925925926
3 0.38200809375 0.14457000462962963 0.038875 0.06346930555555556
1 0.43873402083333335 0.12623413425925925 0.046015291666666666 0.06064880555555555
4 0.6077220364583333 0.09661513888888888 0.028561135416666668 0.040903055555555554
1 0.582334328125 0.10155133333333334 0.03490842708333333 0.059238074074074075
3 0.6517541666666666 0.11424543981481482 0.035702083333333336 0.05077578703703704
1 0.6251763020833333 0.12482384722222221 0.04442864583333333 0.05782823148148148
1 0.6763487057291666 0.14668547222222222 0.04998231770833333 0.05923837037037037
1 0.7544958333333334 0.16149488425925923 0.036494791666666665 0.07475282407407408
2 0.7691730260416667 0.26093107407407407 0.0452219375 0.15796933333333332
4 0.5129143229166667 0.2228490740740741 0.0499828125 0.07898518518518519
3 0.3415463020833333 0.256699537037037 0.0547428125 0.07334351851851852
2 0.3867684895833333 0.22637509259259259 0.05156927083333333 0.07757388888888889
3 0.2812501223958333 0.3046545509259259 0.046809130208333334 0.15514830555555556
5 0.44071745052083333 0.3448520972222222 0.05950259895833333 0.08321617592592592
4 0.33083557812500003 0.34062066203703706 0.046015302083333334 0.1255290462962963
3 0.38994184114583336 0.27644558333333336 0.05315590104166667 0.08180512962962963
3 0.4597583333333333 0.19252453703703704 0.04363541666666667 0.06911203703703704
3 0.4899065494791667 0.17066268518518518 0.04046190104166667 0.06770055555555556
3 0.5347320885416667 0.1685474074074074 0.05394936458333333 0.06347
2 0.5406822552083334 0.2722142314814815 0.07378340625 0.10155116666666666
3 0.48435302343750003 0.30324414814814815 0.04998249479166667 0.08462651851851852
1 0.5640866302083333 0.3589564305555556 0.08092361458333334 0.12835010185185186
1 0.0728272421875 0.4856938425925926 0.055525723958333335 0.0958512037037037
1 0.31102457552083335 0.1473533611111111 0.03782168229166667 0.05722461111111111
3 0.39270390625 0.4349069444444445 0.1030046875 0.3004287037037037
