3 0.2570522369791667 0.5747532407407405 0.0793371927083333 0.14527500000000004
1 0.08568396354166667 0.6708122222222223 0.06981644791666668 0.30072175925925937
3 0.19477244010416672 0.48377993981481476 0.05632907812499998 0.1523271574074074
2 0.13645992708333338 0.4492243472222223 0.06823014583333337 0.1255290833333334
3 0.07021328125 0.4844852777777778 0.057916145833333335 0.08603685185185181
2 0.16224427083333334 0.36530339814814816 0.07695729166666669 0.08462653703703703
1 0.10353497656249999 0.3987955787037037 0.04204879687499998 0.10083515740740746
1 0.06465967708333335 0.42313095370370374 0.04680877083333334 0.10155105555555556
1 0.7842472213541666 0.20098738888888887 0.04522222395833341 0.08321596296296295
1 0.7727433880208333 0.27221431944444446 0.05553614062499991 0.17207321296296296
1 0.75052890625 0.15937960648148147 0.04125572916666667 0.07052226851851852
1 0.6676216145833335 0.145275462962963 0.04204843750000009 0.06770092592592591
3 0.6533411458333336 0.11565555555555555 0.03252812499999998 0.05077592592592592
4 0.6220028333333333 0.11777157870370371 0.03808183333333327 0.06346980555555556
4 0.6061354166666668 0.09379398148148148 0.025387499999999955 0.04372314814814815
1 0.5847143229166666 0.10155138888888889 0.033321354166666595 0.056417592592592575
3 0.6180360520833333 0.2320166666666667 0.06188310416666667 0.08603703703703702
1 0.56091321875 0.34978850462962957 0.08568397916666666 0.1382229907407407
1 0.53512890625 0.2764453703703704 0.06426302083333321 0.09308888888888889
5 0.43992414843750005 0.3399152685185185 0.05950274479166661 0.07898427777777783
1 0.5160877265625 0.22425925925925924 0.05950267187500001 0.08462592592592588
3 0.38359479166666677 0.28984490740740737 0.03728854166666663 0.06628981481481477
4 0.3276622578125 0.3349789537037036 0.04284215104166667 0.12552912962962967
3 0.33559583333333337 0.256699537037037 0.05236249999999997 0.07334351851851847
3 0.45975859114583334 0.19323009259259263 0.04522240104166665 0.06770092592592591
3 0.48792827083333334 0.16995740740740745 0.038091958333333294 0.06629074074074076
3 0.5327484375 0.16149490740740738 0.048395833333333374 0.060649074074074105
1 0.4407175442708333 0.12764444444444445 0.05156907812499997 0.06064814814814813
1 0.34471953125 0.16008472222222223 0.03411510416666665 0.06911203703703706
1 0.3113980338541667 0.17207361111111116 0.037288307291666635 0.06770092592592591
1 0.31219140625 0.145275 0.03411510416666665 0.05641666666666667
3 0.3486864583333332 0.132580875 0.030941666666666676 0.05077528703703705
4 0.400599453125 0.11071898148148149 0.028666718750000028 0.052186111111111114
3 0.3830471354166667 0.14735335185185183 0.03701718750000005 0.07153077777777778
1 0.5725589270833333 0.2553649398148148 0.0619636875 0.09871271296296298
3 0.39069192708333333 0.4284694444444444 0.10059010416666668 0.293275925925926
