3 0.25705234375 0.5712268518518518 0.07933697916666667 0.13540185185185186
1 0.0797337734375 0.663175800925926 0.056329328125 0.3503293796296296
3 0.14756700260416666 0.5310296296296296 0.060296203124999996 0.14527592592592592
3 0.214210171875 0.4739069444444444 0.06664319791666666 0.14386388888888887
2 0.16462438541666666 0.3575459907407407 0.06902310416666667 0.10014135185185184
2 0.1396333645833333 0.44992943981481487 0.07457702083333334 0.12693926851851853
1 0.07100677083333333 0.48236970833333337 0.051568750000000003 0.0987309537037037
1 0.10750173697916665 0.38676664814814815 0.042048609375 0.11344811111111111
1 0.75092578125 0.1600842592592593 0.04046197916666667 0.07757407407407407
2 0.6719851562500001 0.1495064212962963 0.042842187500000004 0.06205937962962963
3 0.6561177083333334 0.11353981481481482 0.030147916666666667 0.046544444444444444
1 0.6251763020833334 0.12411862962962963 0.042842187500000004 0.05923866666666667
4 0.61010234375 0.09590992129629629 0.026974479166666666 0.042313490740740735
1 0.5831276041666666 0.10437220833333334 0.030147916666666667 0.053596324074074074
3 0.6200192708333333 0.2306064814814815 0.06585 0.08321666666666666
1 0.5386986979166667 0.2806768518518518 0.0618828125 0.08462592592592592
1 0.4934765625 0.3095912037037037 0.06346979166666666 0.09449907407407407
5 0.44151093750000003 0.3420310185185185 0.06902291666666667 0.08039537037037037
3 0.3910570703125 0.4293124722222222 0.09664122395833334 0.2944508703703704
4 0.32845567708333334 0.33779999999999993 0.046015729166666665 0.12835
3 0.38081796874999996 0.2898449074074074 0.04442864583333333 0.0719324074074074
3 0.28323333333333334 0.30535972222222224 0.047602083333333337 0.15655833333333333
3 0.33757942708333327 0.25246851851851854 0.05156927083333333 0.07334259259259258
3 0.45936183593749996 0.19605060185185183 0.04760236979166667 0.06770064814814815
3 0.4883197916666667 0.1713679074074074 0.03728854166666666 0.06629011111111112
3 0.5319552083333333 0.16387415277777778 0.04839583333333333 0.061653879629629635
1 0.43881821614583333 0.12905579166666667 0.04618330729166666 0.057825453703703705
3 0.385975 0.14880092592592595 0.038875 0.05782777777777778
1 0.34471953125 0.16008482870370372 0.03411510416666667 0.06911182407407408
1 0.31139817708333334 0.1777148148148148 0.0357015625 0.07334259259259258
1 0.31020807291666663 0.14880124074074072 0.0364953125 0.052186407407407404
3 0.35185989583333327 0.1311706898148148 0.030941666666666666 0.047954916666666667
4 0.40065234375 0.10930879629629629 0.025388020833333334 0.04936574074074074
1 0.5717541666666667 0.2539343842592593 0.06035416666666667 0.09585160185185185
