1 0.07814703385416667 0.6753462407407407 0.05950280729166666 0.37749062962962965
1 0.16105430989583333 0.5204515231481482 0.06822992187499997 0.14668584259259257
3 0.21716510937500005 0.4689704722222222 0.06620626041666669 0.14809609259259265
2 0.16422777083333334 0.3709451064814815 0.06822987499999998 0.0846264537037037
3 0.10512161458333334 0.3998587962962963 0.037288020833333345 0.08603611111111109
1 0.07259343489583332 0.48730601851851857 0.053155838541666674 0.08885833333333343
2 0.13963341145833333 0.4478137824074074 0.07933734375000001 0.13117058333333337
3 0.39187871093750004 0.43287925925925924 0.10304515104166671 0.29876222222222226
5 0.4415108671875 0.34203100925925917 0.06267618229166659 0.08321575925925931
1 0.49069989843749995 0.3060647314814815 0.06267624479166667 0.09590942592592593
3 0.6541343749999999 0.11354034722222224 0.030941666666666614 0.04936560185185185
1 0.6255729166666666 0.1248236111111111 0.04839583333333349 0.05500648148148146
4 0.6101023437500002 0.09449939814814814 0.026974479166666634 0.03667157407407407
1 0.5815408854166666 0.10648796296296296 0.03649531249999995 0.04654444444444443
1 0.4372313802083333 0.1262342592592593 0.049356979166666724 0.06629074074074075
1 0.38359479166666677 0.15021157407407407 0.03728854166666663 0.05782870370370369
1 0.3463062499999999 0.1607898148148148 0.03728854166666663 0.06487962962962962
1 0.31298475260416664 0.17445239814814814 0.040461744791666615 0.07422668518518523
1 0.3106983229166667 0.1466851851851852 0.03234085416666665 0.05359629629629631
3 0.3470997317708333 0.1290550324074074 0.03570157812499997 0.0521862314814815
4 0.39985885416666667 0.11071898148148149 0.022214583333333357 0.052186111111111114
3 0.33837260416666665 0.25599444444444436 0.04839541666666669 0.07475370370370368
3 0.2808534375 0.2983074074074074 0.04760249999999999 0.17066296296296293
3 0.4601552057291666 0.1946402777777778 0.04601563020833333 0.06488055555555555
3 0.4879229166666666 0.17066250000000005 0.04125520833333329 0.06770092592592591
3 0.5327145390625 0.1649727314814815 0.04991426562500004 0.059181870370370385
1 0.5156911119791666 0.22214369907407405 0.05870944270833327 0.07757371296296298
3 0.6172424479166666 0.22990148148148146 0.06664322916666686 0.08462666666666663
4 0.32885234375000005 0.3448518055555555 0.045222395833333276 0.13117046296296297
3 0.3831981770833333 0.2905500833333333 0.03808177083333331 0.08180538888888891
1 0.7049356145833333 0.2103005185185185 0.06598710416666656 0.14878414814814814
1 0.5701448489583334 0.2525034814814815 0.06518240624999999 0.09585140740740741
