3 0.26181239322916666 0.5874469675925926 0.08885750520833338 0.13399125
3 0.195962734375 0.6509169907407407 0.09520473958333332 0.13399194444444448
1 0.163434375 0.519040962962963 0.0682302083333333 0.15232733333333337
2 0.13963329166666666 0.45063486574074074 0.07616362500000003 0.1311710092592593
2 0.16660800260416667 0.3674189814814815 0.06664336979166668 0.08039537037037037
4 0.10591501822916666 0.38645972222222225 0.038875171875 0.0705212962962963
1 0.06584973958333333 0.42454139351851844 0.04284218749999999 0.09873017592592591
1 0.7949577994791668 0.20592392129629628 0.039668776041666715 0.07334289814814815
1 0.6973729166666665 0.12764434259259258 0.023801041666666713 0.06064835185185186
1 0.6739685468750001 0.14598024074074073 0.04680873958333341 0.06064877777777778
3 0.6541343749999999 0.1170662037037037 0.030941666666666614 0.056417592592592575
1 0.6263664062500001 0.1255291666666667 0.04522239583333333 0.0564175925925926
1 0.43761661979166677 0.12482384722222221 0.04536761458333339 0.05782823148148149
4 0.3994622395833333 0.11142473148148148 0.027768229166666696 0.04231349999999999
3 0.34828984375 0.1304654722222222 0.03332135416666671 0.04936535185185187
1 0.31219140625 0.1452750648148148 0.03570156250000001 0.050775796296296305
1 0.31179490885416666 0.17418907407407405 0.03808205729166669 0.07475333333333335
1 0.34590962760416666 0.16078983333333333 0.03332136979166667 0.06205922222222221
3 0.3839914635416667 0.14880119907407408 0.03808165625000003 0.06346982407407409
3 0.5311221223958333 0.16572632407407412 0.05148966145833332 0.06346957407407405
3 0.48911328125000003 0.17066296296296296 0.034115104166666715 0.07052222222222221
3 0.45817165885416666 0.19393518518518518 0.04680876562500001 0.06911111111111112
2 0.38756171875 0.22496490740740743 0.04998281250000005 0.0747535185185185
3 0.33599244791666666 0.25809264814814814 0.05156927083333329 0.07895061111111111
3 0.2816467369791667 0.30606495833333336 0.04760235937499999 0.15796880555555556
4 0.3292488593750001 0.34485168055555554 0.04284186458333329 0.1339910833333333
3 0.3934768020833334 0.43574036111111114 0.10306785416666665 0.3044849444444444
5 0.4442876901041667 0.3420308842592593 0.06822982812499999 0.08603637962962962
1 0.4831627604166667 0.30818059722222213 0.049189062500000054 0.09732028703703698
2 0.5347320416666667 0.2750351851851852 0.06664320833333329 0.10719259259259259
2 0.6168458333333333 0.23483796296296297 0.06267604166666665 0.08885740740740738
2 0.5137075911458333 0.3906910231481481 0.08806398437499995 0.16361054629629634
