3 0.25824215104166665 0.5712273148148148 0.08013028125 0.14104351851851862
1 0.08842163020833335 0.6708323981481482 0.07544840625000002 0.3064038703703704
3 0.19596249479166664 0.4851905879629629 0.05394896875 0.15514845370370373
3 0.07251448177083333 0.48166431944444443 0.05490020312499999 0.08321580555555554
2 0.13685654166666664 0.45133981481481483 0.069023375 0.12693888888888888
2 0.16065755208333332 0.3631877407407408 0.07695677083333337 0.0888578518518519
1 0.10591501822916666 0.39595467129629625 0.038875171875 0.10079452777777778
1 0.06227951562499999 0.43018333333333336 0.046808677083333326 0.09026851851851843
1 0.7513223958333335 0.162200462962963 0.04125520833333323 0.07616388888888892
1 0.6668283854166667 0.14809583333333337 0.04046197916666673 0.06770092592592591
3 0.6529442708333335 0.11283472222222223 0.03649479166666663 0.04795462962962964
1 0.6239864583333333 0.12270833333333334 0.043635416666666656 0.06205925925925926
4 0.608515625 0.1015515 0.03014791666666679 0.045134037037037035
1 0.5851111979166668 0.1050773148148148 0.035701562499999895 0.0521861111111111
3 0.6180359375000001 0.234837962962963 0.0634697916666667 0.08603703703703705
1 0.5379053828125 0.2778560185185185 0.06346944270833337 0.08744722222222223
1 0.4930799479166667 0.30465441666666665 0.06267656250000003 0.09590968518518515
5 0.44190755468750004 0.344146875 0.06188280729166659 0.08462662037037037
3 0.3902692682291667 0.42719719444444443 0.099826265625 0.29868142592592595
3 0.3824046744791667 0.2884345972222222 0.036494817708333294 0.07193265740740737
4 0.3300422057291667 0.34062037037037035 0.04760204687500001 0.1311703703703704
3 0.33757928125 0.25458379629629635 0.05474247916666665 0.07475277777777778
3 0.45975859375 0.1953453703703704 0.04680885416666669 0.06911111111111112
3 0.4907 0.16995740740740745 0.042048958333333296 0.06911111111111112
1 0.5236247395833333 0.1643157592592593 0.04760260416666663 0.06911107407407407
1 0.4403208098958333 0.12693925 0.04760213020833337 0.05923816666666667
3 0.38438828124999996 0.14950648148148146 0.038875520833333316 0.06205925925925926
1 0.34392630208333336 0.15937962962962962 0.03570156250000001 0.07052222222222221
1 0.31179471875 0.17418888888888892 0.036494937499999956 0.07475370370370371
1 0.3110012994791667 0.1452749398148148 0.03332135937500003 0.05359641666666667
3 0.3498765625000001 0.13328617592592593 0.030147916666666733 0.057827648148148156
4 0.39866901041666664 0.11212962962962962 0.023007812499999978 0.04654444444444443
1 0.5709494791666666 0.2553649675925926 0.061963541666666684 0.09585154629629634
1 0.7713249999999999 0.26895555555555556 0.05552604166666685 0.18884074074074078
