3 0.26141588541666666 0.5881523333333334 0.08647760416666668 0.1297602222222223
3 0.1864421875 0.6466856481481482 0.08092395833333335 0.11706574074074078
4 0.07852783333333332 0.6545013935185185 0.06343789583333333 0.30759234259259255
1 0.157484375 0.5155148148148146 0.07854375000000001 0.14527592592592595
2 0.13923648958333334 0.44851898148148145 0.07378327083333334 0.12129722222222225
3 0.10274140625 0.40126930092592594 0.0420484375 0.08039473148148146
2 0.16660788541666663 0.3688294490740741 0.06346964583333335 0.08885776851851857
5 0.43913072916666673 0.3420310185185184 0.05632916666666663 0.0944990740740741
3 0.3934768020833334 0.4364557962962963 0.10306785416666665 0.3059152962962963
2 0.6136724166666667 0.2334273148148148 0.06108954166666649 0.09167870370370373
1 0.5680536458333333 0.2574050925925926 0.05394895833333315 0.08321574074074076
1 0.5386988515625001 0.2700987777777778 0.06981659895833321 0.09731944444444443
1 0.5093440104166667 0.22143848148148151 0.05077552083333335 0.07898414814814814
2 0.76837965625 0.2581101574074074 0.045221937500000094 0.17489449999999993
2 0.7497356015625002 0.1600842592592593 0.03808192187499995 0.07757407407407407
2 0.7088770390625 0.21353293055555556 0.05474279687500001 0.13087404629629631
1 0.6965796875 0.12976033796296296 0.022214583333333357 0.05923858333333334
1 0.673571875 0.14527502314814816 0.046015624999999956 0.06205921296296296
3 0.654134375 0.11142435648148148 0.03570208333333322 0.04795449074074075
1 0.627953125 0.1262339490740741 0.04522187500000001 0.05218580555555557
5 0.6077221354166668 0.09731990740740741 0.03649531250000007 0.04513425925925926
3 0.53390459375 0.16572632407407412 0.047534156250000056 0.06346957407407405
3 0.4907 0.1699574675925926 0.03728854166666663 0.06911099074074074
3 0.4605518203125 0.19605081481481482 0.04680885937500001 0.07334281481481482
1 0.4371473958333334 0.1262341574074074 0.04601562500000001 0.0578279814814815
4 0.3982721354166667 0.11001395833333334 0.030148437499999996 0.04231282407407408
3 0.35106658593749995 0.13046534259259263 0.027767869791666656 0.0521859814814815
1 0.31139817708333334 0.14668525000000002 0.03887552083333337 0.05359616666666667
1 0.31100134635416665 0.17489442129629626 0.038081682291666634 0.07052226851851852
1 0.34471953125 0.15937927314814815 0.03411510416666665 0.067700712962963
3 0.3820081302083334 0.1488013287037037 0.03411498958333337 0.06064919444444445
3 0.2820433515625 0.3053595138888889 0.04839558854166673 0.1593791203703704
3 0.3407528645833333 0.2559469444444445 0.05474218750000001 0.07465833333333334
2 0.3899419375 0.22849074074074072 0.04522237500000005 0.07616296296296296
1 0.49228668750000004 0.30324398148148146 0.06426308333333335 0.09591018518518515
2 0.7306866796874999 0.1731046527777778 0.040236015624999885 0.07725365740740742
