1 0.07656041666666669 0.6767667314814815 0.05632916666666667 0.3775108888888889
1 0.0682296875 0.4823694444444445 0.052362500000000006 0.07616296296296299
2 0.13923667708333334 0.44851925462962966 0.07537039583333333 0.1241188981481482
3 0.21677414062500003 0.46967548148148147 0.06859764583333335 0.14104348148148152
1 0.162244296875 0.51904075 0.06743640624999998 0.14668516666666662
2 0.16422777083333334 0.3653032407407408 0.06822987499999998 0.08462685185185179
3 0.10274140625 0.393512037037037 0.0420484375 0.08462592592592588
1 0.7513223203125 0.16361075462962965 0.041255359374999995 0.07616367592592595
3 0.6533410390625 0.11495078240740741 0.03252833854166658 0.04654473148148148
1 0.6251763437500001 0.12552906481481482 0.04284210416666667 0.05641779629629629
4 0.6093088541666667 0.09449907407407407 0.026974999999999957 0.03949259259259258
1 0.5847143229166666 0.10719342129629629 0.039668229166666555 0.05077612037037036
4 0.3994622395833334 0.11071944444444444 0.029354687500000053 0.04654444444444446
3 0.3463062499999999 0.12976018518518517 0.03728854166666663 0.05359629629629631
1 0.3118884270833334 0.1459800925925926 0.03472106249999995 0.0521861111111111
1 0.31142703645833336 0.1758625833333333 -0.03701716666666665 0.07704705555555559
1 0.3435297265625 0.16008449074074074 0.033321796875 0.06629027777777781
1 0.38319823437500006 0.14880119907407408 0.03649519791666667 0.06346982407407409
1 0.43881812239583334 0.1255287037037037 0.04618349479166663 0.06205925925925926
3 0.5311221223958333 0.164569037037037 0.05148966145833332 0.05732118518518521
3 0.4895098958333334 0.1692525 0.034908333333333395 0.0648801851851852
3 0.4589651484374999 0.1953453703703704 0.04839574479166663 0.0662907407407407
1 0.3859750338541667 0.22496474074074077 0.04839576562500003 0.08603666666666664
3 0.33837260416666665 0.256699537037037 0.04839541666666669 0.07334351851851847
3 0.28482012760416675 0.3055431342592593 0.04918891145833341 0.15901187962962965
4 0.3312322630208334 0.3399155694444445 0.04522193229166671 0.12411886111111115
3 0.38557820572916673 0.29196039351851855 0.034908171874999935 0.08180513888888885
1 0.5156910416666667 0.22355422222222218 0.060296041666666626 0.08321562962962958
3 0.6192260416666666 0.22849074074074074 0.07219687499999997 0.08462592592592594
1 0.49228668750000004 0.30535972222222224 0.06426308333333335 0.0973194444444444
5 0.44270104427083345 0.34203100925925917 0.06346978645833333 0.08321575925925931
3 0.39267775781250003 0.4342996574074074 0.1030565052083333 0.29878266666666664
1 0.5705471927083333 0.2539340648148148 0.06437771875000008 0.09585146296296301
1 0.5375536458333333 0.26895555555555567 0.06598750000000007 0.09442037037037036
1 0.8019044270833333 0.20314768518518517 0.05069739583333342 0.07153055555555551
