3 0.26339920572916664 0.5655852037037038 0.084097421875 0.17489448148148148
3 0.19715262500000003 0.61212975 0.06743641666666668 0.14386457407407408
5 0.08925434635416667 0.588152138888889 0.07537047395833334 0.11283461111111111
2 0.13288984375 0.44428768981481476 0.06426302083333334 0.1382227685185185
3 0.07021334375 0.48589580092592594 0.05156914583333334 0.09167876851851851
1 0.10413066666666666 0.3948497824074074 0.03926991666666667 0.09442060185185185
1 0.1622442734375 0.3596611111111111 0.073783328125 0.09308888888888889
2 0.77036315625 0.2785611111111111 0.05712264583333333 0.16219999999999998
1 0.7552893229166667 0.16025722222222225 0.03173489583333333 0.07158740740740742
1 0.6668282760416667 0.14104398148148148 0.04204865625 0.07616388888888889
5 0.6505643229166667 0.11212994907407407 0.025388020833333334 0.040903064814814816
1 0.6259697838541667 0.12411829166666666 0.039668765625 0.05641712037037037
1 0.6104989583333332 0.09799713425925927 0.027767708333333332 0.05007152777777778
1 0.5835243125 0.10860351851851853 0.03570165625 0.04795457407407407
3 0.6184325963541666 0.23201675925925927 0.06426293229166666 0.08885722222222223
2 0.5343352135416667 0.2757402777777778 0.05315561458333333 0.08321574074074074
3 0.48395625000000003 0.30394907407407407 0.047602083333333337 0.0888574074074074
2 0.5652768776041667 0.3603667453703704 0.08013061979166666 0.12834984259259258
2 0.5152943098958334 0.37799708796296294 0.091237421875 0.15796878703703704
5 0.4383375 0.3413259166666666 0.06267604166666667 0.08180557407407407
3 0.38866550260416666 0.4264514490740741 0.09820547395833333 0.2887280092592593
3 0.38280130208333335 0.28772929166666666 0.0357015625 0.06488030555555556
4 0.33004249479166664 0.3363890740740741 0.04442864583333333 0.1283502037037037
3 0.28363009375000003 0.3060647361111111 0.04522210416666667 0.15796867592592592
3 0.3367859375 0.2552893518518518 0.05474270833333333 0.07898425925925925
3 0.4601552057291666 0.19464049074074072 0.049189109375 0.07052155555555556
3 0.48633619791666666 0.17348398148148148 0.038081770833333334 0.07334314814814814
3 0.5339387395833334 0.16385372685185187 0.0491891875 0.05875180555555555
1 0.44230433333333335 0.12693935185185187 0.053155916666666664 0.05641759259259259
3 0.3847848828125 0.1509167314814815 0.041255234375 0.06205912962962963
1 0.3419429140625 0.1643162037037037 0.038081880208333335 0.06346944444444444
1 0.3098112421875 0.17559907407407407 0.035701473958333334 0.07757407407407407
1 0.31139817708333334 0.14739046759259258 0.03411510416666667 0.052185731481481486
4 0.40025546875 0.11354009722222222 0.0230078125 0.05500684259259259
2 0.7294795468749999 0.17167403703703704 0.04747840625 0.08011488888888889
1 0.5709494791666666 0.254649537037037 0.06196354166666666 0.0972824074074074
