3 0.25387864583333336 0.5712268518518518 0.08251041666666666 0.13540185185185186
1 0.07814713541666668 0.6725151944444444 0.05950260416666667 0.38029149999999995
3 0.21381341666666667 0.4724962962962963 0.06902316666666668 0.14668518518518517
2 0.14042678125 0.45133975 0.07775060416666667 0.12693901851851852
1 0.07060989583333334 0.4858957175925926 0.05712291666666667 0.08321597222222223
2 0.16303769270833335 0.36459805092592595 0.07695690625 0.08885760185185186
3 0.10115468749999999 0.3949226851851852 0.045221874999999995 0.0902675925925926
1 0.7517190755208334 0.1614950138888889 0.038875390625 0.07193219444444444
1 0.6707952265625 0.15796900462962962 0.04363558854166667 0.08744717592592592
3 0.6537377239583333 0.112834875 0.03173496875 0.05641728703703704
1 0.62596953125 0.12623425925925927 0.04442864583333333 0.05782777777777778
4 0.6104989583333335 0.09661527777777779 0.029355208333333334 0.040902777777777774
1 0.5835242421875001 0.10578264814814815 0.035701515625 0.05077544444444444
3 0.6180360520833333 0.2327223148148148 0.06188310416666667 0.09026833333333334
3 0.53192684375 0.16384397685185184 0.05309910416666667 0.06159352777777778
3 0.4867330729166666 0.17348398148148148 0.04046197916666667 0.07334314814814814
3 0.4600517786458333 0.1932300925925926 0.04939540104166666 0.06770092592592593
1 0.5359220989583334 0.27150879629629626 0.06426309375 0.10296203703703703
1 0.491096703125 0.3088858148148148 0.06505659375 0.09590985185185184
5 0.44230416666666666 0.3406204861111111 0.06585 0.0775738425925926
3 0.39026358072916667 0.430733337962963 0.098228203125 0.29447037962962963
4 0.32845548697916666 0.3399157407407407 0.044428609375000004 0.12411851851851852
3 0.38081796874999996 0.2891396898148148 0.04442864583333333 0.07334284259259259
3 0.2848202682291667 0.30394907407407407 0.04601571354166667 0.15373703703703703
3 0.3383727916666667 0.2588152824074074 0.04998254166666667 0.07193239814814814
1 0.4376166197916667 0.12764444444444445 0.045367614583333334 0.060648148148148145
1 0.3824046875 0.1495064814814815 0.04125520833333333 0.05923888888888889
1 0.3439263020833333 0.15937916666666668 0.0420484375 0.06770092592592593
1 0.3098114583333334 0.17912546296296297 0.038875 0.07052129629629629
1 0.31377812499999996 0.1466851851851852 0.032528125 0.053596296296296295
3 0.34789296875000003 0.13399166666666668 0.029354687499999997 0.053596296296296295
4 0.39906562500000003 0.11424556481481482 0.023801041666666668 0.04795516666666667
1 0.15490883072916667 0.5236051018518518 0.06196358854166666 0.15736757407407406
1 0.5701448098958333 0.2532186712962963 0.06357288020833333 0.0915589537037037
