1 0.08052719270833333 0.6760615509259259 0.05950290625 0.37892125000000004
3 0.21500338541666666 0.46967568981481483 0.0682296875 0.1466856574074074
2 0.16621131770833333 0.3688296296296296 0.06743673958333334 0.07757407407407407
3 0.10393177083333333 0.38787018518518523 0.04125520833333333 0.09590962962962964
1 0.07021341666666667 0.48448536574074075 0.04998254166666667 0.09449963888888889
2 0.13923660677083335 0.44710847685185184 0.07695699479166666 0.12411823148148148
2 0.5628967630208332 0.3476726851851852 0.08489084895833333 0.145275
1 0.7707598958333333 0.27009887499999996 0.05474270833333333 0.18194669444444445
1 0.7544958333333333 0.16008449074074074 0.04284166666666667 0.06629027777777778
1 0.7291077890625 0.1685474537037037 0.05394900520833333 0.08321620370370371
3 0.6529442708333334 0.11777136574074074 0.03490833333333333 0.057827638888888894
1 0.6263663281249999 0.12411829166666666 0.04204859375 0.05641712037037037
4 0.6093091145833333 0.0995780787037037 0.03173489583333333 0.04118719444444445
1 0.5835243828125 0.1071932962962963 0.03252831770833333 0.05359674074074074
3 0.6192260416666666 0.23201675925925927 0.06743645833333334 0.08885722222222223
4 0.5129143984375 0.22214369444444443 0.05791591145833333 0.0803945925925926
1 0.5359220989583334 0.2700986990740741 0.06426309375 0.10296186111111111
1 0.49109661458333337 0.3088858148148148 0.06505677083333333 0.09590985185185184
5 0.44032083593750004 0.3406203611111111 0.05870936979166667 0.08039446296296296
3 0.391465 0.430733337962963 0.09904425 0.29447037962962963
4 0.33004234895833334 0.33991523148148145 0.04442884375 0.12129731481481482
1 0.3982721354166667 0.2778560185185185 0.07140364583333333 0.0902675925925926
3 0.2824401067708333 0.3046546296296297 0.04601561979166667 0.15514814814814815
3 0.3407528645833333 0.25881540740740744 0.0563296875 0.06911177777777779
1 0.38532176822916664 0.22143868981481482 0.056609682291666664 0.08462632407407407
3 0.46015520833333334 0.19181933333333334 0.044429166666666665 0.06487985185185186
3 0.4883197916666667 0.17207325 0.038875 0.062059055555555555
3 0.5311164453125 0.16569812499999997 0.049891567708333334 0.06059230555555555
4 0.3978755208333334 0.1086037037037037 0.029355208333333334 0.050775925925925926
3 0.34630625 0.13187599074074072 0.03728854166666666 0.05500727777777778
1 0.31298491666666667 0.15021157407407407 0.030941624999999997 0.06064907407407408
1 0.31258813802083335 0.17559925925925926 0.039668515625 0.0775737037037037
1 0.3451163619791666 0.1607898425925926 0.033321578125 0.06488011111111111
1 0.3831980442708333 0.14668558796296297 0.034908078125 0.05641771296296297
1 0.43722570572916664 0.12905512037037037 0.047758890625 0.06064901851851852
1 0.7057403177083333 0.21173104166666668 0.06598707291666667 0.1545064351851852
1 0.5693401276041666 0.2539341898148148 0.06357296354166667 0.10157367592592592
