3 0.2582422213541667 0.5705217592592593 0.07854368229166667 0.13399166666666668
1 0.0876673671875 0.67223275 0.072196515625 0.30074194444444446
3 0.19516919531250002 0.4851902777777778 0.053949109375 0.1495064814814815
3 0.07140333072916666 0.48095922222222226 0.05077563020833333 0.07898425925925925
2 0.13725308333333333 0.45204490740740744 0.07140320833333333 0.1255287037037037
2 0.16581458333333335 0.3645978009259259 0.06981666666666667 0.0944988425925926
1 0.10432827604166667 0.39666997685185185 0.04204865625 0.10222513888888889
1 0.0595028828125 0.42524675925925925 0.042842151041666665 0.08039537037037037
1 0.7493389869791667 0.15937962962962962 0.037288692708333335 0.07334259259259258
1 0.7112570807291667 0.21579675925925926 0.051569171875 0.12976018518518517
1 0.6692082942708333 0.14677735648148146 0.045221953125 0.06751750925925926
3 0.65215078125 0.11424522685185186 0.033321354166666664 0.04513362037037037
1 0.6239863098958334 0.12270833333333334 0.038875296875 0.06205925925925926
4 0.6104989583333332 0.09873055555555556 0.03411458333333333 0.04231296296296296
1 0.5827309427083333 0.1050773148148148 0.03570165625 0.05218611111111111
3 0.6180359375 0.23272222222222222 0.06823020833333333 0.09026851851851851
1 0.5168812630208334 0.3857547453703704 0.08489088020833332 0.1678423611111111
2 0.5636899921875 0.35260925925925923 0.08647730729166667 0.14104444444444444
1 0.5375088385416668 0.2750351851851852 0.06108961458333333 0.09308888888888889
1 0.4863363802083333 0.3088856481481481 0.04760223958333333 0.09591018518518518
5 0.44190769531249996 0.3413259259259259 0.058709609375 0.07616296296296296
3 0.39107404687499997 0.4293328564814815 0.10143559375 0.3001325648148148
4 0.32885234375 0.3385046296296297 0.04522239583333333 0.13540185185185186
0 0.30743124999999993 0.24964722222222224 0.00079375 0.0
3 0.2780765625 0.2976022361111111 0.04204895833333333 0.17207330555555556
3 0.33876953125 0.26093055555555555 0.0555359375 0.08180555555555555
3 0.45936190625 0.1932300925925926 0.04601577083333333 0.06770092592592593
3 0.49069973958333335 0.17418935185185186 0.0357015625 0.0719324074074074
3 0.5331453125 0.1650212962962963 0.044429166666666665 0.06205925925925926
1 0.5152944270833334 0.22355434722222223 0.0595028125 0.08039500925925926
1 0.4403208333333334 0.1276449074074074 0.0523625 0.06346944444444444
3 0.385661703125 0.14609222685185186 0.03983539583333333 0.06042480555555556
1 0.34551302083333335 0.1607898148148148 0.03411458333333333 0.06487962962962962
1 0.3113980338541667 0.17418935185185186 0.03728830729166666 0.0719324074074074
1 0.31219154687499995 0.14809583333333334 0.03252836458333333 0.05641759259259259
3 0.3486864583333333 0.13117083333333335 0.032528125 0.05641759259259259
4 0.3978755208333334 0.11212969907407408 0.027767708333333332 0.04654430555555556
1 0.5709495182291667 0.2553647129629629 0.06196361979166667 0.10157387037037037
