3 0.19675589062499999 0.6325811342592593 0.06346946874999997 0.1227081018518519
3 0.1197989921875 0.6868831481481481 0.087270765625 0.18617814814814818
5 0.08925429947916667 0.5909731481481482 0.07061015104166665 0.11847592592592578
3 0.2173836328125 0.467560037037037 0.06664315104166665 0.15091696296296292
2 0.13447647395833334 0.4449930324074074 0.061089760416666694 0.13399171296296297
3 0.06902317708333333 0.4873060277777778 0.05553593749999999 0.08321572222222215
1 0.05672603645833332 0.43018333333333336 0.043635427083333345 0.1015518518518519
1 0.10541845312499999 0.3955650925925926 0.040236052083333335 0.09585122222222221
1 0.8124117526041666 0.19746116666666666 0.04442857812499999 0.06205914814814817
2 0.7699666119791666 0.27997175925925927 0.054742817708333294 0.16784166666666667
1 0.7517190104166666 0.1607899212962963 0.03252864583333341 0.07052200925925929
1 0.7068935416666666 0.20803966666666668 0.06029624999999991 0.1396336296296296
5 0.6493742187499999 0.11565579166666666 0.027768229166666814 0.03949212037037038
1 0.6227963541666667 0.12693912500000004 0.041255208333333356 0.062058787037037044
4 0.6116890625 0.09716968518518518 0.025387499999999837 0.051277851851851845
1 0.5835244791666667 0.10648820370370371 0.03252812499999998 0.05218655555555557
1 0.44309765625 0.1290550925925926 0.04998281250000005 0.06064907407407409
3 0.3837799739583333 0.14935696759259262 0.04009213541666667 0.0589398611111111
1 0.3427362864583333 0.16008472222222223 0.03649513541666671 0.06911203703703706
1 0.3102080729166667 0.17277842592592588 0.03808177083333331 0.07193203703703706
1 0.31258808854166664 0.1459801574074074 0.034908197916666654 0.05218598148148151
4 0.39747864583333326 0.11001435185185184 0.023801041666666654 0.04513425925925925
3 0.5319552083333333 0.16643148148148149 0.04839583333333343 0.06205925925925926
3 0.4907 0.17066250000000005 0.043635416666666656 0.06770092592592591
3 0.4588619348958333 0.1981662037037037 0.04701571354166667 0.07475277777777778
3 0.339390765625 0.25690336574074074 0.05673348958333335 0.07603849074074079
4 0.27410963541666666 0.3060647361111112 0.046808854166666664 0.1579686759259259
4 0.3304390338541667 0.3385048796296296 0.043635473958333296 0.13258098148148148
3 0.38716484375 0.2891394768518518 0.03173489583333335 0.06770067592592599
3 0.3870503854166667 0.4271364907407407 0.09338850000000001 0.281635462962963
5 0.44071744791666667 0.34344144907407415 0.06267656249999996 0.08039487962962966
3 0.48435312500000005 0.30465416666666667 0.04998229166666667 0.0874472222222222
1 0.5359221354166668 0.2820875 0.0737838541666666 0.0874472222222222
3 0.617242609375 0.2327219814814815 0.0650564479166667 0.08744677777777775
2 0.5640866302083333 0.3603667824074073 0.08092361458333339 0.11706643518518521
5 0.5200547734375001 0.42595195833333327 0.08806441145833327 0.09308867592592594
2 0.7302842343750001 0.169527712962963 0.04908778124999991 0.07868346296296298
1 0.5713518567708334 0.2553649398148148 0.0643775364583334 0.09871271296296298
