3 0.2621127604166667 0.5856623472222223 0.08953489583333334 0.13851789814814816
3 0.18693053385416666 0.6421628842592593 0.08133372395833334 0.12515200925925926
1 0.083383890625 0.6470231712962962 0.06561346875 0.329283287037037
1 0.1025213359375 0.3862009074074074 0.039641703125000004 0.0773835925925926
1 0.07005625 0.484204287037037 0.05536145833333333 0.09113031481481482
2 0.14079597656249998 0.44592963425925924 0.07791638020833333 0.12393702777777778
3 0.21768677604166667 0.4684080833333333 0.06766394791666668 0.1470227222222222
3 0.2826168958333334 0.3055893055555556 0.048526625000000004 0.1567436111111111
4 0.39949114583333334 0.10935583333333333 0.025288541666666668 0.04374203703703704
1 0.3424210963541667 0.16221162962962962 0.036907807291666664 0.06439896296296296
1 0.31098111718749993 0.17618486111111112 0.036907557291666664 0.07290435185185185
1 0.38001202083333335 0.14823802314814813 0.041008249999999996 0.06318321296296296
5 0.4415247395833333 0.34325648148148147 0.05741197916666666 0.08627037037037037
3 0.34139583333333334 0.2569865740740741 0.05399479166666667 0.07654907407407407
3 0.48800127604166665 0.17496945833333333 0.042375572916666666 0.07290367592592592
3 0.45861174479166666 0.19380320833333334 0.047843177083333334 0.06682876851851852
3 0.5327485885416666 0.1636107175925926 0.05315585416666667 0.07052186111111111
1 0.5652768229166667 0.25176296296296297 0.0626765625 0.10014074074074074
1 0.5367154453125 0.270098787037037 0.06902327604166666 0.10860377777777777
3 0.48514620572916667 0.310296 0.046808630208333334 0.09873022222222223
2 0.5145011041666667 0.3963329861111111 0.08330404166666666 0.15796921296296296
2 0.7728838541666667 0.2664043935185185 0.055364583333333335 0.15485602777777777
1 0.6751587213541667 0.15162182407407407 0.04760234895833334 0.06346931481481481
3 0.6549276380208333 0.11565575 0.03252805729166667 0.05077553703703704
5 0.6085155260416666 0.09873054166666667 0.030148114583333333 0.04231299074074074
2 0.39073515625 0.22284891666666667 0.04046197916666667 0.07616327777777777
3 0.39033852864583335 0.2771511388888889 0.05236252604166667 0.08321624074074074
3 0.3942758515625 0.43502505092592597 0.103079203125 0.30305432407407407
1 0.6244635416666667 0.12303287037037036 0.043455208333333335 0.057225
1 0.5838250833333334 0.10228897222222223 0.034602958333333336 0.06437766666666667
1 0.5126072942708333 0.22317595370370372 0.049892703125 0.08297564814814815
1 0.5693401041666667 0.35264663425925924 0.07966770833333332 0.12732475
1 0.6989002604166666 0.13447777777777778 0.024946354166666667 0.06294629629629629
