3 0.20032615625 0.6107194444444445 0.06584977083333333 0.15514814814814815
3 0.11860907812499999 0.6819462962962962 0.08647767708333333 0.18476666666666666
5 0.08766755729166667 0.5881523287037037 0.07378363541666667 0.11847673148148148
3 0.21421019531250002 0.46897037037037037 0.060296276041666666 0.14809629629629628
2 0.13368303125 0.44358287037037036 0.06426310416666667 0.13399166666666668
3 0.07100677083333333 0.4851907407407407 0.056329166666666666 0.08180555555555555
1 0.10532651562499999 0.39170303703703707 0.040052177083333335 0.10357533333333334
2 0.7695697135416667 0.2778560185185185 0.060295989583333334 0.16925277777777778
1 0.7080834557291666 0.21015527777777776 0.06108933854166666 0.14668574074074076
5 0.6521508151041666 0.11565555555555555 0.026974411458333333 0.050775925925925926
1 0.6235895833333334 0.12341342592592591 0.044429166666666665 0.06346944444444444
4 0.6097054687500001 0.09728182407407407 0.0230078125 0.051502129629629634
1 0.5835244791666666 0.10648842592592592 0.030941666666666666 0.05218611111111111
1 0.4419076380208333 0.1262341574074074 0.049188953125000004 0.05782798148148148
4 0.39760205729166664 0.11001408333333333 0.02722078125 0.0394922037037037
1 0.31100136979166665 0.1466851851851852 0.03173476041666667 0.053596296296296295
1 0.310208046875 0.1741892037037037 0.03808182291666666 0.07193270370370371
1 0.34313290104166666 0.16078970833333334 0.03728836458333333 0.0648798425925926
3 0.38418782031250004 0.14866189814814815 0.03768894270833333 0.06319122222222223
3 0.5335419270833334 0.16361092129629629 0.0499828125 0.06205963888888889
3 0.48990651041666666 0.16995740740740742 0.0420484375 0.06911111111111111
3 0.4573783125 0.1946402777777778 0.04204858333333333 0.07052129629629629
3 0.33876927083333336 0.2545837592592593 0.05712291666666667 0.07475285185185185
3 0.2788699375 0.30112824074074074 0.05315595833333333 0.16784166666666667
4 0.32924904947916667 0.34132583796296295 0.044428984375 0.1354020277777778
3 0.38359491927083333 0.2891394768518518 0.035701828125 0.06770067592592593
3 0.6164491901041667 0.23272222222222222 0.06188286979166667 0.09026851851851851
1 0.5359221354166668 0.2820876296296296 0.06426302083333334 0.0846265925925926
3 0.4926833333333333 0.3095912037037037 0.06188333333333333 0.09449907407407407
5 0.44071744791666667 0.3420310185185185 0.06426302083333334 0.07757314814814814
3 0.38825746614583334 0.4278517962962963 0.09580266145833334 0.2830660740740741
2 0.5640866770833334 0.3624823148148148 0.0856839375 0.11565574074074074
2 0.7290772369791667 0.1709586990740741 0.04345490104166667 0.08440667592592593
1 0.5729611979166668 0.2539342592592593 0.061158854166666665 0.09585185185185185
