1 0.07656041666666667 0.6767667314814815 0.056329166666666666 0.3775108888888889
1 0.0682296875 0.4823694444444445 0.0523625 0.07616296296296296
2 0.13923667708333334 0.44851925462962966 0.07537039583333334 0.12411889814814814
3 0.21677414062500003 0.46967548148148147 0.06859764583333333 0.1410434814814815
1 0.162244296875 0.51904075 0.06743640625 0.14668516666666667
2 0.16422777083333334 0.3653032407407408 0.06822987500000001 0.08462685185185186
3 0.10274140625 0.393512037037037 0.0420484375 0.08462592592592592
1 0.7513223203125 0.16361075462962965 0.041255359375 0.07616367592592593
3 0.6533410390625 0.11495078240740741 0.03252833854166667 0.04654473148148148
1 0.6251763437500001 0.12552906481481482 0.042842104166666665 0.0564177962962963
4 0.6093088541666667 0.09449907407407407 0.026975000000000002 0.03949259259259259
1 0.5847143229166666 0.10719342129629629 0.039668229166666666 0.05077612037037037
4 0.3994622395833334 0.11071944444444444 0.029354687499999997 0.046544444444444444
3 0.34630625 0.12976018518518517 0.03728854166666666 0.053596296296296295
1 0.31188842708333336 0.1459800925925926 0.0347210625 0.05218611111111111
1 0.31142703645833336 0.17586258333333332 -0.037017166666666663 0.07704705555555555
1 0.3435297265625 0.16008449074074074 0.033321796875 0.06629027777777778
1 0.38319823437500006 0.14880119907407408 0.036495197916666666 0.06346982407407407
1 0.43881812239583334 0.1255287037037037 0.04618349479166666 0.06205925925925926
3 0.5311221223958333 0.164569037037037 0.051489661458333336 0.05732118518518518
3 0.4895098958333333 0.1692525 0.03490833333333333 0.06488018518518518
3 0.45896514843749997 0.19534537037037036 0.04839574479166667 0.06629074074074073
1 0.38597503385416665 0.22496474074074074 0.048395765625 0.08603666666666666
3 0.33837260416666665 0.256699537037037 0.04839541666666667 0.07334351851851852
3 0.2848201276041667 0.3055431342592593 0.04918891145833334 0.15901187962962965
4 0.33123226302083336 0.33991556944444445 0.04522193229166667 0.12411886111111112
3 0.3855782057291667 0.29196039351851855 0.034908171875 0.08180513888888888
1 0.5156910416666667 0.2235542222222222 0.06029604166666667 0.08321562962962963
3 0.6192260416666666 0.22849074074074074 0.072196875 0.08462592592592592
1 0.4922866875 0.30535972222222224 0.06426308333333333 0.09731944444444444
5 0.4427010442708334 0.3420310092592592 0.06346978645833333 0.08321575925925925
3 0.39267775781250003 0.4342996574074074 0.10305650520833334 0.29878266666666664
1 0.5705471927083333 0.2539340648148148 0.06437771875000001 0.09585146296296297
1 0.5375536458333333 0.2689555555555556 0.0659875 0.09442037037037038
1 0.8019044270833333 0.20314768518518517 0.05069739583333333 0.07153055555555556
