3 0.262209078125 0.5867418750000001 0.0880641354166667 0.1325810648148147
3 0.18564872135416666 0.6452748611111111 0.07933693229166666 0.12270768518518523
1 0.1638311015625 0.5275036018518519 0.07061001562500002 0.15514794444444438
2 0.13923667708333334 0.4492242175925927 0.07537039583333333 0.12834971296296305
1 0.06346953125 0.4245412037037037 0.04918906249999999 0.09873055555555552
4 0.10234479166666667 0.38363888888888886 0.046015625 0.06205925925925926
2 0.16621131770833333 0.3709451064814815 0.06743673958333334 0.0846264537037037
2 0.5152943333333333 0.3843441851851852 0.08489049999999997 0.1734838518518519
1 0.563690015625 0.3582510879629629 0.08013038541666664 0.13258115740740742
1 0.7945609973958334 0.20662916666666667 0.037288421875000095 0.07475277777777778
1 0.7711565104166667 0.2574046018518519 0.04918906250000011 0.17348338888888892
1 0.7489421875000001 0.16008449074074074 0.038082291666666754 0.06629027777777781
1 0.7283143229166666 0.16784189814814815 0.05553593749999995 0.08180509259259262
1 0.7076869609374999 0.21791243055555554 0.06346982812499995 0.13681217592592596
1 0.674365421875 0.14668533333333333 0.04760248958333335 0.062058962962962975
3 0.6533411458333336 0.11495053240740742 0.03252812499999998 0.05218597222222221
1 0.6271596354166665 0.12693925 0.04522239583333333 0.05923816666666667
1 0.5847144869791665 0.10930879629629628 0.034908526041666596 0.05500648148148146
3 0.6192259427083333 0.2306065740740741 0.06902311458333336 0.08603685185185181
2 0.5271950625 0.27503518981481484 0.05156924999999995 0.10437221296296294
1 0.5141043229166667 0.2228490740740741 0.05712260416666665 0.08180555555555549
1 0.48355960416666666 0.3088856481481481 0.046808916666666714 0.0959101851851851
5 0.4438909583333333 0.3413254629629629 0.06426287499999996 0.0789842592592592
3 0.39033859895833334 0.2771509259259259 0.05077592708333333 0.08321666666666663
3 0.3304390625 0.340620787037037 0.04522187500000001 0.12270842592592593
3 0.33660205989583336 0.2587879953703704 0.05035004687500001 0.07469869444444441
3 0.2824401067708333 0.30606481481481485 0.04601561979166666 0.15796851851851848
3 0.3922697213541666 0.4371709768518519 0.10065369270833333 0.30734617592592595
2 0.3891484375 0.22919583333333332 0.04680937500000007 0.08321574074074076
3 0.5347320390625 0.164275537037037 0.04918904687499997 0.060648703703703746
3 0.4867330729166666 0.17277842592592588 0.040461979166666676 0.07193203703703706
3 0.4601549479166666 0.19746137962962962 0.04918906249999999 0.0677013148148148
1 0.4372257057291666 0.12552906481481482 0.04775889062500003 0.05641779629629629
4 0.39628866666666673 0.10930899074074074 0.026180999999999996 0.03808201851851851
3 0.34590963541666664 0.13046559722222223 0.03808177083333331 0.04654473148148148
1 0.31338165104166665 0.14739074074074077 0.034908572916666714 0.055007407407407394
1 0.31100134635416665 0.1763048148148148 0.038081682291666634 0.0789848148148148
1 0.34590969791666665 0.16361066666666668 0.031734770833333314 0.06770088888888892
3 0.38280154947916667 0.15232716666666665 0.037288567708333296 0.059238259259259254
1 0.6103809895833334 0.10014305555555557 0.03299322916666654 0.048641666666666666
1 0.5709495364583332 0.25321904629629627 0.06357303125000004 0.1001433888888889
