3 0.26181223958333333 0.5655851851851852 0.06664322916666662 0.12411851851851852
5 0.08608064843750002 0.5902678796296297 0.06902307812500003 0.11706609259259258
2 0.14161676822916663 0.448519125 0.07695708854166668 0.1269395277777779
3 0.06981672916666667 0.4866006435185185 0.050775916666666664 0.09873019444444453
1 0.05831276302083334 0.4259520416666666 0.04204866145833334 0.10155147222222227
1 0.10591494791666665 0.3923578148148148 0.04046177083333332 0.08795962962962968
2 0.16383101562500002 0.3653031851851851 0.07060984375000003 0.07898437037037045
2 0.7715531406250001 0.2771509351851852 0.05632913541666665 0.1706629444444444
1 0.7521157135416666 0.1607899212962963 0.03332169791666668 0.07052200925925929
1 0.6707950520833333 0.1445696759259259 0.04680885416666669 0.0662902777777778
3 0.6533411458333336 0.11283479166666668 0.03252812499999998 0.047954490740740735
1 0.6235895833333333 0.12482359722222222 0.04284166666666671 0.06346947222222221
1 0.6101023437500002 0.09890312962962963 0.026974479166666634 0.051120777777777786
1 0.58392109375 0.10648786574074075 0.030148437500000114 0.049365009259259275
3 0.6172424479166666 0.23272210648148145 0.06664322916666686 0.08462615740740737
1 0.5148976692708334 0.22567008796296292 0.06188278645833331 0.08462649074074072
3 0.5339386692708333 0.16713675925925925 0.05077578645833333 0.060648703703703746
3 0.4887166666666667 0.16854722222222224 0.04125520833333329 0.0662907407407407
3 0.45896510416666664 0.19252453703703704 0.04839583333333331 0.07193240740740742
2 0.5287818046874999 0.2764455416666667 0.04839576562499997 0.09308854629629627
1 0.48476610677083337 0.3074754629629629 0.047635171874999986 0.10155092592592593
5 0.43794088541666665 0.3406204861111111 0.06029635416666667 0.07757384259259258
3 0.38945311458333337 0.4278516759259259 0.09502081250000002 0.28306631481481487
2 0.5652768776041667 0.35684068981481487 0.0801306197916667 0.12411862037037033
3 0.3847848567708334 0.2891394768518518 0.030147994791666653 0.06770067592592599
4 0.32845567708333334 0.3399155277777778 0.046015729166666595 0.1354022777777778
3 0.2804565859375 0.3053595138888889 0.040461828124999974 0.1593791203703704
3 0.3391660208333333 0.25458409722222225 0.05156899999999999 0.07757439814814812
1 0.44032083333333344 0.1255287037037037 0.05236249999999997 0.06205925925925926
3 0.3831981770833333 0.1495064814814815 0.04284218750000003 0.059238888888888896
1 0.34273619791666665 0.1607898148148148 0.03966822916666667 0.06205925925925926
1 0.31139817708333334 0.17489442129629626 0.03887552083333337 0.07052226851851852
1 0.31219154687499995 0.14739080555555556 0.032528364583333295 0.0550072777777778
4 0.39866896875 0.10860352314814815 0.023007895833333337 0.045133694444444455
1 0.7367221354166666 0.1723888888888889 0.039431770833333483 0.07582222222222225
1 0.5729612890625 0.2546493425925926 0.0627684114583334 0.09442090740740738
