3 0.2618123203125 0.5853312268518519 0.090444109375 0.1297597685185185
3 0.18683906249999999 0.6459800787037037 0.08489062500000001 0.12129724999999998
2 0.1666078125 0.3660083611111111 0.06981666666666667 0.08885735185185185
4 0.104725 0.3921013703703704 0.05712291666666667 0.09026762962962963
1 0.07060988802083333 0.4224259537037037 0.053948973958333334 0.0944992962962963
2 0.13606302864583333 0.44781382407407405 0.07378331770833334 0.11988716666666667
3 0.2820433046875 0.30606481481481485 0.043635265624999996 0.1579685185185185
4 0.39985885416666667 0.11636084259259259 0.030147916666666667 0.052185722222222224
3 0.34511640625 0.13046527777777778 0.038081770833333334 0.05218611111111111
1 0.3117947916666667 0.17277824074074075 0.04284166666666667 0.0719324074074074
1 0.34709970833333337 0.16008482870370372 0.0420485 0.06911182407407408
3 0.38200817708333334 0.1502116388888889 0.0388753125 0.06064894444444445
1 0.43992421875 0.126939125 0.04680885416666667 0.06205878703703703
5 0.61010234375 0.09943575925925925 0.0301484375 0.04090255555555555
3 0.6549276041666666 0.11495092592592593 0.03728854166666666 0.05782777777777778
1 0.6291430807291667 0.1290549074074074 0.04918883854166667 0.055006851851851855
1 0.6755553359375 0.14809598148148148 0.048395578125 0.06488025925925925
1 0.75449578125 0.16361075462962965 0.0412553125 0.07616367592592593
2 0.7350580729166667 0.17489429629629627 0.04046197916666667 0.07334288888888889
1 0.7981312500000001 0.20451342592592595 0.036494791666666665 0.07334351851851852
2 0.7743299166666666 0.27009887499999996 0.057122458333333334 0.15091706481481482
3 0.5347321119791667 0.16431580092592593 0.04760244270833334 0.05782765740740741
3 0.49347682291666667 0.17277855555555557 0.04442864583333333 0.06911140740740741
3 0.458171875 0.19534537037037036 0.04839583333333333 0.06911111111111111
2 0.3907353072916667 0.2284912037037037 0.04363563541666667 0.08744722222222222
3 0.3421726848958333 0.25592688425925925 0.05666296354166667 0.06897599074074073
4 0.32964557291666663 0.34203084722222227 0.04680885416666667 0.12834941666666666
3 0.38716484375 0.2764457083333334 0.0555359375 0.07898450925925926
3 0.4847495911458334 0.3032439814814815 0.04601540104166667 0.08462685185185186
5 0.44270087760416665 0.3420311342592593 0.05553574479166667 0.0803951388888889
3 0.39428719791666667 0.4378661018518519 0.10627538541666667 0.3030946851851852
1 0.5680536458333333 0.35895609722222227 0.07616354166666667 0.12552854629629628
2 0.5145010338541667 0.3935117731481481 0.084890640625 0.16078941666666666
1 0.07322958593750001 0.4792558518518518 0.05633041145833333 0.08583644444444445
1 0.3130363619791667 0.1459228425925926 0.035407484375 0.05436357407407407
1 0.5822156927083334 0.10157368055555556 0.03299361458333334 0.06294708333333333
1 0.7045333854166668 0.21030046296296298 0.04586885416666667 0.14306203703703704
