3 0.262209078125 0.5867421296296297 0.08806413541666666 0.13822314814814815
3 0.18802880989583332 0.6452748611111111 0.08092363020833333 0.1227076851851852
2 0.16303764322916664 0.3589563009259259 0.07219658854166666 0.10014110185185185
1 0.06426328125 0.4229747685185185 0.038081770833333334 0.10970138888888889
3 0.09758464583333334 0.3822285601851852 0.04918904166666667 0.07334287962962964
1 0.08251052604166667 0.6488010972222221 0.06346957291666667 0.33004225
2 0.13963329166666666 0.44710847685185184 0.076163625 0.12411823148148148
1 0.07338685416666667 0.48801141666666664 0.056329416666666667 0.09873087037037037
4 0.3982723307291666 0.11354034722222223 0.02856158854166667 0.049365601851851855
1 0.3117947890625 0.17348398148148148 0.03490833854166667 0.07334314814814814
1 0.34709968489583337 0.1650209814814815 0.030941255208333334 0.06770062962962964
1 0.3824048619791667 0.14809610648148147 0.03808194270833333 0.06205963888888889
1 0.43930507291666665 0.12876442129629628 0.04170027083333334 0.06006773148148148
3 0.5367153645833334 0.16290555555555555 0.04522239583333333 0.06347037037037037
3 0.4926833333333333 0.17207333333333333 0.03966875 0.07052185185185185
3 0.45975859114583334 0.19393519907407408 0.045222401041666666 0.06629071296296296
3 0.3403560546875 0.2594932129629629 0.05553580729166666 0.07328825925925926
3 0.2808533854166667 0.3060647361111111 0.047602604166666666 0.15796867592592592
4 0.3296456640625 0.34485168055555554 0.04522221354166667 0.13399108333333334
4 0.5117242187500001 0.222849 0.04442864583333333 0.08462607407407408
1 0.568053578125 0.2524681481481481 0.06505638541666667 0.09873037037037037
1 0.5267981875 0.27291953240740746 0.0507755 0.10860352777777778
3 0.48435290625 0.30394945370370374 0.04680877083333333 0.09167887037037037
5 0.4415108671875 0.34273622685185184 0.06267618229166666 0.08180532407407408
3 0.39387916406249995 0.43574036111111114 0.103872578125 0.30448494444444446
1 0.5648801197916666 0.3582510879629629 0.08251059375 0.1325811574074074
5 0.6097054687500001 0.09379398148148146 0.027768229166666665 0.040902777777777774
1 0.5815408385416666 0.10296211111111112 0.03332144791666666 0.059238740740740745
3 0.6537377239583333 0.1163609675925926 0.03173496875 0.04936510185185185
1 0.6243829244791667 0.12552906481481482 0.03966852604166667 0.0564177962962963
1 0.6739685468750001 0.14668533333333333 0.046808739583333335 0.06205896296296296
1 0.7521157630208334 0.1622001064814815 0.038082015625 0.07334237962962964
2 0.7691731223958332 0.2686884351851852 0.05315583854166666 0.15373794444444444
2 0.38756171875 0.22355462962962966 0.04522239583333333 0.07757407407407407
1 0.31343896614583333 0.14449222685185184 0.036212692708333334 0.05722480555555556
