3 0.260622453125 0.5705218009259261 0.07695717708333329 0.1452749166666667
1 0.08766746354166667 0.6700969166666665 0.06426298958333333 0.2992911481481482
3 0.19794606510416662 0.4837796296296296 0.046808911458333304 0.1748944444444444
2 0.13844322916666668 0.448519125 0.07219687499999998 0.1269395277777779
3 0.06942005208333332 0.48377993518518525 0.051569270833333354 0.09026790740740732
2 0.1626411484375 0.3645981759259259 0.07457707812500002 0.08603698148148142
1 0.10472484374999999 0.3959242592592592 0.038081562500000006 0.09227164814814812
1 0.057519335937500006 0.4266574259259259 0.043635286458333346 0.086037
1 0.8076518229166667 0.19957678240740737 0.03808177083333343 0.06911125000000003
1 0.7529091145833334 0.15867453703703704 0.03649531250000007 0.07193240740740742
1 0.7100669270833334 0.21368128703703704 0.05077552083333335 0.13117075925925928
1 0.6696049817708333 0.15091666666666667 0.04442857812499999 0.07334259259259257
3 0.6521510416666666 0.11001388888888888 0.03490833333333328 0.05359629629629631
1 0.6220028645833333 0.1269394537037037 0.03649531249999995 0.05923816666666667
4 0.6085156250000002 0.09802546296296295 0.028561458333333314 0.0380824074074074
1 0.5827308932291666 0.10578287037037036 0.030941338541666617 0.05077499999999999
3 0.6180359375 0.2320171296296296 0.0682302083333333 0.08039537037037034
2 0.527195015625 0.2813819444444444 0.046808927083333354 0.09449907407407407
2 0.5152945234375 0.3864597222222222 0.08647761979166664 0.1720731481481481
1 0.48435290625 0.3067699490740741 0.04680877083333327 0.09449899074074077
5 0.44190769531249996 0.3434416666666667 0.05870960937500005 0.08039444444444446
3 0.38786078125 0.4257563657407407 0.09659603125 0.29297939814814805
3 0.3855783463541666 0.2891394768518518 0.031734973958333336 0.06770067592592599
4 0.32845555989583336 0.3370949074074074 0.04284200520833335 0.1297601851851852
3 0.28243998958333333 0.30465462962962964 0.04284189583333333 0.15796851851851848
3 0.33797604166666667 0.2581097222222222 0.05394895833333333 0.07616388888888889
3 0.46094850520833336 0.19393472222222222 0.04601548958333333 0.07193240740740742
3 0.4895092421875 0.17066250000000005 0.03332056770833329 0.06770092592592591
3 0.534731921875 0.16361064814814816 0.04601532291666667 0.059237962962962964
1 0.4419075520833333 0.12835 0.05553593749999995 0.06205925925925926
3 0.38456745572916673 0.15162222222222224 0.043276546875000044 0.057827777777777783
1 0.34273619791666665 0.1607898148148148 0.03808177083333331 0.06770185185185185
2 0.31060480468750007 0.17348398148148148 0.035701848958333275 0.07334314814814814
1 0.31139817708333334 0.1452750648148148 0.030941145833333294 0.050775796296296305
4 0.39946250000000005 0.11283479166666668 0.026181250000000076 0.047954490740740735
1 0.5721565104166666 0.2575106481481481 0.0627682291666666 0.10300462962962965
