3 0.2586388359375 0.5719322407407409 0.07933691145833335 0.14245403703703705
1 0.08608072916666669 0.6743484074074073 0.07061041666666666 0.29651062962962954
3 0.19635925260416667 0.48307463425925923 0.05156899479166667 0.14527480555555555
2 0.13606328124999997 0.4527503981481481 0.07060989583333331 0.12976031481481476
3 0.07259343489583332 0.48307496759259255 0.053155838541666674 0.0860371018518518
1 0.05950269270833333 0.4280680555555556 0.04125503124999999 0.08321574074074078
1 0.10472484374999999 0.3952291481481482 0.038081562500000006 0.09652311111111116
2 0.1626411458333333 0.3667138888888889 0.07140312500000003 0.08462592592592588
1 0.8084447916666666 0.19887175925925926 0.041255208333333356 0.07052129629629628
1 0.7497356718749998 0.15937960648148147 0.03649532291666671 0.07052226851851852
2 0.7116536953124999 0.22002824074074073 0.05236240104166647 0.12976018518518515
1 0.6700016666666665 0.14809583333333337 0.04363520833333337 0.06770092592592591
3 0.6549277083333335 0.11636084259259259 0.030941458333333453 0.052185722222222224
1 0.6247797291666667 0.12482384722222221 0.04204887500000017 0.05782823148148149
1 0.6093087786458333 0.09298998148148148 0.025387651041666594 0.05436337037037038
1 0.5831277682291666 0.10719329629629631 0.031735088541666796 0.05359674074074075
3 0.6172427083333335 0.23624814814814815 0.06981666666666667 0.09732037037037031
2 0.5152945234375 0.38434431018518517 0.08647761979166664 0.1706632314814814
1 0.5295750338541666 0.27997159259259263 0.04998222395833333 0.09731977777777777
1 0.484353046875 0.30677028703703707 0.04363557291666673 0.09732053703703704
1 0.44032083333333333 0.3406203611111111 0.06505625000000001 0.08039446296296293
3 0.3890678645833334 0.4257462314814815 0.09901019791666664 0.29013844444444437
4 0.3280588020833334 0.3385050925925926 0.04522197916666671 0.12693981481481478
3 0.38438821875 0.290550125 0.03570168750000005 0.07052197222222222
1 0.5125177083333334 0.22425956481481482 0.06029583333333341 0.07898457407407404
3 0.5327484375 0.16572638888888888 0.04998229166666655 0.06628981481481483
3 0.48831979166666667 0.17066250000000005 0.04046145833333329 0.06770092592592591
3 0.45936190625 0.1932296296296296 0.046015770833333275 0.07334259259259257
3 0.3387692708333334 0.2540119675925926 0.05712291666666669 0.07025569444444446
3 0.2820433046875 0.30183333796296297 0.04363526562500001 0.1579685092592593
1 0.30981145833333346 0.17559925925925926 0.03728854166666663 0.07757370370370371
1 0.3110014895833333 0.14668558796296297 0.03173499999999994 0.05641771296296299
3 0.3470997317708333 0.13187599074074072 0.034114838541666616 0.05500727777777778
4 0.3982721354166666 0.11001435185185186 0.025388020833333396 0.04795462962962964
1 0.44270104166666674 0.1290550925925926 0.05394895833333333 0.06064907407407409
3 0.38405793489583334 0.1495065462962963 0.03821459895833333 0.06205962962962963
1 0.34511625520833333 0.15796883333333334 0.034908114583333295 0.07052159259259262
1 0.5701447916666667 0.2539340648148148 0.05713541666666669 0.09585146296296301
