3 0.26220911458333335 0.586742 0.08647760416666668 0.1297604444444444
3 0.18723551041666667 0.6438643518518518 0.08092377083333328 0.12552870370370361
1 0.16303785677083335 0.5176303148148148 0.06743678645833334 0.14950603703703705
2 0.14002990625 0.4506345324074074 0.07695685416666667 0.1283494537037037
1 0.06584980208333334 0.4245417314814815 0.04284206249999999 0.10155172222222217
4 0.10432812500000001 0.38857548611111115 0.04363541666666667 0.07193236111111113
2 0.16145078125 0.3688292361111111 0.06426302083333336 0.08321560185185183
1 0.5636901041666669 0.3504939814814815 0.08806458333333336 0.13399166666666673
3 0.7667930572916667 0.2566995092592593 0.04522221874999997 0.17207320370370371
1 0.7342647708333333 0.17207333333333333 0.04204858333333329 0.07052185185185185
1 0.7084801406249999 0.21720742592592593 0.060295968750000026 0.14386477777777779
1 0.6743652317708334 0.1473907638888889 0.04601536979166679 0.06629069444444446
3 0.6521510416666666 0.11142435648148148 0.03490833333333328 0.05077536111111111
1 0.6247796875 0.12411850462962964 0.04363541666666653 0.06205928703703702
1 0.582334328125 0.10296177314814814 0.03490842708333328 0.05641719444444445
3 0.6176390625 0.2313115740740741 0.06743645833333337 0.0902675925925926
1 0.51529453125 0.2249647824074074 0.05950260416666667 0.07757413888888885
3 0.5315188072916667 0.1678418518518518 0.05069629166666664 0.062058888888888906
3 0.4879231770833333 0.16925231481481484 0.03649531250000007 0.06770092592592591
3 0.4593617630208333 0.1974611111111111 0.04918897395833331 0.07616296296296299
1 0.49268330208333333 0.3074754629629629 0.06505631250000003 0.10155092592592593
5 0.44071756770833326 0.3427361018518518 0.06267632291666671 0.08462594444444452
3 0.3922811302083334 0.4385915046296296 0.1038497604166667 0.30736634259259266
4 0.33083557812500003 0.3448520555555556 0.04601530208333339 0.12552922222222226
3 0.33797610677083334 0.25669957407407407 0.05077591145833343 0.06770100000000001
3 0.2816467369791667 0.3046545509259259 0.04760235937499999 0.15514830555555562
1 0.4380189817708333 0.12834968981481484 0.04617233854166667 0.05641728703703703
4 0.39906558333333325 0.1107195138888889 0.023801125000000017 0.043723935185185185
3 0.34630635937500004 0.13117077314814818 0.037288322916666596 0.05641771296296299
1 0.3133814609375 0.14880111574074073 0.03332145312500003 0.05500702777777778
1 0.3110012994791667 0.17489429629629627 0.03332135937500003 0.07334288888888892
1 0.3439263020833333 0.16078996296296297 0.04046197916666673 0.059238592592592614
1 0.06840130208333334 0.6573678240740741 0.056330729166666677 0.39628009259259267
1 0.6115877604166666 0.09799722222222222 0.0386265625 0.050072222222222226
1 0.3866684973958333 0.2181688240740741 0.05230678645833334 0.09585124074074074
1 0.5697424713541666 0.2532190787037037 0.0627682760416666 0.09728221296296298
