3 0.25705209375 0.5684061851851853 0.08251039583333333 0.13822281481481488
3 0.21460677083333335 0.469675462962963 0.06585 0.1410435185185185
1 0.0801305078125 0.6567885648148147 0.06029627604166666 0.35165892592592596
1 0.07131889062499999 0.4844852777777778 0.05411846875000001 0.08603685185185181
2 0.14042678125 0.4499293101851852 0.07775060416666668 0.12975989814814815
1 0.1626410078125 0.35543037499999997 0.07775027604166668 0.09308925000000004
3 0.10234479166666667 0.39633276851851856 0.04284166666666667 0.09026779629629633
1 0.7505288307291667 0.1614950138888889 0.03966838020833331 0.07193219444444444
5 0.647390625 0.11424556481481482 0.030147916666666674 0.04795516666666666
4 0.6081187499999998 0.09590958333333333 0.026181250000000135 0.039491944444444434
1 0.5811442708333333 0.10296177314814814 0.034114583333333455 0.05641719444444445
3 0.529971875 0.1643160138888889 0.050776041666666674 0.06346982407407409
3 0.6188292578125 0.23131166666666667 0.06981648437499999 0.08744703703703705
1 0.51172421875 0.22425972222222224 0.05712239583333337 0.07616388888888889
1 0.5383020677083333 0.27856119907407406 0.06267607291666669 0.08885723148148152
1 0.49189010416666673 0.3102958333333333 0.0634697916666666 0.09873055555555552
5 0.4430977291666666 0.34273622685185184 0.06267641666666665 0.08180532407407405
3 0.39066595312499997 0.4314384259259259 0.09903289583333331 0.2930602037037037
3 0.38359479166666666 0.2891394768518518 0.04363541666666671 0.06770067592592599
4 0.32845555989583336 0.33921018518518514 0.04284200520833335 0.13963333333333336
3 0.2852167421875 0.30465462962962964 0.04998214062499997 0.15796851851851848
3 0.33956276041666666 0.25811001388888893 0.05077552083333335 0.07052186111111114
3 0.4895098958333334 0.16854722222222224 0.034908333333333395 0.0634703703703704
3 0.4577750442708333 0.196050462962963 0.04601553645833333 0.06770092592592591
1 0.4376281119791667 0.12482361111111112 0.048563515625000046 0.060649074074074064
1 0.34392630208333336 0.15937916666666668 0.03570156250000001 0.06488055555555555
1 0.3102080729166667 0.17700972222222222 0.03966822916666667 0.07193240740740742
1 0.3102080729166667 0.1466851851851852 0.03332135416666671 0.05359629629629631
3 0.3498765625000001 0.13187546296296296 0.03332187500000009 0.0521861111111111
4 0.39866901041666664 0.10930879629629628 0.024594270833333334 0.04090277777777779
1 0.1565181223958333 0.5236050925925926 0.0732293802083333 0.16022870370370373
1 0.3846565104166667 0.14806851851851852 0.03540781250000003 0.06723888888888892
1 0.5717542187499999 0.2539343842592593 0.06357281249999988 0.0958516018518518
