3 0.2590357109375 0.5733425925925927 0.08013066145833332 0.13963333333333333
5 0.0852874921875 0.5874468796296296 0.065850015625 0.12552846296296297
2 0.13884010416666664 0.44851891666666666 0.07616354166666667 0.12129735185185185
3 0.0686265625 0.48730611111111116 0.05315625 0.09167851851851852
2 0.1638311328125 0.36812427314814816 0.07378356770833333 0.07898478703703703
1 0.10591513802083333 0.39521904166666666 0.042048890624999995 0.09368208333333333
1 0.058709375 0.4259523148148148 0.047602083333333337 0.08744722222222222
2 0.56726015625 0.3589564305555556 0.07775052083333334 0.12835010185185186
1 0.7707598411458334 0.27080396759259256 0.05632927604166667 0.18335687962962963
1 0.7517190286458334 0.1607899212962963 0.03411506770833333 0.07052200925925926
1 0.6696050989583333 0.1452748148148148 0.04918904166666667 0.06487966666666667
3 0.6545309895833334 0.11636109722222224 0.0301484375 0.04654447222222222
1 0.6239864583333333 0.12411862962962963 0.04363541666666667 0.05923866666666667
1 0.61010234375 0.09857012037037037 0.026974479166666666 0.05407872222222222
1 0.5839210703125001 0.10648820370370371 0.03173494270833333 0.052186555555555555
3 0.6172425390625 0.23272222222222222 0.066643046875 0.09026851851851851
2 0.5327484375 0.27997175925925927 0.056329166666666666 0.09449907407407407
1 0.5168810729166666 0.22566990740740742 0.06426285416666667 0.08180462962962963
3 0.48636987239583335 0.30888589814814815 0.04925596354166666 0.10437264814814814
5 0.4442876432291667 0.34344131944444445 0.06346950520833333 0.08321550925925926
3 0.38905075260416666 0.4271566712962963 0.09421608854166667 0.28731756481481485
4 0.32845572916666665 0.3420310185185185 0.047602083333333337 0.1396324074074074
3 0.3851816614583334 0.29125547222222226 0.03252834375 0.0662909074074074
3 0.28164661718749995 0.30535972222222224 0.044428640624999995 0.1593787037037037
3 0.3399593697916667 0.25387875 0.05632917708333333 0.08180546296296297
3 0.4612476276041667 0.19534572222222224 0.050177661458333335 0.07193262962962964
3 0.4910966145833333 0.17207361111111114 0.039668229166666666 0.06770092592592593
3 0.5327486354166666 0.16431580092592593 0.04680897916666667 0.05782765740740741
1 0.4391309895833333 0.12623425925925927 0.053155729166666665 0.060648148148148145
3 0.3831981770833333 0.14895345370370372 0.042842187500000004 0.060424796296296296
1 0.34273619791666665 0.1614949074074074 0.038081770833333334 0.06911203703703704
1 0.31179471875 0.1741888888888889 0.0364949375 0.06629074074074073
1 0.31219154687499995 0.14456984722222221 0.03252836458333333 0.052186231481481486
4 0.3994622395833333 0.11424522685185186 0.02459427083333333 0.04513362037037037
2 0.7073497395833334 0.21888425925925928 0.0466734375 0.1402
1 0.5721565833333333 0.2539340972222222 0.062768375 0.09871263888888888
