3 0.26141588541666666 0.5860367824074074 0.0880640625 0.13117087962962962
3 0.18683885937499997 0.64739075 0.08171720833333333 0.12129748148148149
1 0.16343440104166668 0.5211566157407408 0.06981661458333334 0.14809602777777778
2 0.16541794791666667 0.36882936574074077 0.06902347916666667 0.08039497222222222
4 0.10512164843749999 0.3871651759259259 0.04046191145833333 0.07193261111111111
1 0.065453 0.42524675925925925 0.04046170833333333 0.10014166666666667
2 0.13963329166666666 0.4464032592592593 0.076163625 0.12552866666666668
1 0.7981311901041667 0.20662901388888888 0.041255328125 0.07475308333333333
1 0.7711566692708334 0.25952025462962963 0.052362703125 0.16925208333333333
2 0.7497356718749999 0.1607900462962963 0.03649532291666667 0.0677013888888889
1 0.7338680651041667 0.1706631064814815 0.05394909895833333 0.08180576851851852
1 0.7084802135416666 0.21932307870370368 0.05870936458333333 0.13963347222222222
1 0.674365421875 0.1488013287037037 0.04760248958333334 0.06064919444444445
3 0.6545309062500001 0.11777161574074074 0.028561104166666667 0.05218639814814815
1 0.62636640625 0.12482350925925927 0.04680885416666667 0.055006685185185186
1 0.5827310130208334 0.10578264814814815 0.03411505729166667 0.05077544444444444
3 0.6200193151041665 0.2306065740740741 0.06743636979166667 0.08603685185185185
1 0.5712271119791666 0.2552892314814815 0.063469734375 0.0987307962962963
1 0.5379055026041666 0.27291944907407406 0.06664316145833334 0.10014073148148148
1 0.5121208489583334 0.3850494861111111 0.09123746875 0.18053621296296296
5 0.4407175911458333 0.3441465 0.056329401041666664 0.09308848148148148
1 0.4918898854166667 0.3053598472222222 0.06188272916666667 0.10014141666666668
3 0.393471234375 0.4364556666666667 0.10146955208333333 0.30591555555555555
4 0.32885234375 0.34062066203703706 0.0420484375 0.1255290462962963
3 0.2812500520833333 0.3060647361111111 0.048395729166666665 0.15796867592592592
3 0.33797604166666667 0.2573573796296296 0.05394895833333333 0.07183746296296296
1 0.38334404947916667 0.22002812500000002 0.06217455729166667 0.09026782407407408
3 0.4589652213541667 0.1925248888888889 0.046809140624999995 0.06629096296296297
3 0.48712994791666664 0.17066268518518518 0.038081770833333334 0.06770055555555556
3 0.5335420078124999 0.1650210185185185 0.045222234374999996 0.05641722222222222
1 0.43722003125 0.1269395787037037 0.046160791666666666 0.05923791666666667
4 0.39827239583333335 0.10930907870370371 0.023801041666666668 0.046544805555555555
3 0.34590974479166664 0.13258101851851853 0.036495093750000006 0.05359722222222222
1 0.31258808854166664 0.14668537499999998 0.03490819791666667 0.0507755462962963
1 0.31179471875 0.17559925925925926 0.0364949375 0.0775737037037037
1 0.3447197838541667 0.16361058333333334 0.030941682291666665 0.05923809259259259
3 0.38319823437500006 0.14806866666666668 0.036495197916666666 0.06437768518518519
1 0.6111856770833334 0.10085837037037038 0.03460260416666667 0.05293275925925926
