3 0.25665562239583334 0.5684060601851852 0.07854396354166668 0.14104343518518528
1 0.088064078125 0.6687066574074073 0.06505621874999999 0.3077941296296296
3 0.1471704348958333 0.5324400740740741 0.06426329687499997 0.13681244444444451
2 0.1396333645833333 0.4478140324074074 0.07457702083333334 0.12552934259259269
3 0.07180013541666666 0.48378009259259264 0.05315597916666667 0.09591018518518515
2 0.167004546875 0.36459792592592594 0.06902319791666667 0.0916782222222222
1 0.10393166145833334 0.39667972685185193 0.04125542708333332 0.10506686111111108
1 0.75052890625 0.15796898148148153 0.039668229166666555 0.07052129629629628
2 0.6680182630208333 0.14527502314814816 0.04125514062499983 0.06205921296296296
3 0.654530953125 0.1163609675925926 0.03332142708333331 0.04936510185185185
1 0.6235895520833333 0.12482384722222221 0.041255270833333316 0.05782823148148149
4 0.6101023437500002 0.09644463425925925 0.026974479166666634 0.041244064814814824
1 0.582334375 0.1050773148148148 0.03490833333333328 0.0521861111111111
3 0.618829328125 0.23201695833333333 0.06664314583333339 0.0916783611111111
1 0.5371121536458333 0.27856144907407404 0.06188298437500001 0.08321599074074076
1 0.4903033541666667 0.3088858148148148 0.06029641666666669 0.09590985185185183
5 0.443494390625 0.3427361018518518 0.06822996875 0.08462594444444452
3 0.38946454947916664 0.4314384259259259 0.09821682812499996 0.2930602037037037
3 0.3835947786458334 0.2912553425925926 0.03887502604166671 0.06911153703703705
4 0.3268689583333334 0.3399155277777778 0.042842291666666615 0.1354022777777778
3 0.285216953125 0.3060648148148149 0.045222343749999984 0.15514814814814815
3 0.33599270833333333 0.2559944074074074 0.04998229166666667 0.0775741481481481
3 0.4589651484374999 0.19040925925925925 0.04839574479166663 0.07334259259259257
3 0.4883197916666667 0.17136805555555557 0.03728854166666663 0.06911203703703706
3 0.5335421875 0.16361064814814816 0.04363541666666653 0.06488055555555555
1 0.43516406250000006 0.12764444444444445 0.04839583333333331 0.06064814814814813
1 0.34432291666666665 0.15796898148148153 0.03490833333333333 0.07052129629629628
1 0.31139822135416667 0.17771525462962962 0.03887543229166669 0.07616393518518517
1 0.3117947890625 0.14809583333333337 0.03490833854166665 0.0564175925925926
3 0.35067005208333335 0.13117083333333338 0.03173489583333335 0.0564175925925926
4 0.39866874999999996 0.11142448148148149 0.026181250000000076 0.04795474074074075
1 0.5713518567708334 0.25464972222222215 0.0643775364583334 0.09155981481481477
