3 0.25506875 0.570521800925926 0.08013020833333333 0.14527491666666667
3 0.2173835625 0.47602257407407406 0.06822974999999999 0.15655855555555553
1 0.07973372395833334 0.6668834074074074 0.05474248958333334 0.3944162962962963
2 0.16502126041666668 0.36741851851851853 0.06981685416666666 0.07757407407407407
4 0.10551826302083332 0.38293379629629626 0.041255140625 0.06064907407407408
1 0.0654531875 0.42524699074074074 0.043635572916666664 0.09167874074074074
2 0.5624999583333333 0.354725 0.0825105 0.13681296296296297
1 0.7973378203125 0.20521851851851855 0.042842067708333334 0.07757407407407407
3 0.7683799479166668 0.25810994444444446 0.04680885416666667 0.16925233333333334
1 0.7537026041666667 0.15937927314814815 0.03490833333333333 0.06770071296296297
1 0.7314880911458332 0.17630485648148148 0.05077590104166666 0.06770139814814814
3 0.6513575520833332 0.11213009259259259 0.033321354166666664 0.05218611111111111
1 0.6243830729166666 0.12552906481481482 0.04442864583333333 0.0564177962962963
1 0.6081189114583333 0.09661492592592592 0.029354885416666664 0.03526088888888889
1 0.5811442708333333 0.10296211111111112 0.03728854166666666 0.059238740740740745
3 0.6180359375 0.22990148148148148 0.06981666666666667 0.08462666666666667
1 0.5696402500000001 0.2538787037037037 0.0634695 0.09590925925925925
1 0.5383023072916667 0.2771509259259259 0.06902351041666667 0.1029611111111111
1 0.4918898854166667 0.3095907824074074 0.06188272916666667 0.10014065740740741
5 0.44230430989583336 0.3406204861111111 0.05950283854166667 0.0775738425925926
3 0.3930801171875 0.43929659722222225 0.10386122395833333 0.30595615740740745
3 0.3879583671875 0.27644583333333334 0.05236243229166667 0.08462685185185186
4 0.3300422786458333 0.3406208333333333 0.04601544270833333 0.12270833333333334
3 0.3367860026041667 0.25810985185185187 0.048395703124999995 0.06770066666666667
3 0.2808534375 0.30535972222222224 0.0476025 0.15655833333333333
3 0.4585685338541666 0.1932300925925926 0.047602515624999994 0.06770092592592593
3 0.48912964583333335 0.17426178703703704 0.038908093750000004 0.07207727777777777
3 0.5323121796875 0.16283689351851852 0.049109546875 0.054869842592592595
1 0.43762794531250004 0.1308802037037037 0.048563848958333336 0.055836166666666666
1 0.38240472135416664 0.1466851851851852 0.041255140625 0.06205925925925926
1 0.34273619791666665 0.16008472222222223 0.038081770833333334 0.06911203703703704
1 0.31100134635416665 0.17489442129629626 0.03808168229166666 0.07052226851851852
1 0.3106046875 0.14386441666666666 0.03728854166666666 0.047954500000000004
3 0.34670312500000006 0.12835 0.033321875 0.050775925925925926
0 0.5142166666666667 0.3805437962962963 0.08208125000000001 0.15450611111111112
