3 0.2618125 0.5874473009259259 0.08568437500000001 0.13681280555555556
3 0.18842568489583333 0.6452749999999999 0.08171738020833333 0.1227074074074074
1 0.1626411458333333 0.5204513148148148 0.071403125 0.14104366666666665
2 0.16541796875 0.3645978425925926 0.06426302083333334 0.08321542592592593
1 0.105121765625 0.38716527777777776 0.04363563541666667 0.09449907407407407
1 0.07694619270833333 0.4122349398148148 0.04445032291666667 0.0854013611111111
2 0.1396333645833333 0.44569829166666664 0.07457702083333334 0.12129786111111111
3 0.28244017968749996 0.3032439027777778 0.044429015625 0.15232700925925927
3 0.34018935156249996 0.25822603703703706 0.052696296875 0.07868383333333333
2 0.3883550755208333 0.21932286574074075 0.045222140625 0.07193204629629629
3 0.458171875 0.19393472222222222 0.04839583333333333 0.0719324074074074
3 0.48950963541666664 0.1727784259259259 0.038081770833333334 0.07193203703703703
3 0.5351286458333333 0.16290555555555555 0.04839583333333333 0.060648148148148145
4 0.3994622395833333 0.11071926388888889 0.027768229166666665 0.04936517592592593
3 0.34209942187500003 0.12450286574074075 0.03522176041666667 0.06000713888888889
1 0.31139822135416667 0.17630462962962962 0.038875432291666664 0.06770185185185185
1 0.3463064791666667 0.16431597222222222 0.040462041666666664 0.07475324074074075
3 0.38399158072916667 0.1480958888888889 0.04125538020833333 0.06770103703703703
1 0.4415109375 0.12623425925925927 0.049982291666666664 0.05500740740740741
5 0.608515453125 0.09661513888888888 0.03173471875 0.040903055555555554
0 0.5648802083333333 0.04301805555555555 0.0 0.0014101851851851851
1 0.583921046875 0.10648782407407406 0.03808186458333333 0.060648425925925925
3 0.6529442708333334 0.11354027777777778 0.030147916666666667 0.055006481481481476
1 0.6255730989583334 0.1262341574074074 0.04046213541666666 0.05782798148148148
1 0.673571875 0.14739054166666665 0.046015625 0.06346997222222221
1 0.7556858593749999 0.16008482870370372 0.03252828125 0.06911182407407408
1 0.7985278645833332 0.20169256481481485 0.03728802083333334 0.06205931481481482
2 0.7695697604166667 0.2602254768518519 0.04760214583333333 0.1678416388888889
1 0.5109308854166666 0.22073338888888888 0.050775729166666665 0.07757396296296297
3 0.39152856249999995 0.27926654166666665 0.048395625000000005 0.08462617592592593
4 0.32805885416666664 0.34344149537037033 0.04204895833333333 0.13117071296296295
3 0.3942701744791667 0.4343198287037037 0.101481109375 0.30446476851851856
5 0.44111413541666666 0.3385048333333333 0.05870922916666667 0.08180514814814814
3 0.48474973958333334 0.2997177175925926 0.0491890625 0.0888571574074074
2 0.5386989583333334 0.2693936342592593 0.06981666666666667 0.09590949074074075
2 0.5160877838541666 0.39351191666666663 0.08171723437499999 0.16361087037037036
1 0.5680536614583332 0.3561354537037037 0.08251044791666667 0.12270794444444443
1 0.07483894270833333 0.4821174814814815 0.06115857291666667 0.08583725925925925
1 0.3102198385416666 0.14806867592592593 0.04104053125 0.05865524074074074
