3 0.25705234375 0.5705218425925926 0.07933697916666667 0.1339915
1 0.0852875 0.6665506435185186 0.06585 0.3006612314814815
2 0.1602609375 0.3660082361111111 0.07775 0.09167797222222222
1 0.10313824218749999 0.3916725740740741 0.03808184895833333 0.09505255555555556
3 0.070610078125 0.4866010185185185 0.05553609375 0.09026833333333334
2 0.13844330729166668 0.4492242175925926 0.07695713541666667 0.12834971296296296
1 0.7842472213541666 0.2002824074074074 0.04522222395833333 0.08180555555555555
1 0.7727432447916666 0.27574027777777776 0.058709343750000004 0.17348425925925925
1 0.7501322916666666 0.1614950138888889 0.04204895833333333 0.07193219444444444
2 0.6676215755208333 0.14598032407407407 0.042048515625 0.06911157407407408
3 0.654134375 0.11142453703703703 0.032528125 0.05359722222222222
1 0.6271598958333333 0.12270787037037036 0.049982291666666664 0.05641759259259259
4 0.6104989583333332 0.09661527777777779 0.027767708333333332 0.040902777777777774
1 0.5843177317708333 0.10437222222222223 0.03728849479166666 0.053596296296296295
3 0.6172424479166666 0.2284912037037037 0.06664322916666666 0.08744722222222222
1 0.5367153645833334 0.2778560185185185 0.06426302083333334 0.08744722222222222
1 0.48990651041666666 0.3088858148148148 0.06584947916666667 0.09590985185185184
2 0.5613100208333334 0.35260912962962965 0.08806433333333333 0.13822248148148147
5 0.4438908854166667 0.3441467592592593 0.0690234375 0.08180462962962963
3 0.3902749453125 0.4271869814814815 0.101424359375 0.29584062962962965
3 0.3800244791666667 0.2863185185185185 0.04125520833333333 0.08180555555555555
4 0.32885229166666663 0.3399155277777778 0.04680895833333333 0.1354022777777778
3 0.28442358333333334 0.2983074074074074 0.046809083333333334 0.17348333333333332
3 0.33837265104166664 0.256699537037037 0.053155739583333333 0.08180462962962963
3 0.4605518229166667 0.1932300925925926 0.048395312499999996 0.06770092592592593
3 0.4907 0.16995740740740742 0.038875 0.06629074074074073
3 0.5343354166666666 0.16361064814814816 0.04363541666666667 0.05923796296296296
1 0.43833723958333337 0.12552916666666666 0.04680885416666667 0.05641759259259259
3 0.3844544921875 0.15077755555555555 0.037421484375 0.058959907407407405
1 0.34273619791666665 0.16008472222222223 0.038081770833333334 0.0719324074074074
1 0.3106046875 0.17418935185185186 0.032528125 0.0719324074074074
1 0.311794859375 0.14668525000000002 0.03332173958333333 0.05359616666666667
3 0.3471 0.13187592592592592 0.032528125 0.05500740740740741
4 0.40025546875 0.11283472222222221 0.0230078125 0.047954629629629625
3 0.15772526041666665 0.5250356481481482 0.06437760416666667 0.16308981481481483
3 0.20681327864583335 0.47854077314814814 0.06115884895833333 0.13876967592592593
1 0.5713518229166666 0.2539337962962963 0.06276822916666666 0.0901287037037037
