3 0.260622453125 0.570521800925926 0.07695717708333333 0.14527491666666667
1 0.08766746354166667 0.6700969166666666 0.06426298958333333 0.29929114814814817
3 0.19794606510416665 0.4837796296296296 0.04680891145833333 0.17489444444444444
2 0.13844322916666668 0.448519125 0.072196875 0.12693952777777778
3 0.06942005208333332 0.48377993518518525 0.05156927083333333 0.09026790740740741
2 0.1626411484375 0.3645981759259259 0.074577078125 0.08603698148148148
1 0.10472484374999999 0.3959242592592592 0.038081562500000006 0.09227164814814814
1 0.057519335937500006 0.4266574259259259 0.04363528645833334 0.086037
1 0.8076518229166667 0.1995767824074074 0.038081770833333334 0.06911125
1 0.7529091145833333 0.15867453703703704 0.0364953125 0.0719324074074074
1 0.7100669270833334 0.21368128703703704 0.05077552083333334 0.13117075925925928
1 0.6696049817708333 0.15091666666666667 0.044428578125 0.07334259259259258
3 0.6521510416666666 0.11001388888888888 0.03490833333333333 0.053596296296296295
1 0.6220028645833333 0.1269394537037037 0.0364953125 0.05923816666666667
4 0.6085156250000001 0.09802546296296295 0.028561458333333335 0.038082407407407405
1 0.5827308932291666 0.10578287037037036 0.030941338541666665 0.050775
3 0.6180359375 0.23201712962962961 0.06823020833333333 0.08039537037037037
2 0.527195015625 0.2813819444444444 0.04680892708333333 0.09449907407407407
2 0.5152945234375 0.3864597222222222 0.08647761979166665 0.17207314814814814
1 0.48435290625 0.30676994907407407 0.04680877083333333 0.09449899074074074
5 0.44190769531249996 0.3434416666666667 0.058709609375 0.08039444444444444
3 0.38786078125 0.4257563657407407 0.09659603125 0.29297939814814816
3 0.3855783463541666 0.2891394768518518 0.031734973958333336 0.06770067592592593
4 0.32845555989583336 0.3370949074074074 0.04284200520833333 0.12976018518518517
3 0.28243998958333333 0.30465462962962964 0.04284189583333333 0.1579685185185185
3 0.33797604166666667 0.2581097222222222 0.05394895833333333 0.07616388888888889
3 0.46094850520833336 0.19393472222222222 0.04601548958333333 0.0719324074074074
3 0.4895092421875 0.17066250000000002 0.03332056770833333 0.06770092592592593
3 0.534731921875 0.16361064814814816 0.046015322916666664 0.05923796296296296
1 0.4419075520833333 0.12835 0.0555359375 0.06205925925925926
3 0.3845674557291667 0.15162222222222224 0.043276546875 0.05782777777777778
1 0.34273619791666665 0.1607898148148148 0.038081770833333334 0.06770185185185185
2 0.3106048046875 0.17348398148148148 0.03570184895833333 0.07334314814814814
1 0.31139817708333334 0.1452750648148148 0.030941145833333333 0.0507757962962963
4 0.3994625 0.11283479166666667 0.02618125 0.04795449074074074
1 0.5721565104166666 0.2575106481481481 0.06276822916666666 0.10300462962962964
