3 0.25506875 0.5705218009259261 0.08013020833333329 0.1452749166666667
3 0.2173835625 0.47602257407407406 0.06822975 0.15655855555555565
1 0.07973372395833334 0.6668834074074074 0.054742489583333324 0.3944162962962962
2 0.16502126041666668 0.36741851851851853 0.06981685416666666 0.07757407407407416
4 0.10551826302083332 0.38293379629629626 0.041255140624999985 0.06064907407407405
1 0.0654531875 0.42524699074074074 0.04363557291666667 0.09167874074074078
2 0.5624999583333333 0.354725 0.0825105 0.136812962962963
1 0.7973378203124999 0.20521851851851855 0.04284206770833343 0.07757407407407405
3 0.7683799479166668 0.25810994444444446 0.04680885416666669 0.16925233333333337
1 0.7537026041666667 0.15937927314814815 0.034908333333333395 0.067700712962963
1 0.7314880911458331 0.17630485648148148 0.05077590104166667 0.06770139814814813
3 0.6513575520833332 0.1121300925925926 0.033321354166666595 0.052186111111111114
1 0.6243830729166665 0.12552906481481482 0.04442864583333339 0.05641779629629629
1 0.6081189114583334 0.09661492592592592 0.029354885416666695 0.035260888888888904
1 0.5811442708333333 0.10296211111111112 0.03728854166666658 0.05923874074074075
3 0.6180359375 0.22990148148148146 0.06981666666666655 0.08462666666666663
1 0.5696402500000001 0.2538787037037037 0.06346950000000007 0.09590925925925922
1 0.5383023072916667 0.27715092592592583 0.06902351041666671 0.10296111111111106
1 0.4918898854166667 0.30959078240740734 0.06188272916666661 0.1001406574074074
5 0.44230430989583336 0.3406204861111111 0.05950283854166673 0.07757384259259258
3 0.3930801171875 0.43929659722222225 0.10386122395833333 0.30595615740740745
3 0.38795836718750004 0.27644583333333334 0.05236243229166669 0.08462685185185184
4 0.3300422786458333 0.3406208333333333 0.04601544270833339 0.12270833333333331
3 0.3367860026041667 0.25810985185185187 0.04839570312500001 0.06770066666666666
3 0.2808534375 0.30535972222222224 0.04760249999999999 0.15655833333333335
3 0.4585685338541666 0.19323009259259263 0.04760251562499995 0.06770092592592591
3 0.4891296458333334 0.17426178703703704 0.038908093750000046 0.07207727777777777
3 0.5323121796875 0.16283689351851852 0.04910954687499996 0.0548698425925926
1 0.4376279453125001 0.1308802037037037 0.04856384895833331 0.05583616666666665
1 0.3824047213541667 0.1466851851851852 0.04125514062500001 0.06205925925925926
1 0.34273619791666665 0.16008472222222223 0.03808177083333331 0.06911203703703706
1 0.31100134635416665 0.17489442129629626 0.038081682291666634 0.07052226851851852
1 0.3106046874999999 0.14386441666666666 0.03728854166666663 0.04795450000000001
3 0.34670312500000006 0.12835 0.033321875000000035 0.05077592592592593
0 0.5142166666666667 0.3805437962962963 0.08208125000000006 0.15450611111111112
