2 0.1626411484375 0.36953432870370373 0.07457707812500002 0.08462578703703703
3 0.09996476041666666 0.3850493935185185 0.04442881249999999 0.07898454629629625
2 0.13844323697916666 0.44781369907407403 0.07854373437500002 0.12270778703703697
1 0.1614509244791667 0.5204515231481482 0.06902315104166669 0.14668584259259257
1 0.082907140625 0.650211574074074 0.06426280208333333 0.3272212962962964
3 0.2626057630208333 0.5839208333333334 0.08727076562500005 0.13258055555555545
3 0.187632125 0.6459800787037037 0.08171699999999997 0.12129725000000001
4 0.3986690104166667 0.11283491666666667 0.027768229166666696 0.04513387037037038
1 0.3117947656249999 0.17701003703703705 0.04125526041666673 0.07757437037037042
1 0.34273621614583333 0.16361092129629629 0.034908255208333294 0.06488050925925924
3 0.38200809374999994 0.14457000462962963 0.03887499999999999 0.06346930555555558
1 0.43873402083333335 0.12623413425925925 0.04601529166666663 0.06064880555555557
4 0.6077220364583333 0.09661513888888888 0.028561135416666637 0.04090305555555555
1 0.582334328125 0.10155133333333334 0.03490842708333328 0.05923807407407409
3 0.6517541666666666 0.11424543981481482 0.03570208333333322 0.05077578703703703
1 0.6251763020833333 0.12482384722222221 0.04442864583333339 0.05782823148148149
1 0.6763487057291666 0.14668547222222222 0.04998231770833333 0.05923837037037037
1 0.7544958333333334 0.16149488425925923 0.036494791666666755 0.07475282407407409
2 0.7691730260416667 0.26093107407407407 0.045221937500000094 0.1579693333333333
4 0.5129143229166667 0.2228490740740741 0.04998281249999993 0.07898518518518519
3 0.34154630208333336 0.256699537037037 0.05474281250000003 0.07334351851851847
2 0.3867684895833333 0.22637509259259259 0.05156927083333329 0.07757388888888883
3 0.2812501223958333 0.3046545509259259 0.04680913020833331 0.15514830555555562
5 0.44071745052083333 0.34485209722222215 0.05950259895833329 0.08321617592592587
4 0.33083557812500003 0.34062066203703706 0.04601530208333339 0.12552904629629624
3 0.38994184114583336 0.27644558333333336 0.05315590104166669 0.08180512962962959
3 0.4597583333333333 0.19252453703703704 0.043635416666666656 0.06911203703703706
3 0.4899065494791667 0.17066268518518518 0.04046190104166669 0.06770055555555556
3 0.5347320885416667 0.1685474074074074 0.05394936458333325 0.06346999999999998
2 0.5406822552083334 0.2722142314814815 0.07378340624999999 0.10155116666666665
3 0.48435302343750003 0.30324414814814815 0.04998249479166669 0.0846265185185185
1 0.5640866302083333 0.3589564305555556 0.08092361458333339 0.1283501018518518
1 0.0728272421875 0.4856938425925926 0.055525723958333335 0.09585120370370369
1 0.31102457552083335 0.1473533611111111 0.03782168229166676 0.05722461111111109
3 0.39270390625000007 0.4349069444444445 0.10300468750000007 0.30042870370370384
