3 0.1982010911458333 0.6321338981481481 0.06420615104166667 0.12530998148148148
1 0.11968821354166667 0.6830024212962963 0.09142357291666667 0.1774192314814815
5 0.09002791145833333 0.5862282222222223 0.07258063541666666 0.12034725925925926
3 0.21739295572916667 0.46960277777777776 0.06769533854166668 0.1451611111111111
2 0.13504182552083333 0.44416893981481487 0.06211218229166667 0.13399545370370372
3 0.07048694531250001 0.4869726851851851 0.05303965104166666 0.08560833333333333
1 0.1087471640625 0.3889098657407407 0.04162583854166667 0.0805493611111111
1 0.5160902213541667 0.3883374027777778 0.08863205729166666 0.16625297222222224
1 0.5656405416666668 0.3591810370370371 0.08165329166666666 0.1203471851851852
1 0.7711692838541667 0.26612912037037034 0.053039557291666664 0.17741953703703703
1 0.7484877604166668 0.1612902037037037 0.03838385416666667 0.06451588888888889
1 0.7083592994791666 0.21029777314814815 0.05862306770833334 0.1302729722222222
1 0.6940240520833334 0.1292862777777778 0.022332291666666667 0.0725925925925926
3 0.6710221223958334 0.14640207407407407 0.04675888020833333 0.0669977037037037
3 0.6532260416666666 0.11352361111111112 0.02931145833333333 0.04590648148148148
1 0.623914328125 0.12406950462962964 0.03908176041666667 0.05459062037037037
4 0.6099176822916667 0.0962237962962963 0.022410468750000002 0.049386074074074075
3 0.5328395364583333 0.16258237037037035 0.04815426041666667 0.06193155555555556
3 0.4599098958333333 0.1935484490740741 0.05164375 0.06947902777777779
3 0.61763359375 0.23263030555555556 0.06839322916666667 0.08808938888888888
1 0.5314438072916666 0.27791574074074077 0.05652905208333334 0.0942925925925926
3 0.4846852213541667 0.3101738564814815 0.048154557291666664 0.09677450925925926
1 0.43653083593750003 0.3325064814814815 0.069091453125 0.1414388888888889
1 0.38686217708333337 0.426562050925926 0.09537435416666667 0.2799231018518519
4 0.3283576067708333 0.33746898148148147 0.043967078125 0.12406944444444445
3 0.38279300520833337 0.2909430555555555 0.03838378125 0.06575648148148147
4 0.27531797656249996 0.3083128333333333 0.045363005208333335 0.1526058148148148
3 0.3388260078125 0.25558287037037036 0.05513340104166666 0.07940462962962963
1 0.3827932291666667 0.2220842824074074 0.05234166666666666 0.09677402777777779
1 0.43967135416666664 0.12779166666666666 0.05164375 0.0595537037037037
1 0.38349088541666665 0.14826296296296296 0.03698802083333333 0.05335
1 0.34196640625 0.1637715925925926 0.0376859375 0.059553111111111105
3 0.31091041666666663 0.17307685185185184 0.036988541666666666 0.06823888888888888
1 0.31160807291666665 0.1464019398148148 0.03838385416666667 0.052109083333333334
4 0.400240625 0.11352376388888889 0.027217708333333333 0.043424694444444446
1 0.5834226302083334 0.10729629629629629 0.030579635416666664 0.05436296296296297
1 0.5701447760416667 0.2539343842592593 0.06679169791666667 0.09585160185185185
