3 0.25863880208333334 0.5712271481481482 0.07933697916666667 0.14104385185185184
1 0.08606988802083333 0.6715275324074074 0.06591659895833334 0.3021523796296296
3 0.19596256510416668 0.48519037499999995 0.05236236979166666 0.14950628703703703
2 0.13685646875 0.4478139074074074 0.07060997916666666 0.12834996296296297
3 0.06981672916666667 0.48660081018518514 0.05077591666666667 0.0846261574074074
1 0.05632916666666666 0.42806773611111115 0.046015625 0.08603675000000001
1 0.10591494791666665 0.3987955787037037 0.040461770833333334 0.10083515740740741
2 0.16541794791666667 0.36600849074074077 0.06902347916666667 0.08603672222222222
2 0.5160878932291666 0.38716493055555556 0.08489088020833332 0.17066273148148148
1 0.5656734921875 0.35966143981481485 0.08092384895833334 0.12129749074074075
1 0.8056682291666667 0.19605060185185183 0.038875 0.06770064814814815
1 0.75052890625 0.16008482870370372 0.039668229166666666 0.06911182407407408
1 0.7120503098958333 0.216502162037037 0.05315563020833333 0.12552900925925925
3 0.6700015625 0.14668564814814816 0.04363541666666667 0.06488055555555555
3 0.6541343749999999 0.11424522685185186 0.030941666666666666 0.04513362037037037
1 0.624779609375 0.12482384722222221 0.03887515625 0.05782823148148148
4 0.6089122395833333 0.09590972222222222 0.030941145833333333 0.045134259259259256
1 0.5811442708333333 0.10507734259259259 0.030941666666666666 0.04372309259259259
3 0.6176393229166667 0.2284912037037037 0.06584947916666667 0.08744722222222222
2 0.5331453125 0.2799717222222222 0.05077604166666667 0.09449914814814814
1 0.4855429609375 0.30465454629629635 0.04442866145833334 0.09308905555555556
5 0.44032083333333333 0.3427363564814815 0.058709374999999994 0.07898469444444445
3 0.3910683151041667 0.4286074583333333 0.09983761979166667 0.29586089814814814
4 0.32885217447916665 0.34062049537037037 0.043635234375000005 0.13963308333333332
3 0.38399141666666664 0.29055025 0.033321333333333335 0.06770135185185185
1 0.5093442708333333 0.22355462962962966 0.0523625 0.07757407407407407
3 0.53473203125 0.16502123148148148 0.047602604166666666 0.06205938888888889
3 0.48871640625 0.17207325 0.039668229166666666 0.062059055555555555
3 0.45687259375 0.1932299814814815 0.04464647916666666 0.06770114814814815
3 0.337579421875 0.2574049305555555 0.05156928125 0.08321606481481482
3 0.280853125 0.30183363425925924 0.04125520833333333 0.17207347222222222
1 0.31139798437499994 0.1452750648148148 0.03252798958333333 0.0507757962962963
1 0.3106048046875 0.17559953703703704 0.03570184895833333 0.06911203703703704
3 0.34947968749999997 0.13117083333333335 0.032528125 0.05641759259259259
1 0.34511639843749997 0.16008449074074074 0.031734911458333334 0.06629027777777778
4 0.39985885416666667 0.11212962962962962 0.022214583333333333 0.04936481481481481
1 0.43992421875000004 0.1262341574074074 0.0499828125 0.05782798148148148
3 0.38557832291666666 0.15021138425925926 0.03808189583333333 0.06629019444444445
1 0.5725588541666666 0.25321872685185187 0.06357291666666667 0.09155967592592593
