3 0.26260590624999997 0.5881523148148149 0.08409756249999999 0.12976018518518503
3 0.1856486979166667 0.6431595833333333 0.08568385416666668 0.11847712962962971
1 0.162244296875 0.519041087962963 0.06743640624999998 0.14950671296296306
2 0.13645963541666667 0.4421720324074074 0.07775052083333335 0.11142445370370366
1 0.07371033072916666 0.48166453240740736 0.055682463541666664 0.08885797222222222
3 0.09877479687499999 0.38998611111111103 0.03887540624999999 0.0775740740740741
1 0.06902335937500001 0.42172089814814817 0.05236265625000001 0.09591005555555554
2 0.16541796874999998 0.3638929999999999 0.06267656249999996 0.07616400000000004
3 0.2816466901041667 0.30465416666666667 0.042842036458333274 0.1607898148148148
3 0.3375794270833333 0.256699537037037 0.05315572916666665 0.07616388888888889
2 0.38914837500000005 0.2277856481481481 0.04522199999999999 0.07475277777777772
1 0.31219166666666676 0.17418888888888892 0.03728854166666663 0.07757407407407407
3 0.34551302083333335 0.129760125 0.034114583333333275 0.05359641666666667
4 0.3998591145833333 0.11142435648148148 0.025388020833333396 0.05077536111111111
1 0.4379407916666667 0.12693935185185184 0.04442883333333339 0.059237962962962964
1 0.3470997317708333 0.15937948148148148 0.03570157812499997 0.07334288888888892
3 0.3835947786458334 0.14598024074074073 0.03887502604166671 0.06064877777777778
5 0.6085156250000002 0.09590958333333333 0.03332187499999992 0.039491944444444434
3 0.654134375 0.11142453703703704 0.032528125000000095 0.05077499999999999
1 0.6251762708333334 0.12693950462962963 0.04442870833333323 0.05359691666666667
1 0.6763486979166667 0.15021151388888887 0.05156927083333329 0.0634695648148148
2 0.7525122395833334 0.16078979166666663 0.04680885416666669 0.07334263888888888
2 0.7358516328124999 0.17207333333333333 0.042048817708333415 0.07052185185185185
1 0.7092735130208332 0.20831307407407407 0.05870922395833335 0.13908681481481483
1 0.7977346354166668 0.20380818055555558 0.035701562499999895 0.06911141666666665
2 0.7687765078125002 0.2708040925925926 0.052362609374999994 0.14950662962962957
3 0.48563830208333336 0.30442546759259265 0.04423797916666672 0.09096824999999997
4 0.5129143229166667 0.2193230740740741 0.046808854166666754 0.07757422222222221
3 0.5323518802083334 0.16361058333333334 0.04918894791666665 0.05923809259259261
3 0.4883197916666667 0.16925231481481484 0.04204895833333335 0.07616388888888886
3 0.4605518229166667 0.19252453703703704 0.04680885416666669 0.07193240740740742
3 0.3922753958333333 0.4343198287037037 0.10225178125000003 0.30446476851851856
4 0.3304388932291667 0.3420309722222221 0.04680867187500007 0.12552879629629635
3 0.3879583333333334 0.2743298425925926 0.06188333333333329 0.07757364814814817
5 0.4411142526041667 0.3420311342592593 0.06188295312500003 0.08039513888888894
1 0.5684502604166667 0.36036666666666667 0.07537031250000001 0.12270740740740736
2 0.5145011041666667 0.3956274305555555 0.0833040416666666 0.15655810185185182
1 0.3126340338541667 0.1459228425925926 0.03299339062499994 0.05436357407407405
