3 0.19556614583333332 0.6304656435185184 0.06743645833333337 0.11283537962962953
3 0.11741878385416667 0.6805357592592592 0.08251034895833334 0.1875877407407407
5 0.09044440364583334 0.5853312685185186 0.072990359375 0.11847635185185189
3 0.2177803203125 0.46473907407407405 0.06584977604166665 0.14809592592592594
2 0.13328641666666666 0.4456982546296296 0.06346987500000002 0.1325812685185185
3 0.06902317708333333 0.48730624074074075 0.053949479166666675 0.08885788888888889
4 0.05712265104166667 0.4280675925925926 0.044428656250000004 0.086037037037037
1 0.10651661979166667 0.39804998148148146 0.04243238541666667 0.09088144444444447
3 0.15550078125000003 0.35825125 0.05553593750000004 0.08744750000000003
1 0.8143953125 0.19534563888888887 0.03887499999999993 0.06346983333333335
2 0.7715531406250001 0.26304629629629633 0.05632913541666665 0.15091666666666667
1 0.75013203125 0.1614950138888889 0.029354687499999935 0.07193219444444444
1 0.6688117526041668 0.14245414814814816 0.04284211979166663 0.06770096296296296
5 0.6521510416666666 0.11354000925925926 0.023801041666666835 0.046544055555555554
1 0.6247796875 0.12552881481481482 0.04363541666666653 0.06205903703703703
4 0.6089122109375 0.10069607870370371 0.029354744791666696 0.04974695370370369
1 0.58352421875 0.1050773148148148 0.03570156249999978 0.0521861111111111
1 0.4407175442708333 0.12623403240740744 0.05156907812499997 0.060648601851851835
1 0.3839914635416667 0.1495064814814815 0.03808165625000003 0.059238888888888896
1 0.341942984375 0.16220046296296295 0.03649528125000003 0.06488055555555555
1 0.31020797656250004 0.17559953703703704 0.03966842187499999 0.07193240740740742
1 0.3117947916666666 0.14809583333333337 0.03332187499999997 0.0564175925925926
4 0.40039585677083334 0.11142473148148148 0.026461505208333354 0.04231349999999999
3 0.5331453125 0.16431574074074076 0.05077604166666673 0.057827777777777756
3 0.4906997395833333 0.17136805555555557 0.040461979166666676 0.06911203703703706
3 0.4585685338541666 0.19464037962962963 0.04760251562499995 0.07616368518518518
3 0.3385853932291667 0.2561174953703704 0.05431671354166667 0.0773279722222222
4 0.27450625 0.30677037037037036 0.050776041666666674 0.15937962962962957
3 0.3292489791666666 0.33921035185185183 0.04760260416666663 0.1339919259259259
3 0.3839914635416667 0.29055025 0.03808165625000003 0.06770135185185185
3 0.38785510677083335 0.4250107453703704 0.09499794270833337 0.2830257129629629
5 0.4403208124999999 0.33850491666666666 0.06505629166666668 0.09026794444444443
3 0.4851463541666667 0.30112836574074076 0.04998229166666667 0.09167845370370374
1 0.5371120130208332 0.2813819444444444 0.06505618229166667 0.09449907407407407
2 0.4990302239583333 0.219323162037037 0.04760205208333327 0.08603700925925924
3 0.6184324114583333 0.23483775 0.06426302083333332 0.09167870370370365
2 0.5644835520833333 0.3575458240740741 0.08647768749999998 0.11424538888888894
5 0.5204513880208333 0.42595195833333327 0.08885764062499994 0.09308867592592594
2 0.7306868046874998 0.17167360648148147 0.05311180729166682 0.07725278703703703
1 0.5717541666666667 0.2553648148148149 0.06035416666666672 0.09585185185185185
