3 0.21637745572916664 0.46967581481481485 0.069391015625 0.143865037037037
1 0.07894036458333334 0.6725253287037037 0.05632968750000001 0.3831324537037037
1 0.07100657291666668 0.4880111111111111 0.05315560416666667 0.08180555555555552
2 0.13963322135416664 0.44851898148148156 0.07775022395833336 0.1269398148148149
2 0.16502126041666668 0.36741905092592597 0.06981685416666666 0.08039523148148152
3 0.10313802083333332 0.39844814814814816 0.04125520833333332 0.08885740740740741
1 0.7517189348958335 0.1622001064814815 0.04204858854166661 0.07334237962962965
1 0.7283146302083332 0.16995787037037036 0.05077594791666679 0.08321574074074073
5 0.6505643229166667 0.11212962962962963 0.025388020833333278 0.04372407407407408
1 0.6247796875 0.12764444444444445 0.04363541666666653 0.05782777777777777
4 0.6093088541666667 0.09731990740740741 0.030147916666666674 0.04513425925925926
1 0.5811442708333333 0.10578287037037036 0.03728854166666658 0.05077499999999999
3 0.6188291666666667 0.2306065740740741 0.06981666666666667 0.08603685185185181
1 0.5152942708333333 0.2249645324074074 0.06108958333333329 0.08321537962962959
1 0.49109658333333334 0.30959074074074067 0.06188287499999993 0.10014074074074072
5 0.4407176380208334 0.3420311342592593 0.06108972395833335 0.08039513888888894
3 0.3934768020833334 0.43500487500000007 0.10306785416666665 0.29737223148148156
3 0.3820080729166666 0.28843425925925925 0.04046197916666673 0.06911111111111115
4 0.3260753984375 0.3406206203703704 0.042841911458333354 0.136812462962963
3 0.3407528645833333 0.2581101851851852 0.05156927083333329 0.07334259259259254
3 0.28442358333333334 0.30394907407407407 0.046809083333333314 0.15373703703703698
3 0.4569817708333333 0.19393518518518518 0.05077604166666673 0.06629074074074076
3 0.48911328125 0.16995740740740745 0.04046197916666673 0.06911111111111112
3 0.5315188072916667 0.16356229166666664 0.05069629166666664 0.059141509259259255
1 0.43642677604166663 0.12548946759259264 0.04774730208333331 0.062137731481481495
1 0.38240468750000006 0.14880124074074072 0.03649479166666669 0.05218640740740739
1 0.34273619791666665 0.1600842592592593 0.03649531250000007 0.06629074074074076
1 0.3106046614583333 0.17630462962962962 0.03887505208333331 0.07334259259259257
1 0.3110013020833334 0.1459800925925926 0.03173489583333335 0.05500648148148146
3 0.3486864583333332 0.13117037037037035 0.030941666666666676 0.05359629629629631
4 0.40065234375 0.1121300925925926 0.025388020833333396 0.052186111111111114
1 0.7041309270833334 0.21030048611111113 0.06437772916666672 0.15164532407407408
1 0.5705471354166668 0.2553648148148148 0.06598697916666675 0.09871296296296295
1 0.5363466145833333 0.267525 0.06518281250000009 0.09728148148148152
