3 0.25705209375 0.5684061851851852 0.08251039583333333 0.13822281481481483
3 0.21460677083333335 0.469675462962963 0.06585 0.1410435185185185
1 0.0801305078125 0.6567885648148147 0.060296276041666666 0.3516589259259259
1 0.07131889062499999 0.4844852777777778 0.05411846875 0.08603685185185185
2 0.14042678125 0.4499293101851852 0.07775060416666667 0.12975989814814815
1 0.1626410078125 0.35543037499999997 0.07775027604166666 0.09308925
3 0.10234479166666667 0.39633276851851856 0.04284166666666667 0.0902677962962963
1 0.7505288307291667 0.1614950138888889 0.03966838020833333 0.07193219444444444
5 0.647390625 0.11424556481481482 0.030147916666666667 0.04795516666666667
4 0.6081187499999999 0.09590958333333333 0.02618125 0.03949194444444444
1 0.5811442708333333 0.10296177314814814 0.03411458333333333 0.05641719444444445
3 0.529971875 0.1643160138888889 0.05077604166666667 0.06346982407407407
3 0.6188292578125 0.23131166666666667 0.069816484375 0.08744703703703705
1 0.51172421875 0.22425972222222224 0.05712239583333333 0.07616388888888889
1 0.5383020677083333 0.27856119907407406 0.06267607291666667 0.08885723148148149
1 0.49189010416666673 0.3102958333333333 0.06346979166666666 0.09873055555555556
5 0.4430977291666666 0.34273622685185184 0.06267641666666667 0.08180532407407408
3 0.390665953125 0.4314384259259259 0.09903289583333333 0.2930602037037037
3 0.38359479166666666 0.2891394768518518 0.04363541666666667 0.06770067592592593
4 0.32845555989583336 0.33921018518518514 0.04284200520833333 0.13963333333333333
3 0.2852167421875 0.30465462962962964 0.049982140625 0.1579685185185185
3 0.33956276041666666 0.25811001388888893 0.05077552083333334 0.07052186111111111
3 0.4895098958333333 0.16854722222222224 0.03490833333333333 0.06347037037037037
3 0.4577750442708333 0.19605046296296297 0.04601553645833333 0.06770092592592593
1 0.4376281119791667 0.12482361111111112 0.048563515625000005 0.06064907407407408
1 0.34392630208333336 0.15937916666666668 0.0357015625 0.06488055555555555
1 0.3102080729166667 0.17700972222222222 0.039668229166666666 0.0719324074074074
1 0.3102080729166667 0.1466851851851852 0.033321354166666664 0.053596296296296295
3 0.34987656250000004 0.13187546296296296 0.033321875 0.05218611111111111
4 0.39866901041666664 0.10930879629629628 0.02459427083333333 0.040902777777777774
1 0.15651812239583332 0.5236050925925926 0.07322938020833333 0.1602287037037037
1 0.38465651041666665 0.14806851851851852 0.035407812500000004 0.06723888888888889
1 0.57175421875 0.2539343842592593 0.06357281249999999 0.09585160185185185
