3 0.2518953125 0.5669957916666667 0.08806458333333333 0.12976026851851852
3 0.2169870182291667 0.4696753703703704 0.065849921875 0.1523276851851852
1 0.07814705468750001 0.6760615509259259 0.053155890625 0.37892125000000004
1 0.07060995833333333 0.47813814351851847 0.052362374999999996 0.08180519444444444
2 0.13963329166666666 0.4492242175925926 0.076163625 0.12834971296296296
2 0.16462438541666666 0.36741905092592597 0.06902310416666667 0.08039523148148148
3 0.10155130208333334 0.39703796296296295 0.038081770833333334 0.06911111111111111
1 0.8020979036458333 0.20662901388888888 0.053948984374999995 0.07475308333333333
1 0.7727431979166667 0.272919625 0.05394902083333333 0.1791255648148148
1 0.7533057291666666 0.1614950138888889 0.03411458333333333 0.07193219444444444
3 0.6537377604166666 0.1163611111111111 0.03173489583333333 0.05500740740740741
1 0.6255729583333334 0.12764444444444445 0.04363533333333333 0.05782777777777778
4 0.6065321458333333 0.09943597222222222 0.038875291666666666 0.04654472222222222
1 0.5759872630208334 0.10366728703703704 0.038081723958333334 0.06911172222222221
3 0.6172425390625 0.23342753703703703 0.066643046875 0.08885788888888889
1 0.5141043229166667 0.22214369907407405 0.05712260416666667 0.07757371296296296
1 0.5359220755208334 0.2743299722222222 0.07061001562500001 0.10578264814814815
1 0.49069989843749995 0.3095907407407407 0.06267624479166667 0.10014074074074074
5 0.4411141822916667 0.3399152685185185 0.06346955208333334 0.07898427777777778
3 0.3930744427083333 0.4378761990740741 0.10226313541666668 0.3059357314814815
1 0.39827239583333335 0.2778564814814815 0.06981666666666667 0.09308888888888889
4 0.3300422786458333 0.34132600462962964 0.04601544270833333 0.12129799074074075
3 0.28005989583333335 0.3060648611111111 0.046015625 0.15514805555555555
3 0.3387693359375 0.2595205 0.05236236979166666 0.07052196296296297
1 0.38491940885416664 0.22637538888888886 0.05580496354166666 0.09167885185185184
3 0.531127796875 0.16568803703703702 0.053087749999999996 0.05775125925925926
3 0.4871296875 0.17207346296296297 0.03490833333333333 0.06770122222222223
3 0.4597584505208333 0.1939350740740741 0.048395598958333334 0.06911133333333334
4 0.3966854166666666 0.11001395833333334 0.026975000000000002 0.04231282407407408
3 0.34551305989583336 0.13046521759259258 0.03728846354166667 0.055006601851851855
1 0.31258823177083334 0.14739074074074077 0.031734994791666665 0.05500740740740741
1 0.3110014192708333 0.17559951388888886 0.036495078125 0.0719324537037037
1 0.3474963932291667 0.1622001064814815 0.04125513020833334 0.07334237962962964
1 0.38280154947916667 0.14809598148148148 0.03728856770833333 0.06488025925925925
1 0.4376223671875 0.12905512037037037 0.046965567708333336 0.06064901851851852
1 0.5713519479166667 0.2525035092592593 0.06920597916666667 0.09871257407407406
