3 0.25824234114583333 0.5691112777777779 0.08171740104166668 0.13963299999999998
1 0.08846067708333334 0.5888574074074073 0.07537031250000001 0.12270740740740751
2 0.14003004947916667 0.4499293101851852 0.07378365104166668 0.12975989814814815
3 0.07180013541666666 0.48378018518518523 0.05315597916666667 0.08462666666666666
1 0.05751927083333332 0.42454166666666665 0.048395833333333325 0.07898518518518516
1 0.10393147135416667 0.3994908101851853 0.03966830729166667 0.09658347222222219
2 0.1626411458333333 0.36741905092592597 0.07457708333333328 0.08039523148148152
1 0.8088416666666665 0.19534550925925925 0.038875000000000055 0.06629046296296297
1 0.75409921875 0.16008469907407402 0.035701562499999895 0.07193245370370373
2 0.7370416666666667 0.17207361111111116 0.036494791666666755 0.07616388888888892
2 0.7108604166666666 0.2179123472222222 0.050776041666666674 0.12834937962962967
1 0.6700018229166668 0.1480958564814815 0.04680885416666669 0.06770087962962962
3 0.654134375 0.11212991203703704 0.032528125000000095 0.052186472222222224
1 0.6239861666666666 0.12411850462962964 0.04204849999999993 0.06205928703703702
1 0.6077397369791667 0.09535669907407408 0.027009796875000092 0.05249117592592593
1 0.5811442708333333 0.10648842592592592 0.03252812499999998 0.0521861111111111
3 0.6188291666666667 0.2306064814814815 0.06505625000000007 0.09450000000000003
1 0.5660701770833332 0.35543012962962967 0.08013047916666653 0.12976011111111105
1 0.5141044192708334 0.38645971296296294 0.08409741145833328 0.17207316666666672
2 0.5283849296875 0.2764453703703704 0.047602015625000146 0.09308888888888889
1 0.4843529765625 0.3060650648148148 0.04522217187500009 0.09873098148148148
5 0.4427009244791666 0.3427361111111111 0.06029606770833329 0.08462592592592588
3 0.3882517916666667 0.4271568009259259 0.09420457291666674 0.28731730555555557
3 0.38081796875 0.28843425925925925 0.03966822916666667 0.06911111111111115
4 0.3280588020833334 0.33709469444444445 0.04522197916666671 0.12976061111111115
3 0.2804567708333333 0.3032441111111111 0.04363541666666668 0.15796918518518524
3 0.33797596614583336 0.2552893518518518 0.05394910937499997 0.07616388888888889
3 0.4597585208333334 0.19393518518518518 0.046808999999999955 0.06911111111111112
3 0.4883197916666667 0.17418886574074072 0.03570208333333339 0.06911115740740743
3 0.53512890625 0.16572638888888888 0.04680885416666669 0.06628981481481483
1 0.44309777604166656 0.12764444444444445 0.04998257291666667 0.055007407407407394
3 0.3831981770833333 0.1509167314814815 0.04284218750000003 0.06205912962962962
1 0.34194296874999996 0.1607898148148148 0.03649531250000007 0.06205925925925926
1 0.31020811718749997 0.17418888888888892 0.03649522395833339 0.07475370370370371
1 0.3113980572916667 0.1459801574074074 0.030941385416666675 0.05218598148148151
4 0.39946250000000005 0.11424556481481482 0.026181250000000076 0.04795516666666666
1 0.5729611979166668 0.2560800925925926 0.06115885416666676 0.09728240740740736
