3 0.25665562239583334 0.5684060601851852 0.07854396354166666 0.1410434351851852
1 0.088064078125 0.6687066574074074 0.06505621874999999 0.30779412962962965
3 0.1471704348958333 0.5324400740740741 0.064263296875 0.13681244444444446
2 0.1396333645833333 0.4478140324074074 0.07457702083333334 0.12552934259259257
3 0.07180013541666666 0.4837800925925926 0.053155979166666666 0.09591018518518518
2 0.167004546875 0.36459792592592594 0.06902319791666667 0.09167822222222222
1 0.10393166145833334 0.3966797268518519 0.04125542708333333 0.10506686111111112
1 0.75052890625 0.1579689814814815 0.039668229166666666 0.07052129629629629
2 0.6680182630208333 0.14527502314814816 0.041255140625 0.06205921296296296
3 0.654530953125 0.1163609675925926 0.033321427083333334 0.04936510185185185
1 0.6235895520833333 0.12482384722222221 0.041255270833333336 0.05782823148148148
4 0.61010234375 0.09644463425925925 0.026974479166666666 0.04124406481481482
1 0.582334375 0.1050773148148148 0.03490833333333333 0.05218611111111111
3 0.618829328125 0.23201695833333333 0.06664314583333333 0.0916783611111111
1 0.5371121536458333 0.27856144907407404 0.061882984375 0.08321599074074075
1 0.49030335416666665 0.3088858148148148 0.060296416666666665 0.09590985185185184
5 0.443494390625 0.3427361018518518 0.06822996875000001 0.08462594444444443
3 0.38946454947916664 0.4314384259259259 0.098216828125 0.2930602037037037
3 0.38359477864583336 0.2912553425925926 0.03887502604166667 0.06911153703703704
4 0.32686895833333335 0.3399155277777778 0.042842291666666664 0.1354022777777778
3 0.285216953125 0.30606481481481485 0.04522234375 0.15514814814814815
3 0.33599270833333333 0.2559944074074074 0.049982291666666664 0.07757414814814814
3 0.45896514843749997 0.19040925925925925 0.04839574479166667 0.07334259259259258
3 0.4883197916666667 0.17136805555555557 0.03728854166666666 0.06911203703703704
3 0.5335421875 0.16361064814814816 0.04363541666666667 0.06488055555555555
1 0.4351640625 0.12764444444444445 0.04839583333333333 0.060648148148148145
1 0.34432291666666665 0.1579689814814815 0.03490833333333333 0.07052129629629629
1 0.31139822135416667 0.17771525462962962 0.038875432291666664 0.07616393518518519
1 0.3117947890625 0.14809583333333334 0.03490833854166667 0.05641759259259259
3 0.35067005208333335 0.13117083333333335 0.03173489583333333 0.05641759259259259
4 0.39866874999999996 0.11142448148148149 0.02618125 0.04795474074074074
1 0.5713518567708334 0.2546497222222222 0.06437753645833334 0.09155981481481482
