2 0.16422770052083333 0.36459805092592595 0.06981647395833335 0.08885760185185185
3 0.09996476041666666 0.38081800000000005 0.04442881249999999 0.0789843703703704
1 0.06981666666666667 0.48448515277777776 0.050776041666666674 0.08885747222222218
2 0.14003002604166664 0.4471084768518518 0.08013057291666666 0.12411823148148148
1 0.16303778645833333 0.5211567407407409 0.06902338541666664 0.14527540740740744
1 0.08330399218750001 0.6516218472222222 0.07140347395833335 0.32722112037037027
3 0.18802880989583332 0.6445696805555556 0.08251036979166665 0.11565558333333328
3 0.262209078125 0.5874469675925926 0.0880641354166667 0.13399125
4 0.39708203645833334 0.10789814814814815 0.024594260416666694 0.04654444444444446
1 0.3113980338541667 0.17207320833333334 0.037288307291666635 0.07334247222222225
1 0.34749641666666675 0.16290557407407408 0.034908208333333295 0.06629070370370371
3 0.3816113515625001 0.14880107407407409 0.04284188020833337 0.06629044444444444
1 0.4387341614583333 0.12623413425925925 0.04284209375000003 0.06346967592592596
3 0.2820434921875 0.30394920370370365 0.045222390624999984 0.15937937037037042
3 0.33940160677083336 0.2566994166666667 0.04951136979166672 0.07052153703703702
2 0.3891484375 0.22778564814814817 0.04522187499999995 0.0803953703703704
3 0.46015513541666664 0.19534572222222224 0.047602229166666635 0.07193262962962965
3 0.490303125 0.17277842592592588 0.041255208333333356 0.07193203703703706
3 0.5331453125 0.16361092129629629 0.04760208333333331 0.06205963888888888
5 0.6077221354166668 0.09873054166666667 0.030148437500000114 0.04231299074074074
1 0.5811440104166666 0.10578260648148148 0.029354687499999935 0.06205886111111112
3 0.6545310234375 0.11565587499999999 0.03173482812500007 0.04795491666666666
1 0.62596953125 0.12482372222222222 0.04284218750000003 0.06064885185185185
1 0.6751587916666666 0.1480958564814815 0.04760248958333335 0.06770087962962962
1 0.7537023151041666 0.16078966666666666 0.03332141145833335 0.07616325925925928
2 0.7695697604166667 0.25740485185185186 0.04760214583333327 0.16784214814814816
4 0.5077574010416667 0.222144037037037 0.05712269791666665 0.08039525925925922
3 0.39470214062500003 0.2806768518518518 0.05950301041666665 0.08462592592592594
4 0.33004244791666665 0.34485168055555554 0.04442864583333327 0.1339910833333333
3 0.3930801171875 0.43856123148148146 0.10386122395833333 0.2988432037037038
5 0.44468463541666664 0.34485185185185185 0.06426302083333332 0.08039444444444446
2 0.5367153984375002 0.2743299722222222 0.06426295312500005 0.10578264814814815
1 0.5644835052083333 0.3603666157407408 0.08171736458333333 0.13117047222222222
1 0.31102480208333333 0.14878398611111113 0.041041020833333344 0.05722462037037035
1 0.48605156250000003 0.3075822453703704 0.04506458333333333 0.09728180555555554
