3 0.2618125 0.5874473009259259 0.08568437500000001 0.13681280555555556
3 0.18842568489583336 0.6452749999999999 0.08171738020833332 0.12270740740740751
1 0.1626411458333333 0.5204513148148147 0.07140312500000003 0.1410436666666666
2 0.16541796875 0.3645978425925926 0.06426302083333334 0.08321542592592593
1 0.105121765625 0.3871652777777778 0.043635635416666665 0.0944990740740741
1 0.07694619270833333 0.41223493981481474 0.04445032291666666 0.08540136111111107
2 0.1396333645833333 0.4456982916666666 0.07457702083333334 0.12129786111111106
3 0.28244017968749996 0.3032439027777778 0.044429015624999985 0.1523270092592592
3 0.34018935156249996 0.25822603703703706 0.05269629687499998 0.07868383333333329
2 0.38835507552083326 0.21932286574074075 0.04522214062499999 0.07193204629629626
3 0.458171875 0.19393472222222222 0.04839583333333331 0.07193240740740742
3 0.48950963541666664 0.17277842592592588 0.03808177083333331 0.07193203703703706
3 0.5351286458333333 0.16290555555555555 0.048395833333333374 0.06064814814814817
4 0.3994622395833333 0.11071926388888889 0.027768229166666696 0.04936517592592593
3 0.34209942187500003 0.12450286574074075 0.035221760416666706 0.06000713888888889
1 0.31139822135416667 0.17630462962962962 0.03887543229166669 0.06770185185185185
1 0.3463064791666667 0.16431597222222222 0.04046204166666669 0.07475324074074076
3 0.38399158072916667 0.14809588888888892 0.04125538020833333 0.06770103703703705
1 0.44151093750000003 0.1262342592592593 0.04998229166666667 0.055007407407407394
5 0.608515453125 0.09661513888888888 0.03173471874999988 0.04090305555555555
1 0.583921046875 0.10648782407407406 0.03808186458333343 0.060648425925925946
3 0.6529442708333335 0.11354027777777778 0.03014791666666679 0.05500648148148146
1 0.6255730989583335 0.1262341574074074 0.04046213541666681 0.0578279814814815
1 0.673571875 0.14739054166666665 0.046015624999999956 0.06346997222222223
1 0.7556858593749998 0.16008482870370372 0.032528281250000055 0.06911182407407408
1 0.7985278645833332 0.20169256481481487 0.037288020833333255 0.06205931481481481
2 0.7695697604166667 0.2602254768518519 0.04760214583333327 0.16784163888888895
1 0.5109308854166666 0.22073338888888888 0.05077572916666663 0.07757396296296296
3 0.3915285624999999 0.2792665416666666 0.04839562500000003 0.08462617592592594
4 0.32805885416666664 0.34344149537037033 0.042048958333333296 0.13117071296296298
3 0.3942701744791667 0.4343198287037037 0.10148110937500003 0.30446476851851856
5 0.44111413541666666 0.33850483333333325 0.05870922916666667 0.0818051481481481
3 0.48474973958333334 0.2997177175925926 0.04918906249999999 0.08885715740740742
2 0.5386989583333334 0.2693936342592593 0.06981666666666661 0.0959094907407407
2 0.5160877838541665 0.3935119166666666 0.0817172343749999 0.16361087037037034
1 0.5680536614583331 0.3561354537037037 0.08251044791666674 0.12270794444444445
1 0.07483894270833333 0.4821174814814815 0.06115857291666665 0.08583725925925924
1 0.31021983854166657 0.14806867592592593 0.04104053124999994 0.05865524074074073
