2 0.15986406250000001 0.3653032407407408 0.061089583333333336 0.08180462962962963
4 0.105914890625 0.3850492870370371 0.04680885416666667 0.07616388888888889
1 0.06386640625000001 0.4229241574074074 0.048395312499999996 0.09549646296296296
1 0.07172125260416667 0.4791300092592593 0.053313744791666666 0.08558475925925926
2 0.14201338281249998 0.4492240925925926 0.07775031770833334 0.13117033333333333
3 0.18723558072916666 0.6445696203703704 0.079337171875 0.12411887037037038
3 0.2610190104166667 0.5874469675925926 0.09361822916666668 0.13399125
4 0.40104910677083333 0.10991428703703704 0.029354911458333334 0.04815475925925926
3 0.34789322916666665 0.12692008333333332 0.032528125 0.059276499999999996
1 0.30981119791666667 0.17277824074074075 0.04046197916666667 0.0719324074074074
1 0.34670297395833327 0.16008457407407406 0.03808155208333333 0.07475307407407408
3 0.3828014765625 0.1509167314814815 0.038875171875 0.06205912962962963
1 0.44071744791666667 0.12764434259259258 0.04522239583333333 0.06064835185185185
5 0.6081187499999999 0.09732023148148149 0.030941666666666666 0.04231324074074074
1 0.5831276041666666 0.10507751388888888 0.03490833333333333 0.060648675925925925
3 0.6541343749999999 0.11424556481481482 0.030941666666666666 0.04795516666666667
1 0.6255728854166667 0.12693950462962963 0.0452219375 0.05359691666666667
2 0.6727784427083333 0.14598011574074074 0.04442853125 0.06346939814814814
1 0.7517190052083332 0.16290532407407407 0.04046198958333334 0.07193194444444444
1 0.7953544270833334 0.20239753240740738 0.0420484375 0.06629012037037037
1 0.7727431979166667 0.2574046018518519 0.05394902083333333 0.1734833888888889
3 0.5327484947916666 0.16502135648148147 0.04998217708333333 0.059238768518518524
3 0.4907 0.17277855555555557 0.045221874999999995 0.06911140740740741
3 0.46015520833333334 0.19393472222222222 0.05077604166666667 0.0719324074074074
2 0.38835495833333333 0.22425935185185186 0.04204841666666667 0.07334240740740741
3 0.34058021874999994 0.2559570648148148 0.05508747916666667 0.07749931481481481
3 0.2808533854166667 0.30253888888888886 0.047602604166666666 0.16219999999999998
4 0.32964557291666663 0.3399157407407407 0.0420484375 0.12411851851851852
3 0.38716510416666666 0.27997175925925927 0.05712291666666667 0.08321574074074074
3 0.3934711302083333 0.43502505092592597 0.10146976041666668 0.30305432407407407
5 0.43913077864583333 0.34555693518518515 0.061089484374999996 0.0902676111111111
3 0.4844312213541667 0.3018337962962963 0.046652140625 0.09591018518518518
1 0.3122316901041667 0.14520750462962964 0.032188703125 0.058655361111111116
2 0.51582621875 0.39270384722222224 0.08530035416666666 0.16165954629629628
1 0.5673283854166667 0.3583689814814815 0.07886302083333334 0.13304722222222223
