3 0.25625885416666666 0.5705217175925926 0.08092395833333334 0.13681212037037038
3 0.2138135416666667 0.46897037037037037 0.06743645833333334 0.14809629629629628
1 0.07973385416666666 0.658894125 0.056329166666666666 0.3445865648148148
0 0.05117239583333333 0.5409027777777777 0.0023802083333333336 0.001411111111111111
3 0.10313810156249999 0.39844814814814816 0.041255046875 0.0888574074074074
2 0.16264102864583332 0.36741880092592594 0.071403359375 0.08603647222222223
2 0.14122005208333335 0.448519125 0.07775052083333334 0.12693952777777778
1 0.15550078385416669 0.5232723194444444 0.07933725520833333 0.1607900462962963
1 0.07021334375 0.4866009259259259 0.05156914583333334 0.09308888888888889
1 0.7513221354166667 0.16290532407407407 0.038081770833333334 0.07193194444444444
5 0.6477875 0.11424537037037037 0.02618125 0.04795555555555556
4 0.60970546875 0.09520416666666667 0.02459427083333333 0.040902777777777774
3 0.6184325234375 0.23554281481481482 0.06584953645833333 0.09308844444444445
1 0.5379054687500001 0.2820875 0.06664322916666666 0.08744722222222222
1 0.49149322916666666 0.3095912037037037 0.06267604166666667 0.10296203703703703
5 0.44230428645833336 0.3406203611111111 0.06584976041666667 0.08039446296296296
3 0.3906601953125 0.42859737037037043 0.09743497395833334 0.2930198518518518
4 0.32924904947916667 0.33638935185185187 0.044428984375 0.13117129629629629
3 0.38121484375 0.29055 0.0420484375 0.07616296296296296
3 0.2852169270833333 0.3032439027777778 0.04680885416666667 0.15232700925925927
3 0.5319552083333333 0.1643162037037037 0.04839583333333333 0.06064907407407408
3 0.48792291666666665 0.17348379629629632 0.04125520833333333 0.07334351851851852
3 0.45896510416666664 0.1946402777777778 0.051568750000000003 0.07052129629629629
1 0.4396114453125 0.12764444444444445 0.04459684895833334 0.060648148148148145
3 0.3831981770833333 0.14739074074074074 0.041255729166666665 0.05782777777777778
1 0.34313281250000005 0.15867407407407408 0.03728854166666666 0.06629074074074073
1 0.31100156250000005 0.17630462962962962 0.03966875 0.07334259259259258
1 0.31219140625 0.1459800925925926 0.03411510416666667 0.055006481481481476
3 0.3490830729166667 0.13469674074074076 0.03173489583333333 0.05218614814814815
4 0.39866874999999996 0.11283504166666666 0.02618125 0.04231325
3 0.3391661458333333 0.2595208333333333 0.049982291666666664 0.06770092592592593
1 0.5834226458333334 0.1065810138888889 0.03218904166666667 0.052932398148148145
1 0.6679184895833334 0.13948472222222222 0.045064062499999995 0.08154537037037038
1 0.5717541666666667 0.255365 0.06357291666666667 0.09299037037037036
