3 0.2582422213541667 0.5705217592592594 0.07854368229166661 0.1339916666666668
1 0.0876673671875 0.67223275 0.072196515625 0.3007419444444443
3 0.19516919531250002 0.4851902777777778 0.05394910937500003 0.14950648148148152
3 0.07140333072916666 0.48095922222222226 0.05077563020833334 0.07898425925925925
2 0.13725308333333333 0.45204490740740744 0.07140320833333333 0.12552870370370373
2 0.16581458333333335 0.3645978009259259 0.06981666666666668 0.09449884259259257
1 0.10432827604166667 0.39666997685185185 0.04204865624999998 0.10222513888888887
1 0.0595028828125 0.42524675925925925 0.04284215104166665 0.08039537037037037
1 0.7493389869791667 0.15937962962962962 0.037288692708333335 0.07334259259259257
1 0.7112570807291668 0.21579675925925929 0.05156917187499997 0.1297601851851852
1 0.6692082942708332 0.14677735648148146 0.045221953125000054 0.06751750925925926
3 0.65215078125 0.11424522685185186 0.033321354166666595 0.04513362037037037
1 0.6239863098958334 0.12270833333333334 0.038875296874999896 0.06205925925925926
4 0.6104989583333332 0.09873055555555556 0.034114583333333455 0.04231296296296297
1 0.5827309427083333 0.1050773148148148 0.03570165625000013 0.0521861111111111
3 0.6180359375 0.2327222222222222 0.0682302083333333 0.0902685185185185
1 0.5168812630208334 0.3857547453703704 0.08489088020833328 0.16784236111111106
2 0.5636899921875 0.35260925925925923 0.08647730729166672 0.14104444444444442
1 0.5375088385416668 0.2750351851851852 0.06108961458333321 0.09308888888888889
1 0.4863363802083333 0.3088856481481481 0.04760223958333339 0.0959101851851851
5 0.44190769531249996 0.34132592592592587 0.05870960937500005 0.07616296296296299
3 0.3910740468749999 0.4293328564814815 0.10143559375000001 0.3001325648148149
4 0.32885234375000005 0.3385046296296297 0.045222395833333276 0.13540185185185183
3 0.2780765625 0.2976022361111111 0.042048958333333324 0.17207330555555558
3 0.33876953125 0.26093055555555555 0.05553593749999995 0.08180555555555558
3 0.45936190625 0.19323009259259263 0.046015770833333275 0.06770092592592591
3 0.4906997395833333 0.17418935185185186 0.03570156249999996 0.07193240740740742
3 0.5331453125 0.1650212962962963 0.044429166666666714 0.06205925925925926
1 0.5152944270833334 0.22355434722222223 0.05950281250000007 0.08039500925925923
1 0.44032083333333344 0.1276449074074074 0.05236249999999997 0.06346944444444443
3 0.385661703125 0.14609222685185186 0.03983539583333329 0.06042480555555557
1 0.34551302083333335 0.1607898148148148 0.034114583333333275 0.06487962962962962
1 0.3113980338541667 0.17418935185185186 0.037288307291666635 0.07193240740740742
1 0.31219154687499995 0.14809583333333337 0.032528364583333295 0.0564175925925926
3 0.3486864583333332 0.13117083333333338 0.03252812500000003 0.0564175925925926
4 0.3978755208333334 0.11212969907407408 0.027767708333333314 0.046544305555555554
1 0.5709495182291667 0.25536471296296287 0.06196361979166672 0.10157387037037034
