3 0.25824215104166665 0.5712273148148148 0.08013028125 0.1410435185185185
1 0.08842163020833334 0.6708323981481481 0.07544840625 0.30640387037037037
3 0.19596249479166664 0.4851905879629629 0.05394896875 0.1551484537037037
3 0.07251448177083333 0.48166431944444443 0.054900203125 0.08321580555555555
2 0.13685654166666664 0.45133981481481483 0.069023375 0.12693888888888888
2 0.16065755208333332 0.3631877407407408 0.07695677083333334 0.08885785185185185
1 0.10591501822916666 0.39595467129629625 0.038875171875 0.10079452777777778
1 0.062279515625 0.43018333333333336 0.04680867708333333 0.09026851851851851
1 0.7513223958333334 0.16220046296296298 0.04125520833333333 0.07616388888888889
1 0.6668283854166667 0.14809583333333334 0.04046197916666667 0.06770092592592593
3 0.6529442708333334 0.11283472222222221 0.036494791666666665 0.047954629629629625
1 0.6239864583333333 0.12270833333333334 0.04363541666666667 0.06205925925925926
4 0.608515625 0.1015515 0.030147916666666667 0.045134037037037035
1 0.5851111979166668 0.1050773148148148 0.0357015625 0.05218611111111111
3 0.6180359375000001 0.23483796296296297 0.06346979166666666 0.08603703703703704
1 0.5379053828125 0.2778560185185185 0.06346944270833334 0.08744722222222222
1 0.49307994791666665 0.30465441666666665 0.0626765625 0.09590968518518518
5 0.44190755468750004 0.344146875 0.06188280729166666 0.08462662037037037
3 0.3902692682291667 0.42719719444444443 0.099826265625 0.29868142592592595
3 0.3824046744791667 0.2884345972222222 0.03649481770833333 0.07193265740740741
4 0.33004220572916665 0.34062037037037035 0.047602046875000005 0.13117037037037035
3 0.33757928125 0.25458379629629635 0.05474247916666666 0.07475277777777778
3 0.45975859375 0.19534537037037036 0.04680885416666667 0.06911111111111111
3 0.4907 0.16995740740740742 0.04204895833333333 0.06911111111111111
1 0.5236247395833333 0.1643157592592593 0.047602604166666666 0.06911107407407407
1 0.4403208098958333 0.12693925 0.047602130208333336 0.05923816666666667
3 0.38438828125 0.14950648148148146 0.03887552083333334 0.06205925925925926
1 0.34392630208333336 0.15937962962962962 0.0357015625 0.07052222222222222
1 0.31179471875 0.1741888888888889 0.0364949375 0.0747537037037037
1 0.3110012994791667 0.1452749398148148 0.033321359375 0.05359641666666667
3 0.34987656250000004 0.13328617592592593 0.030147916666666667 0.05782764814814815
4 0.39866901041666664 0.11212962962962962 0.0230078125 0.046544444444444444
1 0.5709494791666666 0.2553649675925926 0.06196354166666666 0.0958515462962963
1 0.7713249999999999 0.26895555555555556 0.055526041666666665 0.18884074074074075
