3 0.19675601041666668 0.6339916666666667 0.0666431875 0.11706666666666667
3 0.11821220312499998 0.6805357592592592 0.08568392708333333 0.18758774074074075
5 0.0880642421875 0.5839208287037038 0.07299026562500001 0.12129723148148149
3 0.21778039062500001 0.4654444212962963 0.06426317708333333 0.14386486111111113
2 0.13328641666666666 0.44287737962962964 0.063469875 0.1382230185185185
3 0.07060995833333333 0.48730624074074075 0.052362374999999996 0.08885788888888889
4 0.052759114583333336 0.4196051111111111 0.053155729166666665 0.07193237037037037
1 0.10512157552083332 0.39241852777777775 0.042048515625 0.10500557407407407
3 0.15669079166666666 0.35754583333333334 0.053155916666666664 0.0860361111111111
1 0.8136018072916666 0.1995769074074074 0.04204846875 0.06629062962962963
1 0.7703632265625 0.26516242592592587 0.055536046875 0.16925292592592592
1 0.6715885755208333 0.14809598148148148 0.048395765625 0.06488025925925925
3 0.6533411458333335 0.11354034722222223 0.032528125 0.049365601851851855
1 0.6251763020833334 0.12482384722222221 0.04601510416666667 0.05782823148148148
4 0.6123468645833333 0.09646459259259259 0.02565939583333333 0.04700644444444444
1 0.5843178020833333 0.10789830092592594 0.03570189583333334 0.04654413888888889
3 0.5331453697916667 0.16431574074074076 0.05077592708333333 0.05782777777777778
3 0.46055194010416667 0.1932296296296296 0.049982578124999996 0.07052222222222222
1 0.4395276041666667 0.12623425925925927 0.05394895833333333 0.05782777777777778
1 0.34233958333333336 0.16219999999999998 0.038875 0.06205925925925926
1 0.31100134635416665 0.17559953703703704 0.03808168229166666 0.0719324074074074
1 0.3117947916666666 0.14739074074074077 0.03490833333333333 0.05500740740740741
4 0.3998591145833333 0.11495046296296295 0.025388020833333334 0.05218611111111111
3 0.6192260130208334 0.23131157407407407 0.067436515625 0.08744722222222222
2 0.5628966927083333 0.3589564722222222 0.08647744791666666 0.11706668518518518
5 0.5200546302083333 0.42524675925925925 0.09123761458333333 0.09449907407407407
1 0.5383021874999999 0.278561537037037 0.06584979166666667 0.09167877777777778
3 0.4914933880208333 0.307475212962963 0.06584996354166667 0.09873055555555556
5 0.4387341640625 0.33850504166666673 0.06029625520833334 0.08744732407407407
3 0.38279323958333333 0.28784120370370375 0.0355926875 0.06947870370370371
3 0.33777916666666663 0.2549625 0.05164375 0.07320092592592593
4 0.2756669270833333 0.3064518518518518 0.0502484375 0.1563277777777778
4 0.3294044817708333 0.33746904166666675 0.046060828125 0.13151376851851854
2 0.7355150963541667 0.17167360648148147 0.04667397395833333 0.07725278703703703
1 0.7089591562499999 0.20743935185185183 0.0611589375 0.12589351851851852
1 0.5725589401041666 0.2560802453703704 0.06196336979166666 0.09728210185185186
