3 0.2618123203125 0.5677011342592593 0.07298994270833334 0.12552921296296296
3 0.11265874739583334 0.6791259259259259 0.07616375520833334 0.1819462962962963
5 0.08846092968750001 0.5853312685185185 0.072196890625 0.11847635185185185
2 0.13963322135416664 0.4407615740740741 0.07775022395833334 0.11988796296296297
3 0.06942004427083333 0.48589580092592594 0.051569286458333335 0.09167876851851851
1 0.05950273958333333 0.4280675925925926 0.04601535416666667 0.09167777777777777
1 0.10512164843749999 0.39055793981481485 0.04046191145833333 0.08583691666666667
2 0.16581448958333336 0.36530339814814816 0.0714033125 0.08462653703703703
2 0.7711565104166667 0.2778561527777778 0.05712239583333333 0.16925250925925925
2 0.7112570104166667 0.2122706388888889 0.05315577083333333 0.12834946296296298
1 0.670133421875 0.14511573148148146 0.04707220833333334 0.0645610925925926
3 0.6521510416666667 0.11495044444444445 0.030147916666666667 0.04654405555555556
1 0.6247795390625 0.12129762962962963 0.04046175520833333 0.06770103703703703
1 0.6085153645833333 0.09590972222222222 0.026974479166666666 0.045134259259259256
1 0.582334375 0.10719305555555554 0.03490833333333333 0.05641759259259259
3 0.6172425390625 0.23201675925925927 0.066643046875 0.08885722222222223
2 0.5390955729166667 0.2771509259259259 0.0626765625 0.0888574074074074
2 0.5668634765625 0.3624822731481482 0.08013033854166667 0.1269391574074074
2 0.5093440104166667 0.3906912037037037 0.07933697916666667 0.1607898148148148
3 0.48395614843749996 0.3046546296296297 0.04918874479166667 0.09308888888888889
5 0.44032083593750004 0.34132566666666664 0.05870936979166667 0.08744681481481481
3 0.38825746614583334 0.42644136111111114 0.09580266145833334 0.28588694444444446
4 0.32845563020833335 0.3385050046296297 0.04125540625 0.1297603611111111
3 0.3816114921875 0.2912552175925926 0.03966868229166667 0.07193215740740741
3 0.45975852083333335 0.1925248888888889 0.046808999999999996 0.06629096296296297
3 0.4895098958333333 0.1685474074074074 0.036494791666666665 0.06347
3 0.5323518072916666 0.1650210185185185 0.05077555208333333 0.05641722222222222
1 0.4415109375 0.12552916666666666 0.049982291666666664 0.05923796296296296
3 0.38486265625000005 0.1503641064814815 0.039824041666666664 0.06038486111111111
1 0.3435296875 0.1579689814814815 0.033321875 0.06770092592592593
1 0.31100134635416665 0.17277824074074075 0.03808168229166666 0.0719324074074074
1 0.31258811197916664 0.1466855 0.028561276041666663 0.04795492592592592
4 0.3986690104166667 0.11142473148148148 0.027768229166666665 0.0423135
3 0.280847640625 0.30185968055555557 0.0434549375 0.16308989814814814
3 0.33838515625000004 0.25679537037037037 0.052306770833333335 0.07868333333333333
2 0.7379291666666667 0.1716736111111111 0.03862708333333333 0.07725277777777778
1 0.7524142473958333 0.15951364351851852 0.03701733854166667 0.07582271296296296
1 0.5729611979166667 0.2539342592592593 0.06437760416666667 0.09585185185185185
