2 0.1626411458333333 0.3653032407407408 0.07140312500000003 0.08180462962962967
4 0.10591494791666665 0.3850495185185185 0.04046177083333332 0.07616392592592594
1 0.06346957291666669 0.42454166666666665 0.04442856250000001 0.1043722222222222
2 0.13804654947916667 0.44992943981481487 0.079337109375 0.1269392685185186
1 0.06863802083333331 0.631279625 0.054742770833333336 0.36834204629629624
1 0.16383115625000003 0.5197463055555556 0.06743664583333336 0.1480962777777779
3 0.26181223958333333 0.5860367824074074 0.09044427083333331 0.1311708796296296
3 0.18763226562500002 0.6445697638888888 0.07854380208333336 0.12411837962962967
2 0.5145010338541667 0.38998568055555555 0.08489064062499997 0.1678416018518519
5 0.43952734375 0.3406203611111111 0.06029635416666667 0.08039446296296293
3 0.3918730364583334 0.43430987500000007 0.1014470625 0.3016234537037038
4 0.3304388932291667 0.3392100138888889 0.04680867187500007 0.12270774999999998
3 0.2816468072916667 0.3025386805555555 0.046015760416666635 0.1537374537037037
3 0.339959375 0.25810993981481484 0.05632916666666663 0.07616345370370367
2 0.38875182291666666 0.2270800925925926 0.04918906249999999 0.07616388888888889
1 0.7993213541666666 0.20310277777777777 0.030941666666666614 0.07052222222222221
1 0.7679830416666669 0.256699537037037 0.04442870833333323 0.1805361111111111
1 0.7525123984375 0.15867405092592593 0.032528328124999936 0.06911115740740743
1 0.7330747864583333 0.1755995972222222 0.04284209375000003 0.08039524999999999
1 0.6747619166666666 0.14527502314814816 0.04522200000000017 0.06205921296296296
1 0.6537377604166666 0.11565596296296296 0.031734895833333235 0.0564177037037037
1 0.6267630208333334 0.12482361111111112 0.041255208333333356 0.0521861111111111
1 0.5783671874999999 0.1001412037037037 0.03490833333333328 0.06770092592592594
1 0.5684502656249999 0.2588152777777778 0.06426301041666657 0.08603611111111109
2 0.5379057291666667 0.276445625 0.06981666666666655 0.10155134259259255
1 0.5081540625 0.22566990740740742 0.04522208333333335 0.07616388888888884
3 0.48792302604166676 0.1699578055555556 0.03490811458333335 0.07193253703703706
3 0.530368453125 0.16996979629629624 0.05315580208333331 0.0634938888888889
3 0.4601552057291666 0.19252500000000003 0.04601563020833333 0.0662907407407407
1 0.43524215885416667 0.12552906481481482 0.05172598437499995 0.05641779629629629
4 0.40065234375 0.10930874074074073 0.026974479166666634 0.04372325925925926
3 0.3478932213541667 0.129760125 0.03728855729166671 0.05359641666666667
1 0.31348089322916667 0.14809583333333337 0.03629654687499997 0.0564175925925926
1 0.3125882083333334 0.17559953703703704 0.038081916666666694 0.06911203703703706
1 0.3443229557291667 0.16220014814814815 0.034908255208333294 0.062058962962962975
3 0.3824655182291667 0.14865181481481482 0.03978999479166667 0.06035016666666665
1 0.6051502161458333 0.09585099537037035 0.03540772395833329 0.05150171296296296
2 0.6119903645833332 0.23247511111111113 0.0603536458333334 0.09871274074074071
1 0.48363738802083334 0.308297462962963 0.0531116822916666 0.10443470370370367
2 0.5645119791666668 0.3526467592592593 0.08449583333333344 0.1359083333333333
