3 0.26022567447916667 0.5867417453703703 0.08568406770833333 0.13540169444444444
1 0.10234480208333334 0.38434396296296297 0.0412551875 0.07475281481481481
2 0.13804657291666667 0.44569829166666664 0.07299018750000001 0.12129786111111111
1 0.07259343489583332 0.48377993518518525 0.05315583854166666 0.09026790740740741
1 0.08290726041666667 0.6480960046296296 0.06743652083333333 0.32863206481481483
3 0.18763233854166667 0.6417491435185186 0.07695719791666668 0.12129800925925925
4 0.3998591145833333 0.11354022222222222 0.026974479166666666 0.052186222222222224
1 0.34313307291666667 0.1643157592592593 0.0357015625 0.06911107407407407
1 0.31219159375 0.1748939814814815 0.0372886875 0.07616388888888889
1 0.3824047916666667 0.1473907638888889 0.03966854166666667 0.06629069444444445
3 0.530368546875 0.16008449074074074 0.04522228125 0.06629027777777778
3 0.4887164453125 0.17277868055555554 0.03808169270833333 0.06629078703703703
3 0.4609486171875 0.1967561574074074 0.047602057291666666 0.0747535
3 0.3399595598958333 0.2559943240740741 0.057916296875 0.06911135185185185
3 0.2824401067708333 0.3025386805555555 0.04601561979166667 0.1537374537037037
4 0.3304388020833333 0.34344149537037033 0.04680885416666667 0.13117071296296295
3 0.39232195572916667 0.28208725 0.048395671875000004 0.09308846296296296
4 0.5113275703125 0.22214369907407405 0.049982359375 0.07757371296296296
5 0.4407175677083333 0.34555693518518515 0.06267632291666667 0.0902676111111111
3 0.3930801171875 0.4364354861111111 0.10386122395833333 0.30023345370370375
3 0.4867330729166666 0.3032441064814815 0.05156927083333333 0.09590993518518519
1 0.5351285859374999 0.270098912037037 0.06902303645833333 0.10860402777777778
1 0.5664669322916666 0.25387870370370375 0.06029634375 0.10437222222222221
2 0.51489771875 0.39351215277777774 0.08409727083333333 0.15232754629629627
2 0.7707598958333333 0.267278 0.05474270833333333 0.15655881481481482
1 0.6985630208333333 0.13399160648148148 0.02618125 0.06205937962962963
1 0.6743653723958333 0.15162182407407407 0.042842171874999994 0.06346931481481481
3 0.6537377239583333 0.11636084259259259 0.03173496875 0.052185722222222224
1 0.6235895520833333 0.1255287037037037 0.041255270833333336 0.06205925925925926
5 0.60891228125 0.09661513888888888 0.02776814583333333 0.040903055555555554
1 0.5809858828125001 0.0996485462962963 0.030624796875000002 0.06107487037037037
2 0.38835495833333333 0.22355462962962966 0.04204841666666667 0.07757407407407407
