3 0.2614158489583333 0.5860364444444446 0.08647767708333329 0.12834933333333318
3 0.18683896614583334 0.6445696388888889 0.0785439427083333 0.12411812962962966
1 0.16343440104166665 0.5190407407407406 0.06981661458333331 0.14386481481481472
2 0.1658146328125 0.3688296296296296 0.06823010937500001 0.08885740740740747
3 0.10075801302083336 0.3991537037037037 0.039668348958333315 0.08462592592592588
2 0.14002995572916668 0.448519125 0.08171717187500001 0.1269395277777779
3 0.28125 0.30394932870370367 0.046809375000000014 0.15655874999999997
2 0.51529453125 0.39633264814814817 0.08330364583333333 0.15514766666666668
1 0.5692437499999999 0.36036687037037035 0.07378333333333327 0.12552922222222232
2 0.7691730755208332 0.2686884259259259 0.04839551562500001 0.15655833333333333
2 0.7529089192708334 0.16078979166666663 0.04125507812499999 0.07334263888888888
2 0.7318846822916666 0.17277842592592588 0.04046188541666673 0.07193203703703706
2 0.7108604166666666 0.2157970277777778 0.05394895833333315 0.13540224074074075
1 0.6961830520833333 0.13399166666666668 0.023007854166666775 0.06205925925925926
1 0.675952140625 0.1473907638888889 0.05077592708333327 0.06629069444444446
3 0.6549276041666665 0.11354027777777778 0.030941666666666735 0.052186111111111114
5 0.6081704739583333 0.09855991203703704 0.035804979166666584 0.04547462037037037
1 0.6271596041666666 0.12834968981481484 0.04839537499999989 0.05641728703703703
1 0.44000805989583325 0.12482384722222221 0.043803619791666706 0.05782823148148149
4 0.40065234375000003 0.10930925925925926 0.023801562500000036 0.04654444444444443
3 0.34868647395833346 0.12976018518518517 0.032528093749999994 0.05077592592592593
1 0.31266467968749995 0.17489398148148153 0.04110189062500004 0.07616388888888892
1 0.34590963541666664 0.15514787500000002 0.03649531250000007 0.0677005462962963
3 0.3828014062499999 0.14809573148148147 0.04046177083333339 0.07052150000000003
3 0.3407528645833333 0.2574047175925926 0.05315572916666665 0.07757389814814815
2 0.38875182291666666 0.2299013888888889 0.04760260416666663 0.08462685185185181
3 0.45936171875000004 0.19393518518518518 0.04442864583333327 0.06911111111111112
3 0.48990677083333334 0.17136824074074072 0.043635416666666656 0.0691116666666667
3 0.5319154921875 0.16427760185185183 0.049902921874999964 0.060572129629629656
1 0.5700369791666666 0.25176296296296297 0.05950312499999993 0.09732037037037033
1 0.5109309557291667 0.22566987499999996 0.04918913020833339 0.07898432407407403
3 0.38716510416666666 0.27785601851851843 0.05712291666666669 0.0789842592592592
3 0.3304390338541667 0.34414683796296297 0.043635473958333296 0.1269396574074074
3 0.3938734895833333 0.4378661018518519 0.10227447916666664 0.30309468518518506
5 0.4415108671875 0.3399154814814815 0.06267618229166659 0.08462644444444446
3 0.48362649999999996 0.3053598888888889 0.04826158333333333 0.08885799999999998
2 0.5307652552083334 0.27291944907407406 0.05553615625000011 0.10014073148148152
1 0.31384108333333327 0.145922875 0.033798041666666674 0.05150239814814815
2 0.6140022135416667 0.23676692592592594 0.059549218749999966 0.09299022222222222
2 0.7962713541666667 0.2002861111111111 0.034603125000000054 0.06867037037037035
