3 0.2598289869791667 0.5839210416666667 0.08647744270833331 0.12693939814814817
3 0.18683906249999999 0.6431595833333333 0.07854375000000001 0.11847712962962971
1 0.16383115625000003 0.5169249999999999 0.06743664583333336 0.15091666666666662
2 0.16383120572916665 0.3653032407407408 0.07219696354166664 0.09026759259259252
4 0.10393151041666666 0.3822287037037037 0.04284218749999999 0.06487962962962956
1 0.06465963541666667 0.4245417314814815 0.048395312499999996 0.10155172222222217
2 0.13844311718749996 0.44922447222222217 0.07695675520833332 0.12270846296296298
1 0.7957511015625001 0.20098721759259258 0.039668630208333396 0.06629037962962964
1 0.7687765624999999 0.2503527777777778 0.04601562499999983 0.1706629629629629
1 0.7509255208333331 0.1643161388888889 0.027767708333333373 0.0606492037037037
1 0.73228125 0.17161113425925925 0.03966874999999988 0.07426662037037035
1 0.6965796875 0.13117083333333338 0.025387499999999837 0.06770092592592591
1 0.6743653645833334 0.14950629166666665 0.04918906249999999 0.06488000925925924
3 0.6541343749999999 0.11706606018518517 0.030941666666666614 0.05077528703703704
1 0.62596953125 0.12482359722222222 0.04918906249999999 0.06346947222222221
1 0.6061354166666668 0.09392624074074073 0.03173437500000003 0.04962962962962963
3 0.5323121796875 0.16783395833333334 0.04910954687499996 0.062043101851851856
3 0.48832492447916664 0.17559938888888887 0.03729865104166663 0.07475307407407407
3 0.46094850520833336 0.1932296296296296 0.04601548958333333 0.07052222222222221
1 0.43920908593749997 0.1262342592592593 0.04379213020833331 0.055007407407407394
4 0.39985907291666667 0.11142453703703704 0.025388104166666755 0.05077499999999999
3 0.34709973958333334 0.13046527777777778 0.03570156250000001 0.05500648148148146
1 0.31258808854166664 0.14668545833333335 0.034908197916666654 0.059238342592592586
1 0.3117948359374999 0.17348379629629632 0.03966866145833337 0.0733435185185185
1 0.34352942708333334 0.1643158888888889 0.03808177083333331 0.06629044444444443
3 0.3828014765625001 0.1509167314814815 0.03887517187500003 0.06205912962962962
2 0.3895450520833333 0.2263752222222222 0.04760260416666663 0.07475325925925923
3 0.33837265624999996 0.2587881157407408 0.05315572916666665 0.07469845370370365
1 0.2816466145833333 0.3060647361111112 0.05077552083333338 0.1579686759259259
4 0.3304389635416667 0.3434412824074074 0.04522207291666671 0.12552854629629628
2 0.6140690312500001 0.2404796296296296 0.06188277083333335 0.09450000000000003
1 0.5708303072916666 0.2503523148148148 0.06108938541666665 0.09167870370370365
2 0.5394922213541666 0.27291944907407406 0.06981659895833327 0.10014073148148152
1 0.48355953385416667 0.30959120370370363 0.04839551562500007 0.0944990740740741
5 0.44190755468750004 0.3427361018518518 0.06188280729166659 0.08462594444444452
3 0.39268343229166663 0.4364556666666667 0.10465459374999994 0.30591555555555544
2 0.5640867005208333 0.35331434722222216 0.07933701562500002 0.13681204629629629
2 0.5156912083333334 0.39280668055555557 0.08568424999999996 0.15937923148148148
