3 0.26141588541666666 0.5874472222222222 0.0880640625 0.12835
3 0.1860454765625 0.6445698148148147 0.07695696354166667 0.12411848148148147
1 0.06386640625000001 0.6291437916666667 0.0626765625 0.36689125
2 0.13923660677083335 0.4478138888888889 0.07695699479166666 0.12835
2 0.16621119791666666 0.3702398842592593 0.06426302083333334 0.08603689814814815
4 0.10512164843749999 0.3822286851851852 0.04046191145833333 0.07052225925925926
3 0.282043421875 0.30253888888888886 0.046808989583333335 0.15373703703703703
4 0.3304390625 0.33991556944444445 0.04363541666666667 0.12411886111111112
2 0.3883552083333333 0.2299009259259259 0.04363541666666667 0.07334259259259258
3 0.3403561953125 0.25665216203703706 0.05394934895833334 0.07324789814814815
5 0.44032083593750004 0.3399154814814815 0.05870936979166667 0.08462644444444443
3 0.3930801171875 0.4371709768518519 0.10386122395833333 0.30734617592592595
2 0.5160880208333334 0.3906908981481481 0.08489062500000001 0.16643116666666666
3 0.48395625000000003 0.3046543333333333 0.047602083333333337 0.08744688888888888
2 0.5644834348958334 0.3497882962962963 0.08330396354166666 0.1325808148148148
2 0.6140691015624999 0.2362481574074074 0.060296171875 0.08885738888888889
1 0.7953543671875 0.2031031712962963 0.03570168229166667 0.0733431574074074
2 0.7715533854166666 0.2574049398148148 0.05156927083333333 0.1763049351851852
2 0.7346614557291666 0.16784202314814814 0.04125521354166666 0.07898447222222223
2 0.7100669531250001 0.21861765277777775 0.05553588541666667 0.1354017314814815
1 0.6997531250000001 0.13046555555555556 0.026975000000000002 0.05782814814814815
1 0.6743653645833334 0.14668545833333335 0.047602604166666666 0.05923834259259259
3 0.6529442708333334 0.11495053240740741 0.033321875 0.052185972222222224
1 0.6267630208333334 0.12623428703703704 0.04125520833333333 0.055007351851851856
1 0.6077221354166666 0.09520432407407407 0.0285609375 0.0521857962962963
4 0.3994622395833334 0.11142453703703704 0.029354687499999997 0.050775
1 0.4380247526041667 0.12693935185185184 0.047770234375000005 0.05923796296296296
3 0.349479828125 0.13187596296296297 0.032528125 0.055006481481481476
1 0.31417473958333336 0.1452750648148148 0.03173489583333333 0.0507757962962963
1 0.31100134635416665 0.17489442129629626 0.03808168229166666 0.07052226851851852
1 0.346306359375 0.15937927314814815 0.037288322916666665 0.06770071296296297
3 0.38319809114583336 0.14950629166666665 0.03966840104166667 0.06488000925925926
3 0.45896510416666664 0.1960509259259259 0.051568750000000003 0.07334259259259258
3 0.4903033854166666 0.17066296296296296 0.038081770833333334 0.07334259259259258
3 0.5327145390625 0.16784185185185183 0.049914265625 0.06205888888888889
1 0.5109308854166666 0.2242594398148148 0.050775729166666665 0.08180519444444444
1 0.16295596354166667 0.5207440509259259 0.07162026041666666 0.14592300925925925
1 0.750402234375 0.15808302777777777 0.03621219791666667 0.07868394444444445
