3 0.25943229166666665 0.5705217175925926 0.08092395833333334 0.13681212037037038
3 0.1951693359375 0.48377993981481476 0.050775911458333337 0.1523271574074074
1 0.08449391927083333 0.675073800925926 0.067436703125 0.3007823055555556
2 0.13883994531249996 0.45204490740740744 0.07140344270833333 0.1255287037037037
3 0.07021328125000001 0.48517031481481476 0.053155729166666665 0.07898518518518519
1 0.06148616666666666 0.42383657407407405 0.0420485 0.0719324074074074
1 0.10710512239583332 0.40092142592592594 0.04125538020833333 0.0994447037037037
2 0.16660800260416667 0.3653032407407408 0.06664336979166667 0.08462685185185186
1 0.8072548385416667 0.1946402777777778 0.037288239583333334 0.07334351851851852
1 0.771553140625 0.2700986111111111 0.05632913541666666 0.17630462962962962
1 0.7505288307291667 0.15867405092592593 0.03966838020833333 0.0691111574074074
1 0.7120503098958333 0.21861790277777776 0.05315563020833333 0.12976049074074075
3 0.6700017630208334 0.1459800925925926 0.046808890625 0.06346944444444444
3 0.6545309895833333 0.115655875 0.03173489583333333 0.047954916666666667
1 0.6247796875 0.12552906481481482 0.04204895833333333 0.0564177962962963
4 0.6097057291666667 0.09661481481481482 0.02618125 0.043724074074074075
1 0.5835244791666667 0.10648820370370371 0.032528125 0.052186555555555555
3 0.6176393229166667 0.2348375925925926 0.06584947916666667 0.0944988888888889
1 0.5148977395833333 0.22566990740740742 0.0602961875 0.08462685185185186
2 0.5371122239583334 0.27997159259259263 0.06029638541666667 0.09731977777777778
1 0.4950635338541666 0.3060648148148148 0.06346980729166667 0.09308888888888889
1 0.5156910182291666 0.38716518518518517 0.08409713020833333 0.16502148148148146
1 0.5644833151041666 0.35613559722222227 0.08013024479166667 0.12270843518518519
5 0.4434944140625 0.33991527777777775 0.061883046875 0.07898425925925925
3 0.3910683151041667 0.4286074583333333 0.09983761979166667 0.29586089814814814
3 0.3831981770833333 0.29125555555555555 0.038081770833333334 0.06911111111111111
4 0.32924885937500004 0.3406206203703704 0.042841864583333326 0.13681246296296298
3 0.27966328125 0.30112824074074074 0.04680885416666667 0.15373796296296297
3 0.33757935156249996 0.256699375 0.05315588020833333 0.0818049537037037
3 0.46045413802083335 0.1946402777777778 0.048590682291666666 0.06488055555555555
3 0.49188984375 0.17136805555555557 0.038081770833333334 0.06628981481481482
3 0.535921875 0.16431592592592592 0.04363541666666667 0.05500703703703704
1 0.43873411458333333 0.12623425925925927 0.04442864583333333 0.05782777777777778
3 0.38418233333333335 0.14966875925925927 0.039287416666666665 0.0618554074074074
1 0.34233958333333336 0.1572638888888889 0.03728854166666666 0.06911111111111111
1 0.3098114583333334 0.17559907407407407 0.03728854166666666 0.07757407407407407
1 0.3117947916666666 0.1459800925925926 0.036494791666666665 0.05218611111111111
3 0.34670312500000006 0.13117083333333335 0.031734375 0.05641759259259259
4 0.39866874999999996 0.10930879629629629 0.02618125 0.04936574074074074
1 0.5717541901041667 0.25464966203703704 0.05874483854166667 0.09728215740740741
