3 0.11741901041666666 0.6826513888888889 0.0888578125 0.18335648148148148
5 0.0864775234375 0.5888576944444445 0.069816828125 0.11424572222222222
2 0.13447640364583333 0.4414666666666667 0.062676359375 0.12693888888888888
3 0.06743671875 0.4858953703703704 0.0555359375 0.08603703703703704
1 0.10432815885416667 0.39380860185185185 0.03887493229166667 0.09650296296296297
2 0.7703630208333334 0.2806768518518518 0.058709374999999994 0.1636111111111111
1 0.7556858828124999 0.15796879166666666 0.032528328125 0.07334237962962964
5 0.6489776041666667 0.115655875 0.028561458333333335 0.047954916666666667
1 0.6231929375 0.12411851851851852 0.040462041666666664 0.05923888888888889
1 0.6081187499999999 0.09520416666666666 0.02618125 0.05218611111111111
1 0.5835244791666667 0.10648786574074075 0.032528125 0.04936500925925926
3 0.6184327135416667 0.23201712962962964 0.06743665624999999 0.0916787037037037
2 0.5660703125000001 0.36389259259259255 0.07854375 0.11283518518518518
1 0.5375086979166667 0.2806768518518518 0.0642628125 0.08462592592592592
1 0.48514634635416665 0.3088858148148148 0.043635432291666665 0.09590985185185184
5 0.4430977994791666 0.3420310185185185 0.061089817708333334 0.08039537037037037
3 0.38865415104166673 0.42644136111111114 0.09500929166666668 0.28588694444444446
3 0.3804213541666667 0.28843425925925925 0.038875 0.06911111111111111
4 0.32885217447916665 0.33991574074074077 0.043635234375000005 0.13540185185185186
3 0.2788698203125 0.29760231481481475 0.049982234375000004 0.1748935185185185
3 0.33797596614583336 0.25881511574074073 0.053949109375 0.08603643518518518
3 0.4596551640625 0.19534583333333333 0.048602171875 0.0719324074074074
3 0.4883197916666667 0.17066268518518518 0.03728854166666666 0.06770055555555556
3 0.53473203125 0.1643162037037037 0.047602604166666666 0.06064907407407408
1 0.4411143229166667 0.12482359722222222 0.05077552083333334 0.06346947222222223
3 0.38337761197916664 0.15021157407407407 0.040896859375 0.06064907407407408
1 0.3435296875 0.16219999999999998 0.033321875 0.06205925925925926
1 0.310208046875 0.17489444444444444 0.03808182291666666 0.07334259259259258
1 0.3117947916666666 0.1466851851851852 0.030147916666666667 0.053596296296296295
4 0.3994622395833333 0.11212991203703704 0.02459427083333333 0.052186472222222224
3 0.21968876822916666 0.46781094444444443 0.067596421875 0.1516447777777778
2 0.7290772369791667 0.17238912962962963 0.04345490104166667 0.0844062962962963
1 0.5729611979166668 0.2582259259259259 0.061158854166666665 0.09871296296296296
