1 0.10741614583333334 0.37740302314814816 0.052478124999999994 0.11961291666666664
5 0.15907421875 0.4645381990740741 0.04427864583333336 0.1021808240740741
2 0.08773697916666666 0.5670555555555556 0.07707708333333334 0.14285740740740735
3 0.1914631067708333 0.6355685185185185 0.07625711979166665 0.13411111111111104
1 0.3050291666666667 0.1764380509259259 0.03115937500000001 0.07853982407407406
1 0.3422796770833333 0.15908721296296296 0.035258854166666666 0.06374964814814817
3 0.3801852890625 0.1458903240740741 0.03360066145833329 0.06390453703703702
3 0.439941453125 0.12450023148148148 0.039779708333333316 0.06094737037037036
4 0.27756015624999997 0.30458047222222223 0.04509843749999997 0.1605186851851852
3 0.3255286458333334 0.2507287037037037 0.04263854166666672 0.09329444444444446
3 0.45754374999999997 0.19096203703703704 0.050838541666666674 0.07871666666666667
3 0.5223216145833334 0.16836712962962963 0.040998437500000054 0.05685092592592593
3 0.33167812499999993 0.33892129629629625 0.041818750000000016 0.12973703703703707
3 0.3857963541666667 0.28556947685185197 0.053297916666666605 0.07900734259259258
3 0.51166171875 0.22303194444444446 0.04919843750000007 0.07288611111111112
3 0.38374635416666675 0.43294575462962964 0.07871770833333334 0.25931067592592594
1 0.43437809895833346 0.3347661157407407 0.04633130208333333 0.10014739814814812
5 0.48583255208333326 0.30830925925925917 0.05001822916666665 0.0655981481481481
3 0.5292911197916667 0.27405244907407406 0.05165828124999994 0.10495621296296297
3 0.5747995026041667 0.2623908749999999 0.06231766145833338 0.08163306481481479
3 0.62071796875 0.23396486111111114 0.04919843750000012 0.07725916666666668
3 0.48501273437500003 0.39067037037037033 0.06477765625000001 0.15451851851851853
3 0.6235877604166667 0.12317777777777776 0.04509843750000009 0.06559814814814816
5 0.6461369791666665 0.12099109722222223 0.027879166666666677 0.03206965740740743
5 0.6744260416666666 0.15743425925925925 0.04837812499999998 0.04081666666666669
3 0.7069316145833333 0.21819165740740742 0.053884687500000084 0.13881535185185181
3 0.7363338541666666 0.16989610648148148 0.04263854166666666 0.06545593518518518
1 0.7595088723958334 0.16690972222222225 0.036568536458333155 0.04518981481481482
1 0.7826222395833332 0.279875287037037 0.06814823958333326 0.18143198148148154
2 0.38485092447916663 0.22196006944444446 0.056449192708333366 0.1038965277777778
1 0.48347112500000006 0.17886658796296295 0.042502854166666756 0.07910271296296292
1 0.3080059895833333 0.13827448148148153 0.03484531250000001 0.06858437037037035
3 0.9072179583333334 0.5525444537037038 0.13440258333333333 0.29092961111111104
