3 0.153334375 0.35787175925925924 0.052478125 0.08600648148148148
5 0.15456458333333334 0.463121 0.051658333333333334 0.07931781481481481
1 0.09142656249999999 0.5728865740740741 0.0713375 0.13994166666666666
3 0.19187318229166667 0.6333818796296297 0.07379738541666667 0.12390661111111112
3 0.3044360572916667 0.17464674537037037 0.0344390625 0.07716960185185186
1 0.34151796875 0.16253657407407404 0.0368984375 0.06559722222222222
3 0.3780065104166666 0.14536304166666666 0.03607864583333333 0.06284997222222223
4 0.2771502604166667 0.3039361111111111 0.04427864583333333 0.1676388888888889
3 0.3255283854166667 0.24854212962962963 0.0409984375 0.09183611111111112
2 0.3886661458333333 0.22376111111111108 0.05083854166666667 0.08600555555555556
3 0.4571338541666667 0.19241981944444447 0.051658333333333334 0.07288628703703703
3 0.5219114583333334 0.16618055555555555 0.036898958333333336 0.06705555555555556
3 0.33003828125 0.3403791666666666 0.041818229166666665 0.13265277777777776
3 0.3853864583333333 0.28571435185185184 0.047558333333333334 0.0816324074074074
3 0.5141218750000001 0.22230324074074076 0.052478125 0.07434351851851852
3 0.3833364583333333 0.4300291666666667 0.07625729166666666 0.2536435185185185
5 0.48419270833333333 0.3075805555555555 0.051658333333333334 0.06705555555555556
3 0.53462109375 0.27696759259259257 0.05903802083333333 0.08454814814814815
3 0.5772596354166667 0.25364444444444445 0.05411822916666666 0.07871666666666666
3 0.6219479166666666 0.2354226851851852 0.04673854166666667 0.07726018518518518
3 0.48583281250000004 0.3870263888888889 0.06805729166666666 0.15597685185185187
3 0.5696004817708334 0.09985462962962963 0.030599921874999998 0.05976666666666667
3 0.6227679687500001 0.11880462962962962 0.0450984375 0.06268148148148148
5 0.6475228697916666 0.12116594444444444 0.030338541666666666 0.0335277037037037
5 0.6736059895833334 0.15816342592592592 0.04837864583333333 0.045189814814814815
3 0.706924078125 0.2196495277777778 0.05226017708333333 0.13886987037037035
1 0.7567469010416666 0.16618395833333335 0.03755354166666667 0.04816306481481481
1 0.7830114427083334 0.2820796481481482 0.06547601041666666 0.18141592592592592
3 0.065182515625 0.4041486111111111 0.03379851041666667 0.09298981481481482
5 0.43656118749999995 0.34191681944444446 0.049088041666666665 0.0915589537037037
1 0.4814787395833333 0.17650521759259258 0.0425029375 0.07910252777777778
1 0.7348591145833333 0.16703564814814814 0.051023437500000005 0.08185833333333332
3 0.9062845260416666 0.5525444444444445 0.13378051041666666 0.2887166666666667
