3 0.15333463541666664 0.34839656944444447 0.045918229166666664 0.08163278703703704
1 0.059857812499999996 0.4212824074074074 0.057397916666666667 0.09329444444444444
3 0.07010755208333333 0.4868805555555556 0.06313802083333334 0.11953333333333334
2 0.08478909374999999 0.5797360416666666 0.06657389583333333 0.14373532407407408
1 0.19269296874999997 0.48615159722222223 0.05903802083333333 0.12099125
3 0.19146320572916667 0.6297375648148147 0.069697546875 0.13119524074074074
3 0.2652604427083334 0.5816325833333333 0.09921671875 0.15160335185185184
3 0.3511126041666667 0.12834609722222223 0.0302119375 0.0597895462962963
1 0.37185677083333335 0.11809030092592593 0.02541875 0.06361423148148149
1 0.34044131770833336 0.16036901388888888 0.039664927083333336 0.07073802777777778
3 0.3876675807291666 0.14775103703703704 0.04601440104166667 0.06320118518518518
3 0.44278437499999995 0.12706383333333332 0.04263854166666667 0.055012629629629634
3 0.297757234375 0.349079625 0.07401342708333333 0.2346018425925926
3 0.33401737239583335 0.25655972222222223 0.049776411458333336 0.0699712962962963
1 0.481014453125 0.1753064861111111 0.03546223958333334 0.08378887962962964
3 0.5243713541666667 0.16545185185185185 0.03853854166666667 0.05976666666666667
3 0.3893100625 0.28775605092592593 0.037367000000000004 0.08338049074074073
3 0.4882927083333333 0.31268240740740744 0.0631375 0.10932962962962962
2 0.49487410416666666 0.4045756712962963 0.06515833333333333 0.13313887962962961
3 0.6145682291666666 0.23323628703703705 0.06805729166666666 0.09037927777777778
4 0.80805859375 0.19524336111111112 0.041863864583333334 0.036504425925925926
1 0.7711190859375 0.2620780092592593 0.053171119791666666 0.18344805555555554
1 0.7521844010416666 0.1556704675925926 0.035039385416666666 0.06576571296296296
5 0.6735549010416667 0.15690277314814816 0.04827646875 0.04771112037037037
3 0.6560817161458332 0.12105133796296297 0.03597706770833333 0.04375556481481482
1 0.6229338828125 0.12244907407407409 0.042502953125 0.06122407407407408
1 0.15289691145833334 0.5257510555555556 0.07725305208333334 0.15021455555555555
4 0.40071901041666663 0.1111726851851852 0.026133854166666668 0.04756574074074074
1 0.5842781249999999 0.10232280092592592 0.04106770833333333 0.06305267592592592
3 0.7065473307291666 0.21404848611111113 0.050400911458333336 0.1449111388888889
3 0.7345479166666666 0.16592923148148148 0.046667708333333335 0.06858412962962962
