3 0.15251449739583334 0.3549564675925926 0.049198088541666664 0.08309076851851852
1 0.10454635416666666 0.38589154166666667 0.04181875 0.09653273148148149
1 0.058627864583333335 0.4220115740740741 0.05657760416666667 0.09183611111111112
3 0.06846770833333334 0.4876092592592593 0.05821770833333333 0.1239074074074074
2 0.08691692708333333 0.5765305555555555 0.0705171875 0.13848333333333335
3 0.19351304166666666 0.6297377222222221 0.06723745833333333 0.1282801111111111
3 0.26567059895833334 0.580175 0.09839640625 0.16035
3 0.3525720234375 0.13274336574074072 0.027848213541666667 0.048672564814814814
1 0.37185677083333335 0.11625540277777778 0.028698958333333333 0.05994443518518519
4 0.3988865833333334 0.11112727314814815 0.028698958333333333 0.04747578703703704
1 0.33761578645833334 0.16107870370370367 0.03853854166666667 0.06851296296296296
3 0.38783157291666664 0.14885723148148147 0.04673854166666667 0.05877640740740741
3 0.2910895833333333 0.35422731481481484 0.052478125 0.2303212962962963
3 0.3345481848958334 0.2572888888888889 0.05083803645833333 0.06851296296296296
3 0.3726768229166667 0.21446663425925927 0.04673802083333333 0.08418710185185185
3 0.4546737838541667 0.18950452777777776 0.04017847395833333 0.07580205555555555
3 0.38804387500000004 0.2834369537037037 0.03896329166666667 0.0861872037037037
1 0.43540452343749997 0.3294462962962963 0.05575800520833333 0.11953333333333334
3 0.4899113854166667 0.30445203240740737 0.0630956875 0.10246630555555557
3 0.612727625 0.23126314814814816 0.06601670833333334 0.08557925925925926
2 0.49890116406249996 0.4096573101851852 0.07287524479166667 0.1183800462962963
3 0.7702846770833334 0.2689165972222222 0.0498620625 0.16615178703703704
1 0.7526933359375 0.15732975925925924 0.035265984375 0.06687190740740741
3 0.707225 0.21311003703703704 0.051658333333333334 0.14745901851851853
5 0.6707359374999999 0.15670555555555554 0.047558333333333334 0.042274074074074075
3 0.656491609375 0.11924439814814815 0.03648548958333333 0.04486422222222223
2 0.15329947395833335 0.5221743981481481 0.05713542708333333 0.16881231481481482
3 0.5189435625 0.15984522685185182 0.038578499999999995 0.0719028425925926
1 0.44178660416666665 0.12168126388888888 0.04231175 0.06858376851851852
1 0.3111171875 0.14601759259259262 0.03235625 0.0619462962962963
1 0.5824113776041667 0.10177013425925925 0.03857828645833334 0.06415973148148148
3 0.7342367239583333 0.16758849537037038 0.04480088541666667 0.06969026851851852
