3 0.15579453125 0.35932916666666664 0.06067760416666667 0.08892129629629629
5 0.15374453125 0.46513154629629627 0.05821822916666666 0.07761646296296296
1 0.08896692708333333 0.5663265324074074 0.07789739583333333 0.14139941666666667
3 0.19146302083333333 0.636297685185185 0.07625729166666666 0.13265277777777776
3 0.304209375 0.17354055092592593 0.03279895833333333 0.07274482407407407
1 0.3419278645833333 0.16036901388888888 0.03607864583333333 0.06410086111111112
3 0.3791974166666667 0.14735793055555557 0.036820874999999996 0.061478824074074075
3 0.44032447916666667 0.12355526851851853 0.03771875 0.06122407407407408
3 0.32388854166666664 0.25072916666666667 0.04591875 0.0903787037037037
2 0.38825598958333335 0.22386363888888888 0.050018229166666664 0.09329444444444444
3 0.45672369791666667 0.19241944444444442 0.0491984375 0.07580185185185186
3 0.5219114583333333 0.169825 0.04181875 0.06268148148148148
3 0.33044817708333335 0.3367347222222222 0.0409984375 0.13119537037037038
3 0.3853863802083333 0.28571435185185184 0.05247796875 0.0816324074074074
3 0.5141218750000001 0.22084537037037036 0.052478125 0.07434444444444445
3 0.3857962083333334 0.43002948148148146 0.08117708333333334 0.2507287037037037
5 0.4850128463541667 0.3090378935185185 0.051657984375 0.06705541666666666
3 0.5342111171874999 0.27769692592592593 0.05985765104166666 0.09475244444444444
3 0.5772596354166667 0.2587462962962963 0.05411822916666666 0.07434444444444445
3 0.6211278645833335 0.23469398148148146 0.04837864583333333 0.07288611111111111
3 0.4859821302083333 0.38702592592592594 0.06775865625000001 0.15306111111111112
3 0.5694697916666667 0.10204074074074075 0.030338541666666666 0.06122407407407408
3 0.6231778645833332 0.1202625 0.04263802083333333 0.06268240740740741
5 0.6480480390625 0.12032262962962964 0.028976838541666668 0.030491777777777777
5 0.67319609375 0.15743425925925925 0.0491984375 0.043731481481481475
3 0.7060259322916667 0.21813760185185188 0.05254040625 0.13870724074074076
1 0.7593055781249999 0.1670321712962963 0.037693010416666665 0.05087850925925926
1 0.782813625 0.2798638564814815 0.06836058333333334 0.18363512037037036
3 0.06679190885416667 0.407725 0.035407848958333335 0.09155925925925926
5 0.4385729244791667 0.33762512037037035 0.051502067708333335 0.08583679629629629
1 0.4828068645833333 0.1782760925925926 0.0451591875 0.08028300000000001
3 0.905973328125 0.5519912037037037 0.13440290625 0.28982314814814814
