1 0.10700625 0.3768222222222222 0.051658333333333334 0.10932962962962965
5 0.15456458333333334 0.4667515694444444 0.05329791666666666 0.1008851203703704
2 0.09183671875 0.5787171296296296 0.07379739583333332 0.15451944444444451
3 0.19556302083333332 0.6362971574074073 0.06805729166666662 0.12973716666666665
1 0.3435677083333334 0.16147520833333337 0.039358333333333384 0.06188847222222223
3 0.3849763020833334 0.14775103703703704 0.03525885416666661 0.05877640740740741
4 0.27756015624999997 0.30466481481481483 0.0483786458333333 0.17201111111111114
3 0.3255286458333334 0.24708425925925925 0.04263854166666672 0.08600555555555556
2 0.38743619791666656 0.22724262962962966 0.05165781250000005 0.08848762962962967
3 0.4566549166666667 0.19533518518518517 0.04742025000000005 0.06997037037037035
3 0.5227315104166667 0.16690972222222222 0.04181822916666664 0.0655972222222222
3 0.33003828385416667 0.33892129629629625 0.04509843229166665 0.12682222222222228
3 0.3874361979166666 0.28495838888888886 0.05493802083333333 0.08309074074074074
3 0.5133018229166667 0.21793009259259258 0.050838020833333296 0.07434351851851852
3 0.38292630208333345 0.4241986111111111 0.07379739583333329 0.25072870370370376
1 0.4343077994791667 0.3330902777777778 0.055204140625000044 0.1064138888888889
1 0.4882924479166667 0.30612268518518515 0.05001822916666665 0.099125
3 0.4850127604166667 0.3892128287037038 0.06969739583333326 0.14285713888888882
3 0.53667109375 0.2762393518518519 0.05985781250000007 0.08892129629629632
3 0.5784893229166668 0.2558310185185185 0.05493802083333345 0.08017499999999997
3 0.6213093333333333 0.23469398148148146 0.04710095833333329 0.07871759259259258
3 0.5686671302083333 0.10117152314814815 0.028733218749999997 0.06296250925925928
3 0.6211278645833331 0.12099120370370371 0.04017864583333323 0.06413981481481482
5 0.6468247890624998 0.12337675462962963 0.02925478645833325 0.038961305555555555
5 0.6719661458333335 0.15889212962962962 0.05165833333333332 0.04373240740740743
3 0.705175 0.2171061574074074 0.054117708333333306 0.14438931481481482
3 0.7361224713541666 0.16785932407407408 0.03978492187499991 0.07244431481481478
1 0.7833225598958333 0.2774758611111111 0.06609824479166673 0.1817739444444444
3 0.4847993177083333 0.17709578703703707 0.04250289583333332 0.07556111111111108
1 0.30862840364583344 0.17256641203703707 0.05102340104166666 0.08407087962962963
3 0.9069067604166666 0.5519910694444444 0.13502497916666661 0.28761045370370364
