2 0.15497446614583332 0.3709912037037037 0.062317734374999996 0.07726018518518518
2 0.15989435416666667 0.5349851851851852 0.06559775 0.1370259259259259
1 0.29149947916666663 0.3498541666666667 0.056578125 0.23323611111111112
1 0.4354046875 0.3381926157407407 0.057397916666666667 0.11661847222222223
3 0.51576171875 0.3855276435185185 0.07707760416666667 0.1354867685185185
3 0.3878796588541667 0.14790129166666666 0.04807918229166666 0.06571408333333333
3 0.44192171614583337 0.1255806111111111 0.043285994791666664 0.060895740740740736
3 0.6440872395833332 0.11129314814814815 0.025419270833333334 0.057297037037037035
3 0.35498479166666663 0.13384956018518518 0.029245020833333336 0.05530973148148148
3 0.6100711927083332 0.2427111111111111 0.05906321875 0.07725925925925926
3 0.5231268854166666 0.1649440462962963 0.03525833333333333 0.062188981481481484
4 0.8027513854166667 0.19241944444444445 0.04263854166666667 0.06705555555555556
5 0.6740161458333332 0.1579130138888889 0.047558333333333334 0.044688990740740744
1 0.48337291666666665 0.30758009259259256 0.04673854166666667 0.1078712962962963
3 0.7329922552083333 0.16884154166666665 0.04355641666666667 0.06777158333333333
1 0.7510933828125 0.15730394444444445 0.03115906770833333 0.06903266666666666
3 0.25829088802083333 0.5736152037037037 0.09511647395833332 0.1588922222222222
1 0.09133594791666667 0.582975925925926 0.0684010625 0.1473537037037037
3 0.07805781249999999 0.48712453240740744 0.07725312499999999 0.13018612037037036
1 0.06317072395833333 0.4198855277777778 0.061963760416666666 0.09585116666666667
3 0.33395933593750005 0.2546494398148148 0.04667403645833333 0.07439186111111111
2 0.3841869791666666 0.22609166666666664 0.05512083333333333 0.09327037037037036
1 0.4758338255208333 0.17532479629629627 0.04715171354166667 0.09090885185185185
1 0.6252583333333332 0.12101574074074074 0.04848020833333333 0.0672962962962963
1 0.3397401328125 0.1609514722222222 0.04106765104166667 0.06968998148148148
1 0.31236171875 0.148783125 0.032355729166666666 0.05862819444444444
1 0.37209609374999997 0.11283194907407407 0.026133854166666668 0.06858425
4 0.40196328124999997 0.11338514351851851 0.026133854166666668 0.04756675
1 0.5849002604166667 0.10287638888888889 0.042311979166666666 0.059734259259259265
3 0.7152586770833333 0.2140485416666667 0.06284547916666666 0.1515489351851852
