5 0.15702447916666668 0.4615956666666667 0.051658333333333334 0.08485085185185184
2 0.09183664322916667 0.5721574351851851 0.07543713020833334 0.12682216666666665
3 0.19187318229166667 0.6370263888888889 0.07379738541666667 0.1341101851851852
1 0.37113740885416663 0.11934628703703704 0.028051505208333334 0.06170142592592593
3 0.3033102838541667 0.17371630092592594 0.034280984375000004 0.07530871296296296
1 0.3460276041666666 0.16034953703703705 0.044278124999999995 0.06413981481481482
3 0.3851641197916667 0.15014583333333334 0.03235428125 0.05830833333333333
4 0.2763302083333333 0.30466481481481483 0.044278124999999995 0.16618148148148149
3 0.32470859375 0.25 0.0409984375 0.08892037037037037
3 0.456708625 0.19241944444444442 0.05083802083333333 0.07580185185185186
3 0.5223213541666667 0.16836712962962963 0.04263854166666667 0.06268240740740741
3 0.32962838802083333 0.3411078703703703 0.044278640625 0.1341101851851852
3 0.38620625 0.28061250000000004 0.052478125 0.080175
3 0.5153515624999999 0.22230324074074076 0.056578125 0.07434351851851852
3 0.3825161458333334 0.42565589351851846 0.07625729166666666 0.25655993518518516
1 0.4354046875 0.3381925925925926 0.052478125 0.11661851851851851
5 0.4870625 0.30583897685185185 0.047558333333333334 0.06357239814814815
3 0.5358509401041667 0.2784259259259259 0.058217911458333334 0.09329444444444444
3 0.5776695312500001 0.2594752777777778 0.05493802083333333 0.08163277777777778
3 0.6223578958333333 0.23396512962962965 0.045918229166666664 0.07725925925925926
3 0.4854228020833334 0.38848398148148144 0.06723772916666666 0.15014574074074075
3 0.5697980390624999 0.09985416666666667 0.027715869791666667 0.06268240740740741
3 0.6226900520833333 0.1202625 0.04166239583333333 0.06268240740740741
5 0.6474043619791666 0.12105133333333332 0.029017692708333334 0.03667174074074074
5 0.6748359374999999 0.15816342592592592 0.04919791666666666 0.03935833333333333
3 0.7072249999999999 0.22028351851851852 0.05329791666666666 0.13727662962962964
3 0.7355140625 0.17055386111111112 0.04263854166666667 0.06705524074074073
1 0.7572594036458333 0.16912505092592592 0.03484513020833333 0.046705657407407404
1 0.7833932526041667 0.27931075925925924 0.06720132812499999 0.18252892592592593
1 0.1541041953125 0.3540771527777778 0.055525984375 0.10157347222222222
1 0.4811466640625 0.17532462037037036 0.04449521354166666 0.07910261111111111
3 0.9072178776041666 0.5530975509259259 0.13564721354166667 0.28982341666666667
