2 0.14841532291666668 0.36661805555555554 0.04919939583333333 0.07434351851851852
1 0.10290625 0.3941344583333333 0.036898958333333336 0.09585117592592593
3 0.06313776041666667 0.41180787037037037 0.037718229166666666 0.08892129629629629
5 0.15620442708333335 0.4635569444444444 0.051657812500000004 0.099125
2 0.08199713541666667 0.585277037037037 0.0705171875 0.12099111111111112
3 0.193103125 0.6348398148148148 0.07625729166666666 0.14431481481481484
3 0.2615705911458333 0.5604958333333333 0.10331610937499999 0.12973796296296294
1 0.344175421875 0.1632652777777778 0.04017864583333333 0.06413981481481482
3 0.3894861979166667 0.14609174537037037 0.04427864583333333 0.06209499074074074
4 0.27879010416666666 0.30830910648148147 0.04919791666666666 0.16180771296296295
4 0.3214283854166667 0.2514578703703704 0.0409984375 0.08892129629629629
2 0.3886661458333333 0.2244898148148148 0.05083854166666667 0.08746296296296295
3 0.43991432291666666 0.19096203703703704 0.0368984375 0.08163333333333334
3 0.38169635416666664 0.43221574074074076 0.077896875 0.26384814814814816
1 0.4333546067708333 0.3338189814814815 0.056577963541666665 0.11370277777777778
3 0.4899113854166667 0.30612268518518515 0.0630956875 0.099125
3 0.48378285937500004 0.3862973796296296 0.07051761458333333 0.15160349999999997
5 0.6723760416666666 0.1610787037037037 0.047558333333333334 0.042274074074074075
5 0.6465471093749999 0.1217805 0.030339114583333333 0.03340751851851852
3 0.6230221067708333 0.12099120370370371 0.04232650520833334 0.061225
1 0.5737437838541666 0.1034292037037037 0.03724694270833333 0.06747787037037037
3 0.34082942708333336 0.3372273148148148 0.054322395833333335 0.1573212962962963
3 0.39028975260416665 0.2839768796296296 0.06437778645833334 0.08154461111111111
3 0.34938461197916665 0.13274335648148147 0.035467234375 0.0486725462962963
2 0.31173947135416663 0.14822988425925923 0.031111682291666668 0.05752171296296296
1 0.3717851302083333 0.11836292129629629 0.028000572916666668 0.057522305555555556
4 0.40071901041666663 0.11227916666666668 0.027378645833333333 0.04314166666666667
1 0.7093471354166667 0.21460175 0.0622234375 0.14380535185185184
