3 0.16030420312499996 0.34548127777777776 0.04345826041666667 0.08454855555555549
1 0.10372632552083333 0.38519009259259257 0.04017859895833333 0.1008522962962963
1 0.059150393229166674 0.4220115740740741 0.055532546874999984 0.09766759259259264
3 0.07051744791666667 0.48615138888888887 0.06067760416666667 0.12390648148148145
2 0.08568697916666666 0.5779884259259259 0.06969791666666666 0.13265277777777776
3 0.18941327083333334 0.6217200555555555 0.07871720833333334 0.1559765555555557
3 0.3512513828125 0.13108407407407408 0.030489494791666634 0.049778759259259245
1 0.37308671874999993 0.1160535185185185 0.02623906249999995 0.05732827777777778
4 0.4011798776041667 0.11322032407407408 0.025811078125000067 0.045683240740740746
1 0.33878669270833334 0.15981591666666664 0.03924077083333331 0.07184422222222218
3 0.38740715625 0.14684672685185188 0.0483786458333333 0.056967787037037025
3 0.2898596354166667 0.3549560185185186 0.05493802083333333 0.23177870370370368
3 0.3341380208333334 0.25510212962962964 0.051658333333333376 0.07288648148148151
3 0.37554665625 0.22011666666666663 0.040998520833333295 0.08746296296296295
3 0.44934401041666666 0.19023287037037037 0.049198437500000004 0.080175
3 0.3896609375000001 0.29060342129629624 0.03736908333333329 0.07476908333333333
1 0.4323815364583333 0.3352768518518519 0.05360427083333334 0.12536481481481476
3 0.48952435416666673 0.306851337962963 0.05904141666666665 0.09766769444444444
3 0.6144520338541668 0.23194174074074073 0.06782490104166676 0.0900517037037037
2 0.49892927083333327 0.4119348703703704 0.07457136458333331 0.11670462962962957
2 0.5633200781250001 0.35714288888888895 0.06559744791666677 0.09620985185185184
3 0.7700868593750002 0.26921664351851854 0.05274663541666662 0.16675187962962956
1 0.7520711015624999 0.15785704166666667 0.03402151562500014 0.06792647222222223
3 0.7062606927083334 0.2142162314814815 0.04972971875000003 0.14524662962962964
5 0.6744260416666668 0.1539870324074074 0.05165833333333344 0.04187963888888891
3 0.6555735494791667 0.12077456944444444 0.03699340104166661 0.043202027777777784
2 0.15128749479166667 0.5271814814814815 0.053111468749999995 0.15879814814814816
1 0.3114283541666667 0.1465705925925926 0.031733916666666674 0.060840296296296274
1 0.5827225755208334 0.10121666666666666 0.039200682291666546 0.06305370370370371
3 0.7348591145833333 0.1681416666666667 0.04231197916666669 0.06637222222222221
