1 0.10577604166666667 0.37879298148148144 0.04263854166666666 0.11380914814814816
5 0.15538463541666667 0.46224305555555545 0.05493802083333333 0.08900685185185182
2 0.08937682291666667 0.5874634259259258 0.07379739583333332 0.1311953703703703
3 0.19023307291666666 0.6333819444444444 0.07379739583333335 0.12390648148148134
1 0.30643597656249993 0.17409364814814815 0.04545216145833333 0.08048818518518518
1 0.34397786458333335 0.16180740740740743 0.03525885416666661 0.06122407407407411
1 0.3705996927083334 0.11809030092592591 0.026638000000000044 0.06361423148148147
3 0.38619625 0.14591613888888888 0.032778958333333344 0.0551066111111111
4 0.2763302083333333 0.30320694444444446 0.044278124999999946 0.16326574074074074
3 0.32470859374999994 0.24781342592592595 0.04099843749999999 0.09037870370370366
3 0.45587323958333326 0.18950462962962966 0.05083802083333335 0.07580185185185187
3 0.48419270833333333 0.17419814814814816 0.04181874999999995 0.06851296296296294
3 0.5223213541666667 0.163994125 0.039358333333333384 0.06268212037037037
3 0.32880833333333326 0.33819259259259266 0.04263854166666672 0.1341111111111111
3 0.3862062499999999 0.2784254629629629 0.050838541666666674 0.08163240740740736
3 0.37964635416666664 0.43148657407407404 0.07543750000000007 0.259475
1 0.43389764322916663 0.33381944444444445 0.05602445312500007 0.12536481481481476
5 0.48542291666666665 0.3079849027777778 0.05247812499999996 0.06786424999999999
3 0.5370809895833334 0.2755101851851851 0.06559739583333334 0.10204074074074075
3 0.5178114583333333 0.22084583333333335 0.05821770833333335 0.0714287037037037
3 0.5760294270833335 0.26209553703703703 0.05493802083333345 0.08805399999999998
3 0.6215377604166666 0.23469398148148152 0.04427864583333327 0.08163240740740745
3 0.48542291666666676 0.3884837962962963 0.06723750000000006 0.15597685185185184
3 0.5682569739583333 0.10175043518518517 0.0295535312499999 0.06190794444444447
3 0.6224459609374999 0.12099120370370371 0.04152710937500004 0.06122499999999999
5 0.6465471354166666 0.12119018055555557 0.03033906249999999 0.03458815740740742
5 0.6748359374999999 0.15889212962962962 0.0524781249999999 0.03790092592592592
3 0.7069474244791666 0.2174356898148148 0.052306869791666696 0.1401646574074074
3 0.7361223723958333 0.16763827777777782 0.042274057291666625 0.06705555555555555
1 0.7568456822916666 0.16758849537037038 0.032773218750000055 0.049778768518518535
1 0.7830114427083334 0.2781789398148148 0.06547601041666672 0.18258017592592587
2 0.3722328125 0.21782731481481482 0.04051041666666665 0.1097990740740741
3 0.9075289140625 0.5525443101851852 0.137514078125 0.28871693518518526
