3 0.15456458333333334 0.35860046296296294 0.051658333333333334 0.08746388888888888
1 0.10413619791666667 0.38604076851851854 0.045918229166666664 0.10541487037037037
5 0.15497447916666665 0.4673314722222222 0.052478125 0.08773875925925925
2 0.09183664322916667 0.5699706435185186 0.07543713020833334 0.1603494537037037
3 0.19105312239583333 0.6319242962962962 0.07707708854166667 0.13265325925925928
3 0.30461927083333334 0.17673639814814812 0.03361875 0.07580185185185186
1 0.34069791666666666 0.16399398148148148 0.036898958333333336 0.06559722222222222
3 0.37888629947916663 0.14680483333333333 0.036198640625 0.06037262962962962
4 0.27674036458333334 0.30466481481481483 0.050018229166666664 0.17201111111111111
3 0.32265859375 0.2529152777777778 0.041818229166666665 0.08892129629629629
2 0.38825598958333335 0.2244898148148148 0.050018229166666664 0.08746296296296295
3 0.45754374999999997 0.1938777777777778 0.05083854166666667 0.07580185185185186
3 0.5206815104166667 0.16763842592592593 0.039358854166666665 0.06705462962962963
3 0.3288084244791667 0.339650462962963 0.04099877604166667 0.13119537037037038
3 0.386387 0.2862981759259259 0.05126033333333333 0.0861872037037037
3 0.38456640625 0.43513101851851854 0.08199739583333333 0.2609324074074074
5 0.4862427083333333 0.3083092592592592 0.05083854166666667 0.06851296296296296
3 0.5157617291666666 0.22303194444444444 0.054118208333333334 0.07288611111111111
3 0.5350308776041667 0.2791543472222222 0.061497619791666666 0.08892093518518518
3 0.5768494791666666 0.2558310185185185 0.05821770833333333 0.080175
3 0.6231778880208334 0.23469351851851852 0.045918276041666664 0.07580185185185186
3 0.4846028307291667 0.38775495833333334 0.06887767187499999 0.14577287962962962
3 0.6260476953125 0.12171990740740739 0.05001830729166667 0.06559722222222222
5 0.6477770833333333 0.12105133333333332 0.027879166666666667 0.031949185185185185
5 0.6748359374999999 0.15816342592592592 0.047558333333333334 0.03935833333333333
3 0.7072408098958333 0.21748974537037039 0.05332953645833333 0.14313399074074074
3 0.7342838541666666 0.1687704351851852 0.043458333333333335 0.06559814814814816
1 0.7593057031249999 0.16620978703703704 0.037693260416666666 0.052536185185185186
1 0.48181075 0.1782760925925926 0.04449516666666666 0.08028300000000001
3 0.43991979166666667 0.12389387037037036 0.038578125 0.05973518518518518
1 0.30645043229166663 0.1388272592592593 0.032978302083333334 0.06968992592592592
1 0.7824598802083333 0.27876090277777776 0.06657913541666667 0.18141625
3 0.9069068411458334 0.5525444444444445 0.13378034895833332 0.2887166666666667
