3 0.09921640625 0.3688047731481482 0.05083802083333333 0.10787193518518519
2 0.09388645833333334 0.5809037037037037 0.0713375 0.11807592592592593
3 0.19269296875 0.637026162037037 0.06887760416666668 0.1341106388888889
1 0.3433056328125 0.16261062037037038 0.03824290104166667 0.06637168518518519
1 0.37045448177083334 0.11864339814814813 0.026583744791666666 0.06250803703703703
3 0.39112604166666665 0.14577268518518519 0.04263854166666667 0.05830833333333333
4 0.27756015624999997 0.3083087962962963 0.0450984375 0.15597685185185187
2 0.3874361979166666 0.2244898148148148 0.051657812500000004 0.08746296296296295
3 0.43659820312500003 0.19416468518518518 0.04189109375 0.08512196296296295
3 0.3886661458333333 0.28571435185185184 0.057397916666666667 0.07871759259259259
3 0.38210625 0.4307578703703704 0.0754375 0.2580175925925926
1 0.43499444010416666 0.3279884212962963 0.048378463541666666 0.11370278703703704
1 0.4911413333333333 0.30685138888888885 0.06063579166666667 0.09766759259259258
3 0.48542265625000003 0.3884842592592593 0.06887760416666668 0.15306111111111112
3 0.6215377604166666 0.2354226851851852 0.04427864583333333 0.07726018518518518
3 0.6232760598958332 0.1202625 0.04447503645833333 0.06559722222222222
5 0.6466621510416667 0.12026203703703704 0.030189708333333332 0.03352777777777778
5 0.67319609375 0.15889212962962962 0.0491984375 0.04373240740740741
3 0.7059950520833334 0.21622719907407406 0.05411822916666666 0.14263139814814815
1 0.7830114427083334 0.279314162037037 0.06547601041666666 0.1803097314814815
3 0.26113203125 0.5429185740740741 0.10219947916666668 0.1473535925925926
5 0.15611588541666668 0.46781157407407403 0.057940104166666666 0.11158796296296296
3 0.5773948906249999 0.2531154398148148 0.06308417708333333 0.10436171296296297
3 0.3355725338541667 0.3325546296296296 0.054322640625 0.16355185185185184
1 0.57494453125 0.10287600925925926 0.038578645833333335 0.06415909259259259
3 0.7348588541666667 0.1681416666666667 0.04355625 0.06637222222222222
3 0.900482765625 0.6030042592592593 0.14163103125 0.3190271111111111
