3 0.15333454947916667 0.35860046296296294 0.050838192708333334 0.0874638888888889
1 0.10454609375 0.3908852916666667 0.04017864583333333 0.0950753055555555
3 0.05821796875 0.4220115740740741 0.055757812500000004 0.08892129629629632
2 0.09306666666666664 0.5758018518518518 0.06477812499999998 0.14285740740740746
3 0.1939231015625 0.6290085555555553 0.07461733854166669 0.1268217777777778
3 0.35203143489583333 0.13035660648148148 0.027071723958333394 0.05053621296296296
1 0.3713733125 0.11788887962962961 0.029665874999999946 0.0632113888888889
4 0.4008687604166667 0.11240953703703703 0.026433312500000028 0.04340314814814812
3 0.38799321875000004 0.1498893796296296 0.047852062499999924 0.06084070370370369
3 0.4415544270833333 0.12668680555555556 0.04509843749999997 0.058683351851851855
3 0.2783802083333333 0.3002916666666667 0.04345833333333339 0.1690962962962963
4 0.32183854166666664 0.2521866481481482 0.036898958333333336 0.096210037037037
3 0.5226705572916667 0.16589998611111112 0.038591406249999946 0.06410086111111113
3 0.49238661197916667 0.3053935185185185 0.05492634895833331 0.10349814814814821
5 0.5862791666666669 0.27186566203703705 0.05083854166666661 0.0451890462962963
1 0.7703625 0.2694696944444444 0.05165833333333332 0.16725798148148152
1 0.7541591848958333 0.15962083333333332 0.034867046875000085 0.0714287037037037
5 0.6719661458333334 0.15401428703703704 0.04673854166666658 0.04765661111111115
5 0.647820953125 0.12435841666666665 0.031247114583333277 0.03352777777777781
3 0.6221239531249999 0.12097916666666667 0.04412281249999997 0.06250142592592596
3 0.569486921875 0.09953804629629628 0.02709363541666659 0.05748316666666669
3 0.25912002083333335 0.5336194027777778 0.08369114583333337 0.1831186203703704
3 0.6141940286458334 0.22663564814814813 0.059579651041666654 0.09190092592592591
3 0.45360895833333337 0.18860628703703705 0.04853429166666666 0.08296442592592594
1 0.48214284895833337 0.1729634305555556 0.04117471875000002 0.0791027685185185
1 0.31173947135416663 0.1482298842592592 0.031111682291666713 0.05752171296296298
3 0.7165028645833333 0.21294225925925928 0.0640901041666666 0.1493358518518519
1 0.7398369479166667 0.17090704166666665 0.04480110416666676 0.07190258333333333
