3 0.153334375 0.3549560185185185 0.05247812499999997 0.080175
1 0.10413619791666667 0.388037462962963 0.03935885416666667 0.09510211111111112
3 0.059857921875000004 0.42274031018518515 0.05575811458333334 0.09912493518518514
3 0.19269315364583328 0.6297377222222221 0.07215744270833335 0.12828011111111118
3 0.26854039062499996 0.5670553796296296 0.09265682291666663 0.145772574074074
3 0.3524732447916667 0.1330302685185185 0.02929023958333327 0.05393518518518518
4 0.4004586041666667 0.11276075 0.025613000000000004 0.04853035185185187
1 0.3708643776041667 0.11751138888888887 0.027403536458333377 0.06024401851851852
3 0.38784635416666663 0.14903963888888888 0.04755833333333334 0.06122499999999999
3 0.44129948177083345 0.12741550925925924 0.04328599479166666 0.05792837037037036
3 0.5227986380208333 0.1677095324074074 0.038335244791666764 0.06108278703703702
1 0.4833728255208333 0.3090377546296296 0.048378307291666665 0.10495597222222215
3 0.5764395833333334 0.2572431574074074 0.05083854166666661 0.07523398148148149
3 0.6187087578125 0.22990503703703702 0.04529276562499997 0.07974777777777772
1 0.771726703125 0.2686635462962963 0.049466947916666726 0.1656456851851852
1 0.7527330729166669 0.15964664814814813 0.03607864583333331 0.06997037037037035
3 0.7073322760416667 0.13020586574074075 0.0338333020833332 0.06870930555555553
5 0.6731450052083333 0.15670555555555554 0.0490962604166666 0.04227407407407408
5 0.6481530078125 0.12587641666666666 0.031911223958333325 0.0368767962962963
3 0.6228661640625002 0.12026249999999997 0.04529482812500009 0.06268240740740738
3 0.5709672942708333 0.09989945833333333 0.030623744791666616 0.06568780555555558
3 0.3775966145833333 0.4023324074074074 0.06805781249999997 0.22740555555555556
3 0.4554757812499999 0.19247777777777778 0.05102343750000002 0.08407037037037042
2 0.3136059895833333 0.1460175277777778 0.026133854166666737 0.05530938888888887
1 0.7165029583333333 0.21238930555555555 0.06035658333333333 0.15265472222222218
1 0.7417034713541668 0.16980070370370373 0.04231180729166664 0.07190229629629627
