2 0.15538437500000002 0.3680759259259259 0.061497916666666666 0.06559814814814816
2 0.15743440625 0.530612 0.05903790625 0.1428574074074074
3 0.19474296875 0.6311954305555555 0.07461718749999999 0.1370260462962963
3 0.2902695546875 0.3505828703703704 0.055757765625000004 0.2317787037037037
1 0.4337646588541667 0.3396503425925926 0.055758182291666666 0.11370301851851852
1 0.48804627604166667 0.30661135185185184 0.05871057291666667 0.10106248148148149
3 0.5152712213541667 0.38645633333333335 0.089537765625 0.14609044444444444
3 0.6087848697916666 0.23760925925925924 0.05813119791666667 0.08454814814814815
3 0.5224030026041667 0.16529525925925928 0.035393109374999995 0.06289140740740741
3 0.44114427083333335 0.12590600925925927 0.040998958333333335 0.05933414814814814
3 0.38725742447916667 0.14865581018518517 0.04683471354166667 0.058373564814814816
3 0.6434197057291666 0.11078703703703703 0.026361255208333333 0.058309259259259255
5 0.6731958958333333 0.15576707870370374 0.05083802083333333 0.04039717592592593
4 0.8069619921875 0.20327873148148146 0.041219817708333335 0.05699994444444444
3 0.7335492760416666 0.1690962962962963 0.04119790625 0.06997037037037036
3 0.38005651041666666 0.22376064814814814 0.051657812500000004 0.08892129629629629
2 0.09060677083333332 0.5801745370370371 0.06805729166666666 0.14868796296296297
3 0.3546365442708333 0.13294664351851854 0.028697046875 0.055716287037037036
1 0.33939440625 0.16074650462962964 0.039269812499999994 0.06928062037037037
3 0.07282708333333333 0.48783981481481475 0.06357291666666667 0.12875555555555557
1 0.06397542708333333 0.42060080555555557 0.06196372916666667 0.09728172222222223
3 0.33194765625 0.2510729907407407 0.04908802083333333 0.07296142592592592
1 0.45111997135416665 0.19303101851851853 0.057245473958333334 0.09181388888888889
1 0.6232658854166666 0.12101527777777776 0.0471515625 0.06257314814814814
1 0.31142843489583333 0.14712400925925928 0.032978546875 0.05752235185185185
1 0.3720961666666666 0.11449127314814815 0.026133708333333335 0.058628564814814814
4 0.4011419348958334 0.11490106944444443 0.026532796875 0.050598435185185184
1 0.5836559895833332 0.10066342592592592 0.039823437499999996 0.059734259259259265
3 0.7005097734374999 0.12732453703703706 0.03782211979166667 0.06294722222222222
3 0.7099695416666666 0.21570794444444447 0.058490125 0.14601774074074075
2 0.7715707500000001 0.26161527777777777 0.05724566666666667 0.18031018518518518
