1 0.10782604166666668 0.3884841712962963 0.043458333333333335 0.10058350925925925
5 0.15538437500000002 0.4660094722222222 0.048378125 0.09367846296296296
2 0.09224661458333333 0.5699708333333333 0.07789739583333333 0.16618055555555555
3 0.191053125 0.6311953703703704 0.0754375 0.1370259259259259
3 0.30404059895833335 0.1737161574074074 0.03313651041666667 0.07530842592592593
1 0.34315781250000005 0.16035 0.03361875 0.06122407407407408
3 0.37841640625000006 0.14647603703703704 0.035258854166666666 0.06413981481481482
3 0.43992884374999996 0.12447441666666666 0.039358333333333335 0.058683351851851855
4 0.2775600651041667 0.30466481481481483 0.046738203125 0.1690962962962963
3 0.32429843750000004 0.24854212962962963 0.043458333333333335 0.08892129629629629
2 0.38841203645833333 0.22803173148148148 0.051658125 0.08163333333333334
3 0.45672369791666667 0.1946064814814815 0.05083802083333333 0.07434444444444445
3 0.5219114583333333 0.16618101851851852 0.04181875 0.06413981481481482
3 0.3308583333333333 0.33892129629629625 0.04181875 0.12973703703703704
3 0.38827789583333333 0.28565983333333334 0.055525750000000006 0.0816324074074074
3 0.5141218750000001 0.22157453703703703 0.052478125 0.0699712962962963
3 0.38579639062500004 0.4300289907407407 0.08117708333333334 0.250728537037037
1 0.4362244791666666 0.3352773148148148 0.047558333333333334 0.10495648148148147
5 0.48255286458333335 0.30758009259259256 0.04673802083333333 0.0699712962962963
3 0.5354409739583333 0.2791546296296296 0.055757989583333334 0.09475185185185185
3 0.5772596354166667 0.2558310185185185 0.05903802083333333 0.080175
3 0.62276796875 0.2368800925925926 0.050018229166666664 0.080175
3 0.48516207812499995 0.39067037037037033 0.06611855208333334 0.1516037037037037
3 0.6244077552083332 0.12099120370370371 0.04673842708333333 0.06705462962962963
5 0.6477770833333333 0.12099120370370371 0.02951875 0.03206944444444444
5 0.6744260416666668 0.15670555555555554 0.051658333333333334 0.042274074074074075
3 0.7084549479166667 0.21956821296296297 0.05083802083333333 0.13870724074074076
3 0.7346459244791668 0.169825 0.04437481770833333 0.06851296296296296
1 0.7621901119791666 0.16690957407407406 0.038484203125 0.04810487037037037
3 0.15893230729166669 0.35908462037037037 0.05874482291666667 0.10586594444444446
1 0.4834709739583333 0.17945711111111112 0.043830968750000004 0.08264503703703704
1 0.30738376562499997 0.1388275833333333 0.03484496875 0.06747816666666666
1 0.7824599609375 0.28097325925925926 0.06533450520833334 0.17920392592592593
3 0.9072179583333334 0.5530974074074074 0.13440258333333333 0.2876107407407407
