2 0.15538463541666667 0.3693175324074074 0.05985781250000001 0.07769086111111113
2 0.160304421875 0.5320697731481482 0.06805782291666668 0.14285674999999998
3 0.1926930546875 0.6377553287037036 0.07871701562499998 0.1355680648148148
3 0.29190963541666665 0.3483962962962963 0.055757812499999976 0.22740555555555556
3 0.5174018229166666 0.3892718518518518 0.07871718749999997 0.13422888888888881
1 0.43663454166666665 0.340378888888889 0.05985799999999995 0.11807555555555564
3 0.387370984375 0.14900748611111111 0.04660759375 0.06350169444444442
3 0.4417665052083333 0.12723990277777775 0.044278124999999946 0.05757715740740739
3 0.6080083333333335 0.23833796296296295 0.05821770833333335 0.08309074074074077
3 0.5233218333333334 0.16703539814814816 0.03479991666666666 0.06194690740740738
3 0.6449240364583333 0.11129314814814817 0.02538526041666671 0.057297037037037056
5 0.6732002317708333 0.1566523611111111 0.049190161458333395 0.05007153703703706
4 0.8031614583333333 0.19533518518518517 0.036898958333333336 0.06997037037037035
1 0.7514633880208332 0.15800683333333332 0.03274800520833333 0.06822605555555554
3 0.3542119869791667 0.13274336574074075 0.02954616145833331 0.055309731481481494
3 0.26198056770833333 0.5838192870370371 0.09757676041666663 0.17055401851851854
2 0.08773697916666666 0.5765305555555555 0.07215729166666665 0.14722962962962957
1 0.6222798958333333 0.11962382407407408 0.042482708333333244 0.06687457407407407
1 0.3398190833333333 0.16147520833333337 0.040909395833333306 0.0729504166666667
3 0.07443671874999999 0.4835481481481481 0.0700109375 0.1258944444444444
1 0.06317072395833331 0.42203136111111106 0.06196376041666665 0.1001428333333333
1 0.48524687499999997 0.3140203703703704 0.053111458333333354 0.11301851851851852
3 0.3323498932291667 0.2517882962962963 0.049892921875000044 0.07153081481481482
2 0.38418697916666666 0.22727314814814814 0.05379270833333341 0.09327037037037034
1 0.4738415364583333 0.17827639351851857 0.04980807291666665 0.08972869444444442
1 0.31080611979166667 0.1482300277777778 0.032978385416666596 0.059734388888888885
1 0.37334088541666666 0.11559729166666667 0.02613385416666668 0.06084060185185182
4 0.40227447916666664 0.11393806481481482 0.025511458333333317 0.05088498148148148
1 0.5861450520833333 0.1006634259259259 0.04231197916666669 0.061947222222222216
3 0.7146364583333332 0.21404888425925928 0.06533437499999989 0.15376149074074075
3 0.7329922786458333 0.16980091203703704 0.04106752604166661 0.060840768518518475
