2 0.10782604166666668 0.3768222222222222 0.05329791666666666 0.10349814814814816
5 0.1545643229166667 0.4609072685185185 0.05493802083333333 0.08919651851851852
2 0.09265677083333333 0.5852773148148148 0.0754375 0.12390648148148146
3 0.19228316666666664 0.6341108842592592 0.07297741666666666 0.12828008333333332
1 0.3065004947916667 0.17201157407407408 0.0409984375 0.0816324074074074
1 0.34479791666666665 0.16253657407407404 0.03853854166666667 0.06559722222222222
3 0.38456640625 0.1486397314814815 0.03607864583333333 0.06112761111111111
4 0.2783799479166667 0.30320694444444446 0.0450984375 0.16034907407407406
3 0.32634843750000003 0.24708425925925925 0.040998958333333335 0.08600555555555556
2 0.3890760416666667 0.22667638888888889 0.05329791666666666 0.080175
3 0.3292182291666667 0.33746388888888884 0.043458333333333335 0.12682222222222223
3 0.3874361979166666 0.28571435185185184 0.05493802083333333 0.0816324074074074
3 0.38251640625 0.43148657407407404 0.07133697916666668 0.259475
1 0.4355377473958333 0.3250726851851852 0.052744244791666665 0.11370277777777778
3 0.459030296875 0.19096203703703704 0.04889184375 0.07871666666666666
3 0.5217953411458334 0.16618101851851852 0.041586307291666666 0.06413981481481482
3 0.5145317708333333 0.22303194444444444 0.051658333333333334 0.07288611111111111
3 0.4850128411458333 0.3010204861111111 0.05329827604166667 0.10349837962962963
3 0.4854229166666667 0.38775509259259255 0.0672375 0.15451944444444443
3 0.53667109375 0.2762388888888889 0.0598578125 0.08600555555555556
3 0.5768494791666666 0.2609328703703704 0.05329791666666666 0.0816324074074074
3 0.6223578125000001 0.23104953703703704 0.04591875 0.07726018518518518
3 0.5691903255208334 0.10137340740740741 0.031420234375 0.06336627777777779
3 0.6219479166666666 0.1224486111111111 0.040178124999999995 0.06413981481481482
5 0.6474077864583333 0.12309952314814815 0.0303390625 0.036045564814814815
5 0.67319609375 0.15743425925925925 0.0491984375 0.04081666666666667
3 0.7065450624999999 0.21595103703703705 0.05472103125 0.14005657407407407
1 0.7830114427083334 0.27931075925925924 0.06547601041666666 0.18252892592592593
3 0.7345479166666667 0.16648232870370372 0.042934375 0.06747793518518519
3 0.9081513020833334 0.5530976851851852 0.13626927083333334 0.28982314814814814
