3 0.15128463541666667 0.35276987499999996 0.054938020833333316 0.08746395370370376
1 0.10413619791666667 0.3858781481481481 0.03935885416666667 0.09078348148148152
1 0.05944791666666668 0.419825 0.05657812500000001 0.08746296296296299
3 0.07215755208333334 0.48396481481481485 0.06559739583333332 0.12827962962962972
2 0.08609687499999999 0.5750731481481481 0.07051770833333332 0.1355685185185185
3 0.19269322916666667 0.629737578703704 0.07215729166666668 0.12244891666666664
3 0.2664906510416667 0.5816325648148148 0.09675630208333329 0.16034968518518503
3 0.35263914843749994 0.13385125925925925 0.027042682291666627 0.053100740740740726
1 0.37185677083333335 0.11846779166666666 0.02869895833333338 0.06436921296296294
4 0.40052668750000003 0.11213994444444444 0.025418750000000045 0.045631611111111095
1 0.33901355208333334 0.16034319907407404 0.04376492708333331 0.07289878703703705
3 0.38825598958333335 0.1479592592592593 0.04509843749999997 0.05976666666666668
3 0.28985963541666665 0.34402325925925925 0.05001822916666668 0.22448981481481486
3 0.3329083333333333 0.2529153981481482 0.0475583333333334 0.07142846296296297
3 0.45508385416666663 0.18950420833333337 0.04263854166666672 0.08163232407407406
3 0.3778165234375 0.2697375416666667 0.04747853645833331 0.10170684259259259
1 0.43335468749999995 0.3272596388888889 0.051658333333333376 0.11516001851851856
1 0.49155902343749996 0.3039360462962963 0.0581909635416667 0.10058346296296294
3 0.6149181041666665 0.23267090740740745 0.07039743750000002 0.09151003703703706
2 0.49985397135416665 0.3933021759259259 0.06571261979166666 0.1542055925925926
2 0.5563502864583332 0.36224470370370365 0.07953703124999988 0.11807540740740739
1 0.7703625130208333 0.26836350000000003 0.05165835937499992 0.16725798148148152
1 0.8093085885416667 0.19619172685185185 0.03777109375000005 0.07158699074074078
1 0.7543622213541668 0.15597005092592592 0.03441715104166659 0.06857726851851853
3 0.7076348958333334 0.12951735648148147 0.03279895833333318 0.07019350925925925
5 0.6751643411458335 0.15524814814814816 0.05149534895833341 0.04227407407407408
3 0.62071796875 0.11880462962962961 0.03935885416666676 0.06559814814814814
2 0.1484711484375 0.5336192916666666 0.06679207812499999 0.14878363888888885
1 0.3772137083333334 0.22373076851851853 0.039846541666666666 0.08854772222222222
1 0.5211212838541667 0.16205772685185185 0.03671159895833333 0.07190306481481486
3 0.64020078125 0.10684768518518518 0.022579687500000035 0.06257314814814816
1 0.4383642317708334 0.12278777777777779 0.03671179687500003 0.06415962962962965
1 0.3142284088541666 0.1493360787037037 0.02613380729166668 0.05530932407407407
1 0.5830335937500001 0.10011064814814816 0.03857864583333317 0.06526574074074072
1 0.7413923541666667 0.16648240740740738 0.042934041666666665 0.06969074074074073
