3 0.15661423958333334 0.3520408009259259 0.047558333333333334 0.07142860185185185
1 0.10536640625 0.39095320370370373 0.035258854166666666 0.10093359259259259
3 0.059857812499999996 0.4220115740740741 0.05575833333333333 0.09475277777777778
2 0.08814679947916666 0.5743438240740741 0.06805744270833333 0.15160309259259258
3 0.191053125 0.6268222685185185 0.0754375 0.13411101851851853
3 0.2623908020833333 0.5349853611111111 0.08527708333333334 0.14868796296296297
3 0.34767579427083334 0.13151443055555556 0.035783005208333336 0.05063947222222222
1 0.3716844296875 0.11864339814814813 0.029043640625 0.06250803703703703
4 0.40098205989583335 0.1122449074074074 0.022926505208333333 0.04373240740740741
1 0.34568675 0.16605024074074073 0.03788535416666667 0.06440137037037036
3 0.38860093229166665 0.1492089074074074 0.045392166666666664 0.05947975925925926
3 0.4413837395833333 0.1255806111111111 0.04311747916666667 0.058683351851851855
4 0.2746903645833333 0.29956249999999995 0.045918229166666664 0.16763796296296296
4 0.32060859375 0.25239416666666664 0.03607864583333333 0.08704870370370371
3 0.5263342265625001 0.16641119444444444 0.04619769270833333 0.05877053703703704
1 0.4829628411458334 0.31195335185185186 0.04919827604166667 0.10495625925925926
3 0.505921875 0.3884842592592592 0.0754375 0.14431481481481484
1 0.7708078723958333 0.26999697685185187 0.052549078124999996 0.1683125462962963
1 0.7533700885416668 0.16703199537037036 0.041818229166666665 0.055302935185185184
5 0.6736059895833333 0.16035 0.050018229166666664 0.04081666666666667
5 0.6481530078125 0.12428016203703704 0.03191122395833333 0.03368428703703704
3 0.622534109375 0.1202625 0.04463071875 0.06268240740740741
1 0.5735314453125 0.10175043518518519 0.03518268229166666 0.06633272222222222
3 0.5721379375000001 0.25233625925925923 0.06483662500000001 0.0903422962962963
1 0.3117395833333333 0.14601805555555555 0.03235625 0.05309722222222222
3 0.7115251197916667 0.21515464814814814 0.06284559375 0.14491107407407408
1 0.7392145833333333 0.16869444444444445 0.046045833333333334 0.07411481481481481
