3 0.15374461458333333 0.35568518518518516 0.053298270833333335 0.08454814814814815
1 0.10413630989583332 0.3901699861111111 0.03935863020833333 0.09364469444444444
3 0.059037950520833334 0.42419803703703707 0.057398057291666665 0.09620948148148148
3 0.19187317708333335 0.6311953703703704 0.07379739583333333 0.11953333333333334
3 0.2681305859375 0.5677842453703704 0.09511638020833332 0.14431484259259258
3 0.35181909635416664 0.13221778240740742 0.027891515625 0.052046175925925926
1 0.37185677083333335 0.11864339814814813 0.030338541666666666 0.06250803703703703
4 0.39919961197916665 0.11240953703703703 0.028072901041666667 0.04561553703703704
3 0.38825598958333335 0.14757543055555555 0.0450984375 0.06284997222222223
3 0.4414825182291667 0.12703801851851854 0.041675453125 0.054961
4 0.2779700520833333 0.29664722222222223 0.045918229166666664 0.15597592592592593
3 0.5232230546875 0.1647937916666667 0.03873088020833334 0.06188847222222223
3 0.4878828125 0.30247824074074076 0.057397916666666667 0.10058240740740741
3 0.37513671875000004 0.40306111111111115 0.0680578125 0.22303148148148147
3 0.6136485494791667 0.2291265277777778 0.05541318229166667 0.07819075925925927
1 0.7707726562499999 0.268715175925926 0.05083802083333333 0.1701737222222222
1 0.7543622213541668 0.15599586574074076 0.03441715104166666 0.06862889814814814
5 0.6731450052083333 0.15670555555555554 0.04909626041666667 0.042274074074074075
5 0.6495728697916666 0.12390648148148149 0.027879166666666667 0.03498518518518518
3 0.6228661640625001 0.12099120370370371 0.045294828125 0.05830833333333333
3 0.5711096354166666 0.1020762962962963 0.03197864583333333 0.06477205555555555
3 0.3825265625 0.21782766203703702 0.04383125 0.09563171296296297
3 0.45547578124999993 0.19026574074074076 0.051023437500000005 0.08628333333333334
2 0.3132950520833333 0.14767710648148147 0.025511979166666664 0.05641615740740741
1 0.7392145833333333 0.17035416666666667 0.044801041666666666 0.07300833333333334
1 0.5295216458333333 0.2737830046296296 0.051023374999999996 0.11393769444444445
