2 0.14718463541666665 0.36661805555555554 0.050018229166666664 0.06851388888888889
1 0.10331640625 0.3901971388888889 0.039358854166666665 0.09369899999999999
5 0.15176557031250001 0.44606388888888887 0.05889594270833333 0.06705555555555556
2 0.0881469765625 0.573615162037037 0.064777921875 0.12390671296296298
1 0.34602760416666667 0.16253657407407407 0.039358333333333335 0.06268240740740741
3 0.38787965625000004 0.14827831944444445 0.04434577083333333 0.062043361111111105
4 0.27879001302083334 0.30830910648148147 0.04919809895833334 0.16180771296296295
4 0.3197885416666667 0.2514578703703704 0.03443854166666667 0.09183611111111112
3 0.5297274739583333 0.1666549675925926 0.03941119791666667 0.058973657407407405
3 0.49484650781250006 0.31122453703703706 0.05000655729166667 0.10349907407407408
3 0.48460286458333335 0.38556851851851853 0.06559739583333334 0.13848333333333335
5 0.67114609375 0.15816296296296298 0.050018229166666664 0.042274074074074075
5 0.6481869791666667 0.12609305555555556 0.030338541666666666 0.03935833333333333
3 0.6226119505208333 0.12244907407407409 0.04314681770833333 0.06122407407407408
3 0.570731390625 0.10082031018518517 0.029582572916666668 0.06004769444444445
3 0.18589043489583335 0.6223177777777777 0.09012850520833333 0.16022925925925924
2 0.3875072916666667 0.2243208333333333 0.053792708333333335 0.0897287037037037
1 0.49409686458333335 0.17768597685185183 0.04383127083333334 0.06965767592592592
1 0.3108059895833334 0.14657083333333332 0.031733854166666665 0.056415740740740745
3 0.3468958333333333 0.1327435 0.032978125 0.05088522222222222
4 0.4010301380208333 0.11227866203703703 0.025511598958333333 0.04535378703703704
3 0.7127695963541666 0.21294263425925927 0.064090234375 0.14491119444444445
1 0.76814846875 0.26825237500000004 0.050401072916666664 0.17367225
2 0.8839859296874999 0.5937054768518518 0.13116977604166666 0.30615200925925923
