2 0.14841532291666668 0.36661805555555554 0.04919939583333333 0.07434351851851846
1 0.10290625 0.3941344583333333 0.036898958333333336 0.09585117592592593
3 0.06313776041666667 0.41180787037037037 0.03771822916666667 0.08892129629629626
5 0.15620442708333335 0.46355694444444434 0.0516578125 0.09912499999999995
2 0.08199713541666667 0.585277037037037 0.07051718749999998 0.12099111111111109
3 0.193103125 0.6348398148148148 0.07625729166666666 0.14431481481481473
3 0.2615705911458333 0.5604958333333333 0.10331610937500005 0.12973796296296283
1 0.344175421875 0.1632652777777778 0.04017864583333329 0.06413981481481486
3 0.3894861979166667 0.14609174537037037 0.04427864583333327 0.062094990740740756
4 0.27879010416666666 0.30830910648148147 0.049197916666666626 0.16180771296296292
4 0.3214283854166667 0.2514578703703704 0.040998437499999936 0.08892129629629629
2 0.38866614583333337 0.2244898148148148 0.050838541666666674 0.08746296296296295
3 0.43991432291666666 0.19096203703703704 0.03689843750000001 0.08163333333333332
3 0.38169635416666664 0.43221574074074076 0.07789687499999995 0.2638481481481482
1 0.4333546067708333 0.3338189814814815 0.05657796354166666 0.1137027777777778
3 0.4899113854166667 0.30612268518518515 0.06309568749999996 0.099125
3 0.48378285937500004 0.3862973796296296 0.0705176145833334 0.15160349999999997
5 0.6723760416666666 0.1610787037037037 0.04755833333333328 0.04227407407407408
5 0.6465471093749999 0.1217805 0.03033911458333331 0.033407518518518496
3 0.6230221067708333 0.12099120370370371 0.04232650520833327 0.06122499999999999
1 0.5737437838541666 0.1034292037037037 0.037246942708333224 0.06747787037037038
3 0.34082942708333336 0.3372273148148148 0.05432239583333332 0.15732129629629632
3 0.39028975260416665 0.2839768796296296 0.06437778645833335 0.0815446111111111
3 0.34938461197916665 0.13274335648148147 0.03546723437499999 0.0486725462962963
2 0.31173947135416663 0.1482298842592592 0.031111682291666713 0.05752171296296298
1 0.3717851302083333 0.11836292129629629 0.028000572916666695 0.057522305555555577
4 0.40071901041666663 0.11227916666666668 0.027378645833333395 0.04314166666666667
1 0.7093471354166667 0.21460175000000004 0.06222343749999991 0.1438053518518519
