1 0.10618619791666667 0.3866475092592592 0.045098437499999984 0.095183425925926
1 0.058627794270833325 0.4220115740740741 0.05657774479166666 0.09766759259259264
3 0.06887760416666669 0.48396481481481485 0.06559791666666666 0.12827962962962972
2 0.08486700520833335 0.5787171296296296 0.07297744791666666 0.1399416666666666
3 0.18859338802083334 0.6188044722222221 0.078717390625 0.14722994444444443
3 0.35173483854166665 0.12945229166666666 0.028967468749999982 0.0597895462962963
1 0.37185677083333335 0.1165808009259259 0.02869895833333338 0.06059523148148147
4 0.4003288697916666 0.11299988888888887 0.027058854166666594 0.04664722222222223
1 0.34179904427083335 0.16019340740740745 0.04566076562500001 0.07038681481481479
3 0.38948619791666667 0.14830413425925926 0.04919843749999995 0.06209499074074074
3 0.2906796875 0.3520407407407408 0.053297916666666605 0.2259481481481481
3 0.33290824218750004 0.25655953703703704 0.04755815104166672 0.0758012962962963
3 0.3771866796875 0.22303225000000002 0.04099835937499995 0.08454846296296296
3 0.3900709244791667 0.2877154027777778 0.03818905729166661 0.07471549074074073
1 0.4308947734375 0.33236157407407413 0.04837808854166668 0.1282805555555555
3 0.4899113854166667 0.3065979583333333 0.06309568749999996 0.09817445370370372
3 0.6125182291666665 0.23104953703703704 0.06559791666666671 0.08892129629629629
2 0.4992831302083333 0.40876949537037033 0.07035896875000004 0.11971967592592594
3 0.7699733880208334 0.26883935648148144 0.04924017187500004 0.16820969444444447
1 0.7528066354166666 0.15768097222222224 0.03503938541666661 0.07199911111111114
3 0.7065718098958332 0.2158755231481481 0.05035195312500006 0.14635282407407404
5 0.6731654270833333 0.15613294907407407 0.04919843750000012 0.04331025
3 0.6547739270833333 0.12167797685185186 0.03859264583333347 0.04500884259259259
2 0.1480687109375 0.5236050925925926 0.04989278645833333 0.1573675925925926
3 0.4526756380208333 0.19137152777777777 0.05537893229166671 0.08628287037037036
1 0.482475 0.16883136111111113 0.039182291666666674 0.07792246296296297
3 0.6219377968750001 0.12101549074074074 0.04183898958333335 0.06965790740740743
1 0.3117395833333333 0.14712397685185183 0.032356249999999954 0.06415945370370368
1 0.5830335937500001 0.10121703703703704 0.03857864583333317 0.06526592592592591
3 0.73703671875 0.1686949074074074 0.039200520833333266 0.06968981481481486
