1 0.10700625 0.3768222222222222 0.051658333333333334 0.10932962962962962
5 0.15456458333333334 0.4667515694444444 0.05329791666666666 0.10088512037037037
2 0.09183671875 0.5787171296296296 0.07379739583333333 0.15451944444444443
3 0.19556302083333332 0.6362971574074074 0.06805729166666666 0.12973716666666668
1 0.34356770833333333 0.16147520833333337 0.039358333333333335 0.06188847222222223
3 0.3849763020833334 0.14775103703703704 0.035258854166666666 0.05877640740740741
4 0.27756015624999997 0.30466481481481483 0.04837864583333333 0.17201111111111111
3 0.32552864583333335 0.24708425925925925 0.04263854166666667 0.08600555555555556
2 0.3874361979166666 0.22724262962962963 0.051657812500000004 0.08848762962962964
3 0.4566549166666667 0.19533518518518517 0.047420250000000004 0.06997037037037036
3 0.5227315104166667 0.16690972222222222 0.041818229166666665 0.06559722222222222
3 0.33003828385416667 0.33892129629629625 0.045098432291666664 0.12682222222222223
3 0.3874361979166666 0.28495838888888886 0.05493802083333333 0.08309074074074074
3 0.5133018229166667 0.21793009259259258 0.05083802083333333 0.07434351851851852
3 0.3829263020833334 0.4241986111111111 0.07379739583333333 0.2507287037037037
1 0.4343077994791667 0.3330902777777778 0.055204140625 0.10641388888888889
1 0.4882924479166667 0.30612268518518515 0.050018229166666664 0.099125
3 0.4850127604166667 0.3892128287037037 0.06969739583333333 0.14285713888888887
3 0.53667109375 0.2762393518518519 0.0598578125 0.08892129629629629
3 0.5784893229166668 0.2558310185185185 0.05493802083333333 0.080175
3 0.6213093333333333 0.23469398148148146 0.04710095833333334 0.07871759259259259
3 0.5686671302083334 0.10117152314814815 0.02873321875 0.06296250925925927
3 0.6211278645833332 0.12099120370370371 0.04017864583333333 0.06413981481481482
5 0.6468247890625 0.12337675462962963 0.029254786458333334 0.038961305555555555
5 0.6719661458333335 0.15889212962962962 0.051658333333333334 0.04373240740740741
3 0.705175 0.2171061574074074 0.054117708333333334 0.14438931481481482
3 0.7361224713541666 0.16785932407407408 0.039784921875000004 0.07244431481481481
1 0.7833225598958333 0.2774758611111111 0.06609824479166666 0.18177394444444442
3 0.4847993177083333 0.17709578703703704 0.04250289583333333 0.0755611111111111
1 0.3086284036458334 0.17256641203703707 0.051023401041666666 0.08407087962962963
3 0.9069067604166666 0.5519910694444444 0.13502497916666664 0.2876104537037037
