3 0.1508219505208333 0.35860046296296294 0.05565223437499999 0.0874638888888889
1 0.10331640625 0.3880240694444445 0.04099843749999998 0.08935286111111104
5 0.1513632083333333 0.444373800925926 0.05970066666666669 0.07043573148148152
2 0.086096890625 0.5881922638888888 0.07051770833333332 0.11807549074074063
1 0.3466500989583333 0.16293307870370374 0.04591822916666667 0.06480421296296297
3 0.3894862083333333 0.14956058333333333 0.04591825000000007 0.062395499999999986
3 0.441185921875 0.12741550925925924 0.04226864583333333 0.060140759259259276
4 0.27674036458333334 0.3061222222222222 0.04509843749999997 0.16035
4 0.3197885416666667 0.2521865740740741 0.034438541666666704 0.09037870370370371
3 0.38702604166666676 0.22740510648148146 0.0573979166666667 0.0816323796296296
1 0.4818108020833333 0.17562003240740737 0.04183884375000003 0.07733215740740738
3 0.5260992786458333 0.16662915277777782 0.04666758854166672 0.06334680555555555
3 0.49326162239583327 0.30797450925925923 0.05626573437500001 0.10665001851851849
3 0.4850126979166667 0.3892128148148148 0.07133750000000004 0.1457731481481481
3 0.5711096354166666 0.2514578703703704 0.06313802083333352 0.10349907407407409
5 0.6727861979166666 0.15816342592592592 0.05001822916666659 0.039358333333333335
5 0.6478750937500001 0.12481035185185187 0.03361875 0.034985185185185175
3 0.622123953125 0.12021414351851853 0.045451031250000065 0.06569393518518518
3 0.569897078125 0.1003911898148148 0.028762260416666643 0.07025139814814817
3 0.06397531770833333 0.41130183796296294 0.04747853125 0.11301854629629624
1 0.31018398437499994 0.14601767129629625 0.03173411458333331 0.0575220648148148
3 0.34782916666666674 0.1327435185185185 0.037334375000000065 0.04867222222222223
4 0.4013411744791667 0.11172588425925925 0.02364473437500004 0.04424823148148149
3 0.7121472812499999 0.21404850925925928 0.06409039583333337 0.14491183333333338
1 0.7678372864583333 0.26272143518518526 0.04977855208333336 0.18473490740740742
2 0.8847906796875 0.592989814814815 0.13277915104166665 0.307581925925926
