3 0.15210451041666667 0.35131203703703706 0.050018062500000036 0.08454814814814816
1 0.10290651041666665 0.3880513240740741 0.04017864583333332 0.09512983333333336
1 0.058627963541666675 0.4256557638888889 0.05821803125000001 0.0932940277777777
3 0.06969739583333334 0.4832361111111111 0.06559791666666667 0.12682222222222214
2 0.08773697916666666 0.5765305555555555 0.06559791666666667 0.1414
3 0.19351303385416668 0.634839814814815 0.07215726562500002 0.1268222222222222
3 0.2648504583333333 0.5823617314814814 0.09839675000000003 0.1618080185185184
3 0.3531626041666666 0.13219196759259258 0.028089593749999982 0.05199454629629629
1 0.37185677083333335 0.11771281018518517 0.02869895833333338 0.06064686111111111
4 0.399055359375 0.11225928240740742 0.027058854166666653 0.04531502777777777
1 0.33741796874999996 0.1609513287037037 0.03689843749999996 0.06969026851851852
3 0.3870263020833332 0.14996342592592596 0.05083802083333335 0.06098879629629629
3 0.2894495911458333 0.3454811851851852 0.05247790104166672 0.230320962962963
3 0.3333181458333333 0.2558310185185185 0.05165816666666666 0.07434351851851849
3 0.3730867604166666 0.21314714814814817 0.045918312499999975 0.08390940740740736
3 0.45426380208333333 0.19169110185185184 0.04427864583333327 0.08017520370370367
1 0.52314140625 0.1618074074074074 0.03771822916666666 0.06997037037037035
1 0.4358143984375 0.33381944444444445 0.05985766145833337 0.1195333333333334
3 0.48869676822916663 0.3053937592592592 0.062306036458333304 0.10641433333333328
3 0.6131657109374998 0.23323611111111114 0.06689288020833324 0.08454814814814819
2 0.5028439192708334 0.4155314074074074 0.0807607552083334 0.12843874074074063
3 0.7697040937500002 0.27057589351851846 0.0485342916666666 0.16283319444444444
3 0.7078162786458333 0.21788649537037036 0.05284089062500001 0.14152519444444447
1 0.7529056744791665 0.15768097222222224 0.03484130729166672 0.06978672222222221
5 0.6731960937500001 0.15524768518518517 0.049198437500000004 0.039358333333333335
3 0.6219479166666667 0.1180759259259259 0.0385385416666665 0.06705555555555555
3 0.6441853697916665 0.11038981481481482 0.026564583333333166 0.06493518518518518
1 0.3114283854166667 0.14767707407407407 0.03297864583333331 0.06305325925925925
1 0.5839670260416665 0.10232323148148145 0.040445114583333344 0.06305353703703702
1 0.7389036145833333 0.17035416666666667 0.04293443750000006 0.0752212962962963
