3 0.15292447916666668 0.35787175925925924 0.056578125 0.08308981481481478
1 0.10495625000000001 0.39088529629629626 0.037718749999999995 0.09221407407407409
3 0.059857812499999996 0.42419814814814816 0.055758333333333326 0.09037962962962964
3 0.193103125 0.6297375000000001 0.07133749999999998 0.12244907407407397
3 0.3517203177083334 0.13201589814814815 0.02893842708333339 0.053854796296296296
1 0.37127453385416664 0.1182659074074074 0.028223848958333284 0.06175305555555555
4 0.4007552005208333 0.11276075 0.026206192708333315 0.04631796296296294
3 0.387667578125 0.1505785787037037 0.04476992708333339 0.06221910185185188
3 0.4415541666666666 0.1272137824074074 0.041818750000000016 0.057524916666666676
4 0.27797022135416666 0.2995625 0.04755851562500005 0.15889166666666665
4 0.3222486979166667 0.2507287037037037 0.040998437499999936 0.10204074074074078
3 0.5220919453125 0.16472314814814815 0.03725969270833337 0.06122407407407411
3 0.37513672135416665 0.398688 0.06969740104166669 0.22886288888888895
3 0.4928026041666667 0.30685138888888885 0.05247812500000008 0.09766759259259264
5 0.5899690104166666 0.2696793148148148 0.04509843749999997 0.05247777777777777
3 0.61333828125 0.22813425925925926 0.05575781249999991 0.08309074074074077
1 0.7700578177083331 0.26851329166666665 0.04907131250000004 0.16755756481481474
1 0.7531432291666665 0.1587097222222222 0.035258333333333405 0.07184422222222218
4 0.7953718750000001 0.19314861111111112 0.024598958333333223 0.05685092592592593
5 0.6739497239583334 0.1499499305555556 0.05070569791666676 0.049170231481481474
5 0.6477770833333333 0.12660512037037033 0.029518750000000083 0.038334203703703724
3 0.6234320026041666 0.12052723148148148 0.04283493229166666 0.0592362777777778
1 0.09616426822916664 0.5636620370370369 0.05230666145833334 0.13447777777777778
3 0.3828586666666667 0.2237308148148148 0.056449333333333365 0.09327037037037036
3 0.45454218750000003 0.18805311574074074 0.050401041666666715 0.08849562037037041
1 0.3366289348958334 0.16150448611111112 0.03484525520833337 0.07079658333333333
1 0.7392145833333336 0.1686949074074074 0.04355624999999996 0.07190277777777775
