3 0.153334375 0.3549560185185185 0.052478125 0.080175
1 0.10413619791666667 0.388037462962963 0.039358854166666665 0.09510211111111111
3 0.059857921875000004 0.42274031018518515 0.05575811458333334 0.09912493518518518
3 0.1926931536458333 0.6297377222222221 0.07215744270833334 0.1282801111111111
3 0.26854039062499996 0.5670553796296296 0.09265682291666667 0.14577257407407407
3 0.3524732447916667 0.1330302685185185 0.029290239583333332 0.05393518518518518
4 0.4004586041666667 0.11276075 0.025613 0.04853035185185185
1 0.3708643776041667 0.11751138888888887 0.027403536458333332 0.06024401851851852
3 0.38784635416666663 0.14903963888888888 0.047558333333333334 0.061225
3 0.4412994817708334 0.12741550925925926 0.043285994791666664 0.05792837037037037
3 0.5227986380208333 0.1677095324074074 0.03833524479166666 0.06108278703703703
1 0.4833728255208333 0.3090377546296296 0.048378307291666665 0.10495597222222222
3 0.5764395833333334 0.2572431574074074 0.05083854166666667 0.07523398148148149
3 0.6187087578125 0.22990503703703702 0.045292765624999995 0.07974777777777778
1 0.771726703125 0.2686635462962963 0.04946694791666666 0.1656456851851852
1 0.7527330729166668 0.15964664814814813 0.03607864583333333 0.06997037037037036
3 0.7073322760416667 0.13020586574074075 0.033833302083333336 0.06870930555555556
5 0.6731450052083333 0.15670555555555554 0.04909626041666667 0.042274074074074075
5 0.6481530078125 0.12587641666666666 0.03191122395833333 0.036876796296296296
3 0.6228661640625001 0.1202625 0.045294828125 0.06268240740740741
3 0.5709672942708334 0.09989945833333333 0.030623744791666668 0.06568780555555556
3 0.3775966145833333 0.4023324074074074 0.0680578125 0.22740555555555556
3 0.45547578124999993 0.19247777777777778 0.051023437500000005 0.08407037037037038
2 0.3136059895833333 0.1460175277777778 0.026133854166666668 0.05530938888888889
1 0.7165029583333333 0.21238930555555555 0.06035658333333334 0.1526547222222222
1 0.7417034713541668 0.16980070370370373 0.04231180729166666 0.0719022962962963
