3 0.10536626822916667 0.3760932268518518 0.03689871354166666 0.1049561388888889
2 0.09347682291666667 0.5838189814814815 0.07379739583333333 0.13265277777777776
3 0.19269322916666667 0.6384842592592592 0.07215729166666666 0.13411111111111113
1 0.3443877604166667 0.1632652777777778 0.0409984375 0.0699712962962963
3 0.39030625 0.14504351851851852 0.04263854166666667 0.05976666666666667
4 0.2783799479166667 0.3083092592592593 0.050018229166666664 0.16180740740740743
2 0.3870263020833333 0.22448981481481484 0.05411822916666666 0.08454814814814815
3 0.38333642447916666 0.4285712777777778 0.074617453125 0.25364401851851853
1 0.43253463541666665 0.33381944444444445 0.04673802083333333 0.11953333333333334
1 0.49157243229166664 0.3075802268518518 0.06149798958333333 0.09912526851851852
3 0.4854229166666667 0.389212962962963 0.0672375 0.15451851851851853
3 0.6231776041666667 0.23396527777777779 0.047558333333333334 0.080175
3 0.6228661640625001 0.12171990740740739 0.045294828125 0.06268240740740741
5 0.6470723072916666 0.12164165277777778 0.029681802083333333 0.03549110185185185
5 0.6727859375 0.1574347222222222 0.04673854166666667 0.03790092592592593
3 0.7323835859375 0.1651196527777778 0.042339078125000006 0.06917736111111111
3 0.71091484375 0.21562247222222222 0.05903802083333333 0.14584672222222222
1 0.78156915625 0.278757662037037 0.06587164583333334 0.1814227314814815
3 0.2636205729166667 0.5422740740740741 0.09921614583333334 0.1516037037037037
5 0.15571354166666665 0.4670958333333333 0.05874479166666667 0.11301944444444445
1 0.3325059895833334 0.3068537731481481 0.055198437499999996 0.12461097222222221
3 0.38827780729166667 0.28469253703703706 0.057135010416666666 0.08583714814814815
1 0.5058768229166667 0.16869444444444445 0.0348453125 0.08075185185185185
1 0.5743224036458333 0.1039824074074074 0.039822901041666664 0.06637222222222222
3 0.9008852447916667 0.6015736481481482 0.15531105208333335 0.3161658888888889
