3 0.15169451822916666 0.3586009259259259 0.05575783854166667 0.08454814814814815
1 0.10372641406250001 0.3866341111111111 0.03853883854166666 0.09515662962962963
1 0.0578078125 0.42565555555555556 0.05821770833333333 0.09329444444444444
3 0.07092734375 0.4825074074074074 0.06477760416666667 0.12536481481481482
2 0.08609713541666666 0.5728861111111111 0.06887760416666668 0.1370259259259259
3 0.19269322916666667 0.6304665879629631 0.07215729166666666 0.1268223796296296
3 0.2669004583333333 0.5801746944444445 0.09429675 0.15743394444444445
3 0.3531180859375 0.13163717129629632 0.026756088541666667 0.0508849537037037
1 0.3710369791666667 0.11625540277777778 0.028698958333333333 0.06436921296296295
4 0.40014557291666664 0.11410608333333333 0.0262390625 0.04664722222222222
1 0.3365979166666666 0.16107870370370367 0.03853854166666667 0.06851296296296296
3 0.38784609375 0.1494103287037037 0.0491984375 0.05988260185185185
3 0.2890396953125 0.34548101851851853 0.051658109375000004 0.23323611111111112
3 0.33372812500000004 0.25364444444444445 0.04919791666666666 0.07871666666666666
3 0.3706267682291667 0.218249462962963 0.04427853645833334 0.09411403703703704
1 0.43294460677083335 0.3338191342592593 0.050838192708333334 0.12244876851851853
1 0.4850127604166667 0.30685138888888885 0.04673802083333333 0.09766759259259258
3 0.6141939244791668 0.23204196296296298 0.06834111979166665 0.08402162962962963
1 0.520649859375 0.1616512777777778 0.038899395833333336 0.07109016666666666
2 0.5563502604166666 0.3600583333333333 0.07461718749999999 0.11370185185185186
3 0.7705957942708334 0.2700227962962963 0.050484296875 0.1639393888888889
1 0.8113873697916667 0.19692043055555555 0.03859140625 0.07083200925925925
1 0.7539523255208334 0.15690063888888892 0.03523694270833333 0.06822605555555555
5 0.6739421901041667 0.15541764814814815 0.05233021354166667 0.039018407407407404
3 0.6215380208333333 0.11880462962962962 0.039358333333333335 0.07434444444444445
3 0.4542640625 0.18950462962962963 0.04263854166666667 0.07580185185185186
2 0.15008050520833333 0.5293275046296296 0.07162023958333334 0.15164499074074073
2 0.5094918854166667 0.39174462037037033 0.08323585416666666 0.15732072222222224
3 0.38103551562500004 0.2725320787037037 0.04747832291666666 0.09012897222222223
1 0.48280703125 0.17237314814814816 0.03586197916666667 0.07792222222222223
3 0.6441854166666666 0.10920879629629629 0.025236458333333333 0.060212037037037036
1 0.3129840208333333 0.14657091203703704 0.029867374999999998 0.0586285462962963
1 0.5817893229166666 0.09845126388888888 0.038578645833333335 0.0663715462962963
1 0.73952578125 0.16758842592592593 0.04417864583333333 0.07190277777777777
