2 0.15374453125 0.36443148148148147 0.0598578125 0.06997037037037036
1 0.0582178984375 0.4234691898148148 0.055757953124999995 0.08892087962962962
3 0.07051744791666667 0.4876092592592593 0.06723802083333334 0.1239074074074074
2 0.16440416666666666 0.5269680555555556 0.06805729166666666 0.13848425925925925
2 0.08691692708333333 0.5809037037037037 0.06887760416666668 0.14431481481481484
3 0.2636205026041667 0.5838193148148149 0.09593683854166667 0.15306137037037035
3 0.35272340625 0.1329464861111111 0.03343354166666667 0.053503583333333334
1 0.3732990572916667 0.11698410648148148 0.027058854166666667 0.0614018425925926
1 0.3409499921875 0.16763842592592593 0.037403109375 0.06705462962962963
3 0.3883886744791667 0.14978766203703703 0.04581668229166667 0.060637268518518514
3 0.44128490885416666 0.12723990277777777 0.044559609375 0.0575771574074074
3 0.2914997552083333 0.34548119907407404 0.06313798958333333 0.2215746388888889
3 0.33290824218750004 0.25655972222222223 0.04755815104166667 0.0816324074074074
3 0.38189304166666665 0.23274806018518518 0.050411083333333336 0.08940352777777777
3 0.5237345989583334 0.16456655555555558 0.037718229166666666 0.061434
1 0.4362244791666666 0.33819212962962963 0.057397916666666667 0.11370277777777778
1 0.4829627604166667 0.3046648148148148 0.0491984375 0.10204074074074074
3 0.6153880208333332 0.23177824074074074 0.0713375 0.08746388888888888
1 0.7724124401041667 0.2722559027777778 0.055758213541666664 0.1595560462962963
1 0.7530189739583333 0.1578375648148148 0.034614708333333334 0.0699712962962963
3 0.6998451354166667 0.12755092592592593 0.03853854166666667 0.06851296296296296
5 0.6731450052083333 0.15670555555555554 0.04909626041666667 0.048105555555555554
3 0.6551565104166668 0.12028631481481482 0.03607864583333333 0.04222551851851852
1 0.6228457343749999 0.1209428472222222 0.041351031249999996 0.06715134259259259
3 0.38063312239583336 0.27825464814814815 0.04345478645833333 0.07296137037037037
1 0.44738663802083334 0.19303101851851853 0.049778807291666664 0.08517685185185185
1 0.5852114765625 0.10121689351851852 0.041689546875000004 0.06305325
3 0.7301922057291667 0.16648240740740738 0.050401005208333335 0.06526481481481482
3 0.7697040781250001 0.18694705555555557 0.024889406250000003 0.0641595925925926
3 0.7952158333333333 0.18030985185185183 0.03360041666666667 0.08407103703703703
