2 0.15538463541666664 0.3695333333333333 0.06477760416666666 0.07725925925925926
2 0.15497447916666665 0.5248030879629629 0.06231770833333334 0.13115123148148153
2 0.08855686458333333 0.5794458333333333 0.07051752083333333 0.14723055555555548
3 0.3534446796875 0.13329816203703704 0.031142682291666605 0.056419324074074066
1 0.37327001562499995 0.1175630185185185 0.027058854166666653 0.06034727777777779
1 0.33849009635416666 0.1596403101851852 0.0423229010416667 0.07149300925925928
3 0.38786513802083333 0.14883141666666666 0.04810822395833334 0.06314955555555558
3 0.44233161197916665 0.1286829351851852 0.043710671874999996 0.05539351851851855
3 0.2861697916666667 0.34985434722222214 0.0491979166666666 0.23032093518518515
1 0.43745442708333326 0.33965 0.05657760416666668 0.10787222222222229
1 0.51904140625 0.3950435185185185 0.09347656250000007 0.16035
1 0.48665260416666667 0.30029166666666673 0.04673854166666664 0.08746296296296295
3 0.5226769921875001 0.16482300925925925 0.03608959895833349 0.06194690740740738
3 0.6098296458333333 0.23979583333333337 0.07006033333333335 0.0947527777777778
1 0.5706997395833333 0.2558310185185185 0.06395781249999999 0.1064138888888889
4 0.8068513020833332 0.19825046296296298 0.04263802083333322 0.055393518518518536
3 0.7315835338541667 0.16474216203703704 0.03641810937500007 0.07284715740740737
3 0.7004310833333333 0.12881591203703707 0.03315070833333327 0.06879062037037037
5 0.6707004401041666 0.15743472222222224 0.05076650520833326 0.04664722222222224
3 0.6557802109375002 0.11983484259259258 0.0364718697916666 0.046045129629629644
1 0.624173953125 0.12139478240740739 0.04533568749999996 0.06333265740740741
3 0.2635460885416666 0.5808297592592592 0.09737134374999998 0.16881259259259257
3 0.07282734375000001 0.4842634259259259 0.06840156250000001 0.12446388888888883
1 0.06317057291666667 0.4234620370370371 0.06035364583333333 0.09442037037037046
2 0.3865114583333334 0.22727268518518515 0.05976979166666663 0.08618611111111107
4 0.4019632812499999 0.11449120370370369 0.02613385416666668 0.04535462962962962
1 0.5830336406250001 0.1006637962962963 0.03857873958333317 0.06415944444444442
3 0.7090361067708334 0.21681435185185183 0.05786804687499985 0.1482305555555556
1 0.7529037708333334 0.15873903240740742 0.031111708333333373 0.06969045370370368
1 0.7709485156249999 0.26714592129629633 0.05600119791666659 0.17146036111111107
