2 0.14718489583333333 0.3702625 0.048378125 0.07871759259259259
1 0.1041403359375 0.3894953425925926 0.03607036979166667 0.08943416666666666
5 0.15333463541666664 0.44460648148148146 0.05903802083333333 0.06705555555555556
2 0.088146875 0.5736152777777778 0.0713375 0.13265277777777776
3 0.191053125 0.6311953703703704 0.0754375 0.1370259259259259
1 0.3427478411458333 0.16545185185185185 0.03771859895833333 0.06559814814814816
3 0.3889120494791667 0.14938451388888888 0.04476993229166667 0.05983097222222223
4 0.2787901041666666 0.30903796296296293 0.044278124999999995 0.16035
4 0.32060859375 0.25 0.039358854166666665 0.08309074074074074
3 0.38456640625000005 0.2274050925925926 0.05903802083333333 0.0816324074074074
3 0.5297013020833333 0.16647889814814815 0.0409984375 0.05862151851851852
3 0.4951556875 0.30874387037037043 0.0491984375 0.10532751851851851
3 0.4858328125 0.38775509259259255 0.06641770833333334 0.14577314814814815
5 0.6727861979166666 0.1596212962962963 0.050018229166666664 0.042274074074074075
3 0.62187 0.1202625 0.0433025 0.06268240740740741
3 0.57028984375 0.10204074074074074 0.0303390625 0.058309259259259255
1 0.491440265625 0.17591510648148148 0.046487822916666664 0.06847719444444444
1 0.6461776041666667 0.11334120370370371 0.03320520833333333 0.06611574074074074
1 0.30956171875 0.14491133333333334 0.032978645833333334 0.057521777777777776
3 0.34876250000000003 0.13053110648148147 0.035467708333333334 0.05531000925925926
4 0.4004078125 0.11172556481481483 0.02675625 0.046459981481481484
3 0.7121474609375 0.21460160648148147 0.06533450520833334 0.14601802777777778
1 0.7669039114583334 0.2671459583333333 0.04915678125 0.17809747222222222
1 0.8920332630208333 0.5865522175925925 0.14565450520833334 0.32045780555555553
