1 0.10741614583333334 0.3804666666666667 0.054117708333333334 0.10204074074074075
5 0.15497447916666665 0.4610023287037037 0.05739791666666665 0.09224786111111108
2 0.09224661458333333 0.5823611111111111 0.07461718749999999 0.1355685185185184
3 0.19310313802083331 0.6333817037037037 0.07133747395833336 0.13556807407407412
1 0.3710369791666667 0.11734722222222224 0.02869895833333332 0.05976666666666667
1 0.3460276041666666 0.16107870370370367 0.044278124999999946 0.0626814814814815
3 0.3857963541666667 0.14868796296296297 0.03197916666666671 0.06122407407407408
4 0.27838020572916666 0.3039361111111111 0.046738546875000016 0.1618074074074074
3 0.3255286458333334 0.24854259259259262 0.04263854166666672 0.08600555555555557
2 0.38743619791666656 0.2266763888888889 0.05165781250000005 0.08308981481481484
3 0.3288082447916666 0.33892129629629625 0.04427830208333337 0.14139999999999994
3 0.3890760416666667 0.2871722222222222 0.058217708333333285 0.08454814814814816
3 0.38251640625 0.431487037037037 0.07133697916666672 0.2565592592592593
1 0.43130468749999995 0.3258018518518519 0.05083854166666673 0.11807592592592597
1 0.4882924479166667 0.31049583333333336 0.05001822916666665 0.09912500000000006
3 0.48542291666666676 0.38994166666666674 0.06723750000000006 0.1472296296296296
3 0.5210742760416667 0.16460211111111112 0.0417839687499999 0.06681348148148147
3 0.5145317708333333 0.22230324074074076 0.053297916666666605 0.07434351851851849
3 0.5379007812500001 0.27696759259259257 0.06067760416666654 0.09329444444444443
3 0.5768494791666666 0.2587464166666666 0.05821770833333322 0.08309049999999997
3 0.6215380208333331 0.23250694444444445 0.0475583333333334 0.08017500000000002
3 0.5682569739583333 0.10058333333333334 0.0295535312499999 0.058309259259259276
3 0.6215377604166666 0.12099120370370371 0.040998437500000054 0.06122499999999999
5 0.6465437109375001 0.12296113888888888 0.03128104687500001 0.0357687962962963
5 0.6752458333333334 0.15889212962962962 0.05165833333333344 0.03790092592592592
3 0.7073339739583332 0.2167069861111111 0.05307996875000012 0.14156847222222224
1 0.7826012864583334 0.2759955740740741 0.06629632291666673 0.1869469074074074
3 0.4557868489583333 0.19303080555555557 0.04666744791666666 0.07853948148148149
3 0.4844674479166667 0.17473442592592592 0.04449531250000002 0.07319966666666665
1 0.31018386458333336 0.17090726388888886 0.03795622916666659 0.0896021388888889
3 0.73423671875 0.1670354259259259 0.043556770833333404 0.06637174074074068
3 0.9081511484375 0.551991212962963 0.13875854687500003 0.28982312962962964
