1 0.15408639583333333 0.3607610972222222 0.052342229166666664 0.10063521296296296
1 0.10167630208333334 0.3782800925925926 0.045918229166666664 0.11224537037037037
5 0.15620442708333335 0.46675156944444446 0.05493802083333333 0.10374634259259259
2 0.08896675260416667 0.5889212962962963 0.07625711979166666 0.12827962962962963
3 0.19597311718750002 0.6392130555555556 0.06887772395833333 0.13265351851851853
3 0.26403059375 0.5430029768518518 0.09675652083333333 0.15014589814814813
1 0.30812581770833336 0.16984447685185183 0.0368984375 0.08305178703703704
1 0.34442228125 0.16074650462962964 0.044209604166666666 0.06043106481481482
3 0.3853761979166667 0.14944288425925925 0.036908 0.058309379629629635
4 0.27714999999999995 0.30466435185185187 0.047558333333333334 0.15743425925925925
3 0.32593854166666664 0.2451731851851852 0.03853854166666667 0.08691288888888889
2 0.3872802552083333 0.22561006018518517 0.05329791666666666 0.08994502777777778
3 0.4569660364583334 0.19752222222222224 0.048042489583333334 0.06851296296296296
3 0.5212866145833333 0.16703539814814813 0.04384822916666666 0.0641592962962963
3 0.32921818750000004 0.34183657407407403 0.045098614583333335 0.13265277777777776
3 0.3874361979166666 0.28629818055555556 0.0598578125 0.08332597222222222
3 0.3816963541666667 0.43002916666666663 0.07461770833333332 0.26238981481481477
1 0.43089479166666667 0.33017485185185186 0.043458333333333335 0.11224474074074074
1 0.48952239583333335 0.30612268518518515 0.052478125 0.099125
3 0.48665260416666667 0.3906706990740741 0.06805729166666666 0.13994139814814816
3 0.5739794270833334 0.2587467592592593 0.0639578125 0.080175
3 0.6231776041666667 0.2346939814814815 0.047558333333333334 0.0816324074074074
3 0.5698799479166666 0.10131203703703703 0.03115885416666667 0.06268148148148148
3 0.6211278645833332 0.1206660787037037 0.043458854166666665 0.06187525
5 0.6475668932291666 0.12171990740740742 0.029098796875 0.03644351851851852
5 0.6723760416666666 0.15889212962962962 0.05083854166666667 0.04373240740740741
3 0.7355139401041666 0.16618101851851852 0.042638296875 0.06413981481481482
3 0.7064049479166667 0.21733339814814814 0.0532984375 0.14263138888888888
1 0.7837324557291666 0.279314162037037 0.065278453125 0.18252212037037036
3 0.5331482447916667 0.271027912037037 0.06921705208333333 0.11526454629629629
3 0.4861275755208333 0.17414414814814816 0.04383130729166666 0.07201911111111112
1 0.8963286927083334 0.545907 0.11511363541666667 0.2997785925925926
