3 0.1525146666666667 0.35787175925925924 0.050838375 0.08308981481481478
1 0.10536626822916668 0.3909259490740741 0.03689871354166665 0.0951566203703704
5 0.1538077734375 0.44724889351851854 0.06137091145833334 0.06760221296296294
2 0.08281718750000001 0.5852768518518517 0.0754375 0.1209907407407407
4 0.40180211197916665 0.10966986574074074 0.02456660937500003 0.04456097222222224
1 0.3452223333333333 0.1625361111111111 0.04509843749999997 0.06851296296296294
3 0.38812747395833325 0.14734819444444444 0.04699609374999998 0.06682027777777777
3 0.44032447916666667 0.12644475462962967 0.04263854166666666 0.059766620370370394
4 0.2763302083333333 0.30539351851851854 0.04755833333333337 0.1559759259259259
4 0.3193786458333333 0.2514578703703704 0.03525833333333329 0.0918361111111111
3 0.3869516979166666 0.22740509259259262 0.058888812499999985 0.08163240740740745
3 0.5266453229166667 0.168112375 0.04681996874999997 0.057463694444444414
1 0.48057743489583327 0.1761078240740741 0.04070032812499994 0.08303029629629632
3 0.48542260937500004 0.38629733796296295 0.06723749999999994 0.1428570648148149
3 0.49357257031249996 0.30854058333333334 0.056887630208333324 0.10492094444444444
3 0.5706997395833333 0.2514578703703704 0.06395781249999999 0.09475277777777778
5 0.6736059895833333 0.15889212962962962 0.0516578125 0.03790092592592592
5 0.6493829557291666 0.1250088657407407 0.029451328125000013 0.03278041666666665
3 0.6217918984375002 0.1206660787037037 0.0447869218749999 0.06187525
3 0.5706326119791666 0.10131203703703703 0.03102459895833327 0.06268148148148149
3 0.40879828385416667 0.5464949953703703 0.09656652604166674 0.4349070092592593
1 0.30458401562500004 0.14491157407407407 0.03422291666666665 0.06858425925925926
3 0.34751796875 0.1327435 0.03671197916666671 0.050885222222222214
3 0.7124583984375 0.2129423148148148 0.06471263020833339 0.14269944444444438
1 0.7693930156250001 0.2654865740740741 0.05289001041666677 0.18805277777777776
