3 0.15251458333333331 0.35714259259259257 0.054117708333333334 0.08454814814814815
1 0.10495625000000001 0.3937599166666667 0.040998958333333335 0.09796331481481482
3 0.05780807291666667 0.42427728240740736 0.0598578125 0.09605099074074074
5 0.15900805729166664 0.44365849537037033 0.044410968749999995 0.0718663425925926
2 0.08691692708333333 0.5845481481481482 0.0721578125 0.13411111111111113
3 0.3529647890625 0.13221778240740742 0.025205015625 0.04983378703703704
1 0.3722540572916666 0.11698410648148148 0.02830714583333333 0.0614018425925926
4 0.4001474869791667 0.11185643981481481 0.026235234375000003 0.04450934259259259
1 0.34645132552083335 0.16107870370370367 0.050045359375 0.07434444444444445
3 0.3888484869791667 0.14996342592592593 0.047193651041666666 0.05877640740740741
3 0.4414970390625 0.12686241203703702 0.04289088020833333 0.05903456481481482
4 0.2771502604166667 0.3097671296296296 0.04427864583333333 0.15597685185185187
4 0.32060859375 0.2485425925925926 0.03607864583333333 0.08600555555555556
3 0.38843585937499997 0.22959212962962963 0.05857692708333333 0.080175
1 0.4800692708333333 0.17638505555555556 0.04234042708333333 0.08122348148148148
3 0.5264211536458333 0.16610187037037036 0.045918109374999995 0.05786746296296296
3 0.49115666406249997 0.30903796296296293 0.057386244791666666 0.10495555555555557
3 0.5706997395833333 0.24781296296296293 0.06067760416666667 0.09329444444444444
3 0.7706374453125 0.26798600925925925 0.04791205729166667 0.16871538888888887
3 0.7562579661458333 0.16690925925925926 0.04804822395833333 0.05102037037037037
5 0.6736059895833334 0.15743472222222224 0.04837864583333333 0.04664722222222222
5 0.6481530078125 0.1254608009259259 0.03191122395833333 0.03368428703703704
3 0.6217918984375 0.12167201388888889 0.044786921874999996 0.06860967592592593
3 0.5694724010416666 0.10026721296296297 0.02712267708333333 0.06336627777777779
3 0.6150700520833332 0.2336449074074074 0.04731302083333333 0.10903425925925926
3 0.4458309895833334 0.19247788425925927 0.051645312500000005 0.08185841666666667
1 0.31049505208333333 0.14878287037037036 0.033600520833333335 0.056415740740740745
3 0.7130807291666666 0.21460155092592592 0.0647125 0.1460172685185185
1 0.7379700520833333 0.17035380092592592 0.047290104166666666 0.07079610185185185
1 0.8920331692708333 0.5886981388888889 0.124731578125 0.3133047222222222
