1 0.10085651041666667 0.3819240740740741 0.045918229166666664 0.11078703703703704
5 0.1541546875 0.46451091666666666 0.057397916666666667 0.09354257407407408
2 0.08855703124999999 0.5881925925925926 0.06887760416666668 0.12973703703703704
3 0.191053125 0.6377550925925926 0.0754375 0.12973796296296294
3 0.30379921875 0.1713023472222222 0.03197864583333333 0.07269319444444444
1 0.34397786458333335 0.16180740740740743 0.041818229166666665 0.06122407407407408
1 0.3710369791666667 0.11881900462962962 0.028698958333333333 0.06285925
3 0.38598391145833333 0.14798485185185187 0.03320363541666667 0.05830877777777778
4 0.27674010416666667 0.30466479166666666 0.048378125 0.1690963425925926
3 0.32388854166666664 0.24854212962962963 0.039358333333333335 0.08892129629629629
3 0.4571338541666667 0.18950462962962963 0.051658333333333334 0.07580185185185186
3 0.4850127604166667 0.17520441666666667 0.043458854166666665 0.0694170925925926
3 0.5206815104166667 0.16836712962962963 0.039358854166666665 0.06268240740740741
3 0.3288083359375 0.3403788564814815 0.042638536458333334 0.13556821296296295
3 0.3841565104166666 0.280612037037037 0.0450984375 0.09183703703703704
3 0.5141216145833333 0.22084537037037036 0.05411822916666666 0.07434444444444445
3 0.3812864583333333 0.431487037037037 0.06887708333333334 0.25655925925925926
1 0.43499453125000004 0.33673488888888886 0.050018229166666664 0.11953392592592593
5 0.48542291666666665 0.3058251203703704 0.047558333333333334 0.06646135185185185
3 0.5383109635416667 0.2806120555555555 0.06313755208333334 0.09475181481481482
3 0.5768494791666666 0.25655972222222223 0.05329791666666666 0.0816324074074074
3 0.6223578125000001 0.2354226851851852 0.04591875 0.07726018518518518
3 0.4866527213541667 0.38775509259259255 0.06805752604166666 0.14868796296296297
3 0.5691758046875001 0.1020412037037037 0.030204807291666667 0.06413981481481482
3 0.6227679687500001 0.12172037037037037 0.04017864583333333 0.06851296296296296
5 0.6471501484375 0.12105133333333332 0.029837484375 0.03667174074074074
5 0.6740161458333332 0.16035 0.047558333333333334 0.04081666666666667
3 0.7081386953125001 0.2181104861111111 0.051470526041666666 0.13865300925925925
3 0.7357968333333333 0.16836712962962963 0.040436197916666666 0.06559722222222222
1 0.7569482864583335 0.1675592777777778 0.034222895833333336 0.04972033333333333
1 0.7826012864583334 0.27986725925925926 0.06629632291666666 0.17920353703703704
3 0.9078401927083334 0.551991212962963 0.13564705208333333 0.28982312962962964
