1 0.10495625 0.3930991296296296 0.04263854166666666 0.09664174074074071
2 0.09388671875 0.5889212962962963 0.06969739583333331 0.12244814814814807
3 0.193513125 0.6362976018518518 0.0705175 0.1326526111111111
1 0.37123644791666677 0.11894344444444445 0.029097895833333293 0.06532051851851851
1 0.34602757552083335 0.16399398148148148 0.044278182291666704 0.06268240740740738
3 0.39030624999999997 0.1465013888888889 0.0475583333333334 0.053936111111111115
3 0.31691874999999997 0.2478129629629629 0.03853854166666674 0.09329444444444443
2 0.38825625 0.22376064814814814 0.051658333333333376 0.08892129629629629
3 0.38743619531249995 0.2835547824074074 0.05985781770833333 0.08309032407407407
3 0.3829263020833333 0.43294444444444447 0.06887760416666668 0.2536444444444445
1 0.43704453125 0.32288657407407406 0.05575781250000003 0.12973796296296292
3 0.49280430208333326 0.30685138888888885 0.05248152083333331 0.10058240740740743
3 0.4846028645833334 0.38921249999999996 0.06887760416666673 0.14868796296296294
3 0.7957817708333332 0.19752222222222224 0.03689895833333322 0.0597666666666667
5 0.6736059895833333 0.15962083333333332 0.0483786458333333 0.039358333333333315
5 0.6459778723958335 0.12209358796296296 0.03147758854166665 0.036394972222222204
3 0.6236862161458333 0.12026249999999997 0.043654723958333363 0.06268240740740738
5 0.15933463541666668 0.4663805555555555 0.057940104166666666 0.1144500000000001
3 0.33951529947916664 0.3286603518518519 0.053446484375000006 0.15887833333333337
4 0.40009687499999996 0.11117268518518518 0.028622916666666734 0.04535462962962962
1 0.5730780338541666 0.10176981481481483 0.03982309895833325 0.06637148148148152
1 0.7146362552083333 0.21349549999999998 0.06408998958333333 0.15044233333333334
