1 0.05821796874999999 0.4220115740740741 0.05903802083333333 0.09183611111111116
3 0.07051770833333333 0.4876092592592593 0.062317708333333326 0.12682222222222228
2 0.08732682291666664 0.5750731481481484 0.07297760416666667 0.1268222222222222
1 0.193922984375 0.4854225462962963 0.06149805208333336 0.14285675925925925
3 0.19105321875 0.6311953703703704 0.07051752083333333 0.11953333333333323
3 0.264030578125 0.5816327407407408 0.0983965729166667 0.14868822222222217
1 0.31117890625 0.14941712962962964 0.027058854166666653 0.053936111111111115
3 0.35193265625000003 0.13294648611111112 0.030607572916666707 0.05129119444444445
4 0.37308671875 0.11791469444444444 0.029519270833333403 0.05883824074074074
3 0.38819077604166663 0.1484802037037037 0.04745694791666662 0.06244712962962962
3 0.4419071953125 0.12668680555555556 0.043315036458333366 0.05647096296296294
3 0.28862968750000007 0.34985416666666663 0.049197916666666626 0.21865833333333334
3 0.33454817708333334 0.25291555555555556 0.05083802083333335 0.06851333333333334
4 0.44278437499999995 0.1938773148148148 0.04755833333333334 0.0787175925925926
1 0.4796828125 0.17274074074074075 0.034438541666666704 0.07434444444444445
3 0.38907604166666665 0.2886296296296296 0.03361875 0.07580185185185184
1 0.4362244791666666 0.3309036990740741 0.05739791666666676 0.11953334259259263
1 0.48624270833333333 0.3097671296296296 0.05575833333333329 0.1064138888888889
1 0.6141583333333335 0.23177857407407407 0.06723750000000012 0.08454840740740736
2 0.5575802343749998 0.3607869768518519 0.07707713541666657 0.12099086111111114
1 0.7527042916666666 0.1570762453703704 0.034438541666666586 0.07078965740740743
3 0.70481840625 0.21702871296296294 0.05012535416666661 0.14423442592592595
5 0.6751872083333335 0.15688891203703703 0.04662129166666666 0.0448221759259259
3 0.6553193359375001 0.12046101851851852 0.036173609375000026 0.047297481481481475
1 0.6224358385416667 0.12262377777777776 0.040842604166666754 0.06268240740740741
1 0.33864791666666677 0.1594647037037037 0.040998958333333314 0.07114179629629629
1 0.15289691145833334 0.5228898842592592 0.07725305208333334 0.150214675925926
3 0.15732317708333332 0.3483549583333333 0.0490880208333333 0.08726786111111108
4 0.40134115364583334 0.11172546296296294 0.0248895989583333 0.04646018518518518
1 0.5836559895833333 0.10121689351851852 0.038578645833333286 0.06305325
3 0.7361033854166669 0.16703518518518515 0.04106718749999996 0.0707962962962963
