2 0.15538463541666667 0.3693175324074074 0.0598578125 0.07769086111111112
2 0.160304421875 0.5320697731481482 0.06805782291666666 0.14285675
3 0.1926930546875 0.6377553287037037 0.07871701562500001 0.13556806481481481
3 0.29190963541666665 0.3483962962962963 0.055757812500000004 0.22740555555555556
3 0.5174018229166666 0.3892718518518518 0.0787171875 0.13422888888888887
1 0.43663454166666665 0.34037888888888895 0.059857999999999995 0.11807555555555556
3 0.387370984375 0.14900748611111111 0.04660759375 0.06350169444444444
3 0.4417665052083333 0.12723990277777777 0.044278124999999995 0.0575771574074074
3 0.6080083333333334 0.23833796296296295 0.05821770833333333 0.08309074074074074
3 0.5233218333333334 0.16703539814814816 0.034799916666666666 0.0619469074074074
3 0.6449240364583333 0.11129314814814815 0.025385260416666666 0.057297037037037035
5 0.6732002317708333 0.1566523611111111 0.04919016145833333 0.05007153703703704
4 0.8031614583333333 0.19533518518518517 0.036898958333333336 0.06997037037037036
1 0.7514633880208332 0.15800683333333332 0.03274800520833333 0.06822605555555555
3 0.3542119869791667 0.13274336574074075 0.029546161458333334 0.05530973148148148
3 0.26198056770833333 0.583819287037037 0.09757676041666666 0.1705540185185185
2 0.08773697916666666 0.5765305555555555 0.07215729166666666 0.14722962962962963
1 0.6222798958333333 0.11962382407407408 0.042482708333333334 0.06687457407407407
1 0.3398190833333333 0.16147520833333334 0.040909395833333334 0.07295041666666667
3 0.07443671874999999 0.4835481481481481 0.0700109375 0.12589444444444445
1 0.06317072395833333 0.4220313611111111 0.061963760416666666 0.10014283333333333
1 0.48524687499999997 0.3140203703703704 0.05311145833333333 0.11301851851851852
3 0.3323498932291667 0.2517882962962963 0.049892921875 0.07153081481481482
2 0.38418697916666666 0.22727314814814814 0.053792708333333335 0.09327037037037036
1 0.4738415364583333 0.17827639351851854 0.04980807291666667 0.08972869444444444
1 0.31080611979166667 0.1482300277777778 0.032978385416666665 0.05973438888888889
1 0.37334088541666666 0.11559729166666667 0.026133854166666668 0.06084060185185185
4 0.40227447916666664 0.11393806481481482 0.025511458333333334 0.050884981481481475
1 0.5861450520833333 0.10066342592592592 0.042311979166666666 0.06194722222222223
3 0.7146364583333333 0.21404888425925928 0.065334375 0.15376149074074075
3 0.7329922786458334 0.16980091203703704 0.04106752604166666 0.06084076851851851
