1 0.15866448958333335 0.5335359861111112 0.06477795833333334 0.14575580555555562
1 0.08158721875 0.5765306990740741 0.07297764583333333 0.15889230555555559
3 0.261570671875 0.5881925787037037 0.09839655208333334 0.1851315092592593
3 0.3538836171875 0.13277087962962963 0.030776088541666743 0.055364759259259266
1 0.37345235416666667 0.1190208888888889 0.025112677083333305 0.06105062962962963
4 0.40091493229166664 0.11386694444444445 0.025742041666666715 0.046317962962962984
1 0.3390978098958333 0.16381203703703703 0.04110747395833337 0.07762407407407408
1 0.3870743880208333 0.15069259259259257 0.048445255208333295 0.06023474074074076
3 0.441596078125 0.12723990277777775 0.042692802083333405 0.05757715740740739
3 0.28985963541666665 0.35349861111111114 0.056577604166666705 0.2259472222222222
3 0.3341382812500001 0.2580175925925926 0.05001822916666665 0.07871666666666664
3 0.5232992265624999 0.1653761064814815 0.037334067708333404 0.06526549074074074
1 0.43663454166666665 0.34256574074074075 0.05985799999999995 0.12536481481481476
1 0.4919822916666667 0.3075800925925925 0.05739791666666664 0.10787129629629633
3 0.6088283854166666 0.23469398148148146 0.06477760416666646 0.09037870370370374
4 0.80849140625 0.19752175925925927 0.04099843750000017 0.04810462962962963
3 0.7284578411458333 0.16675312962962963 0.03146927604166656 0.07465670370370368
5 0.6739650572916667 0.15524768518518517 0.04745615624999999 0.04518981481481482
3 0.6554954479166668 0.11880462962962962 0.035821385416666726 0.04227407407407408
1 0.583226078125 0.1034727962962963 0.03771875000000004 0.06559814814814816
1 0.6244281666666667 0.1206660787037037 0.04349904166666671 0.06187525
1 0.7533265364583333 0.15783122685185183 0.029518770833333246 0.07229962037037035
2 0.15374461979166665 0.35568515277777774 0.05165798958333333 0.09329450925925935
3 0.07403437500000001 0.48569398148148146 0.0659875 0.1330472222222222
1 0.06357306770833333 0.4234619444444444 0.06276844791666665 0.10014277777777783
1 0.5738901041666667 0.25623055555555546 0.06658854166666674 0.10436111111111111
3 0.39427578125000007 0.28115277777777775 0.056074479166666615 0.07632407407407409
2 0.38551517708333344 0.2272725185185185 0.06176235416666665 0.09090866666666671
3 0.6997049479166666 0.12660925925925925 0.03460260416666661 0.06437777777777777
3 0.7090361067708334 0.2168142824074074 0.05786804687499985 0.14601745370370367
1 0.7725041015625 0.2676990185185185 0.05911236979166669 0.17256655555555556
