1 0.1553164375 0.35349854166666667 0.04988214583333333 0.10058308333333332
1 0.10618621354166667 0.37390680092592593 0.05001819791666667 0.10641417592592593
5 0.15458209375 0.4638228935185185 0.05326289583333333 0.09502776851851852
2 0.08773671875 0.5874634259259259 0.0787171875 0.13702685185185184
3 0.2582907161458333 0.5524782685185186 0.10495606770833334 0.18075827777777778
1 0.3478155286458333 0.16180740740740743 0.04726269270833334 0.06122407407407408
3 0.38579609374999996 0.14810271296296296 0.035258854166666666 0.05947975925925926
4 0.28289010416666666 0.3002916666666667 0.04263854166666667 0.1632648148148148
2 0.38784609375 0.22667638888888889 0.0491984375 0.08892129629629629
3 0.3304484375 0.33381944444444445 0.04263854166666667 0.1370259259259259
3 0.38866614583333337 0.2879009259259259 0.05575833333333333 0.08600555555555556
3 0.3829263020833334 0.429300462962963 0.07379739583333333 0.2609324074074074
1 0.43554528385416663 0.32944629166666667 0.051119734374999996 0.11661852777777777
1 0.4882927083333333 0.30612268518518515 0.056578125 0.099125
3 0.4854229166666667 0.388484125 0.0672375 0.1443145462962963
4 0.57151953125 0.2674925925925926 0.055757812500000004 0.06851296296296296
3 0.6215377604166666 0.23396527777777779 0.045918229166666664 0.080175
3 0.5686497395833334 0.10026721296296297 0.0303390625 0.0589415
3 0.6223578125000001 0.11880462962962962 0.04591875 0.06851296296296296
5 0.6463098307291666 0.1220572685185185 0.030813286458333332 0.03868361111111111
5 0.67442578125 0.15889212962962962 0.050018229166666664 0.04373240740740741
3 0.7356825781249999 0.16836759259259257 0.04263854166666667 0.06851296296296296
3 0.7059947916666667 0.21753481944444444 0.052478125 0.14303423148148148
1 0.7834213385416666 0.28263274537037036 0.06465621875 0.1780973425925926
3 0.18589047135416664 0.6101572638888889 0.088519484375 0.16738176851851852
3 0.5192546432291667 0.15542027314814813 0.04542300520833333 0.0807520462962963
1 0.3132950520833333 0.16980078240740742 0.0466671875 0.08738917592592592
2 0.8972622838541666 0.5459070277777778 0.11573584895833333 0.2997788703703704
