2 0.1549745625 0.3637027777777779 0.05575816666666668 0.06851296296296294
2 0.08691692708333333 0.5867342592592593 0.06559739583333332 0.14431481481481473
2 0.15907421875 0.5255101851851851 0.0639578125 0.14431481481481478
3 0.26239064322916666 0.5794459907407408 0.10003649479166667 0.15597653703703693
3 0.354454203125 0.13312209259259258 0.029518750000000083 0.056067185185185185
1 0.37308671874999993 0.11587791203703704 0.02623906249999995 0.059189453703703716
1 0.33931014843749996 0.16399398148148148 0.040682796874999975 0.07142870370370367
3 0.38824172916666666 0.14685306481481486 0.04591822916666667 0.05976666666666668
3 0.4415541666666666 0.12609305555555556 0.041818750000000016 0.05685092592592593
3 0.2927294270833334 0.34693888888888885 0.06395781249999999 0.2186592592592592
3 0.33249817708333335 0.2580175925925926 0.05001822916666665 0.06705555555555558
3 0.3825317395833333 0.2768638287037037 0.04837812500000004 0.07876341666666664
3 0.5225020416666666 0.16552284722222224 0.0364395 0.061134194444444456
1 0.4366343906249999 0.3352773148148148 0.05657815624999992 0.12244907407407413
1 0.48788257291666676 0.30612268518518526 0.05903806249999999 0.10787129629629633
3 0.6075984375 0.23615159259259264 0.06231770833333326 0.0787171851851852
1 0.7695634036458333 0.2627034537037037 0.05379354687499997 0.17584938888888893
3 0.7334638020833334 0.1632652777777778 0.040178645833333346 0.06997129629629628
3 0.6547468750000001 0.1202625 0.03853854166666662 0.04518981481481482
3 0.6992240026041666 0.12947669907407408 0.030736546874999958 0.07011219444444444
5 0.6743749531249998 0.15670555555555554 0.04663636458333341 0.04227407407407408
1 0.5846735833333334 0.10131203703703703 0.04152119791666671 0.06559814814814817
1 0.6212058932291668 0.12172037037037037 0.04197428645833317 0.05976666666666667
3 0.07162005208333336 0.48640925925925926 0.06276822916666666 0.12875555555555554
1 0.06317057291666667 0.42346200462962963 0.06035364583333333 0.09442043518518517
3 0.3805341875 0.23199520370370372 0.05180037500000001 0.10035403703703707
4 0.40227447916666664 0.1122787037037037 0.025511458333333317 0.04535370370370369
3 0.7109029739583335 0.21570794444444447 0.05911219791666665 0.14601774074074075
1 0.7516594088541666 0.1570795972222222 0.03733430729166685 0.07079636111111111
