1 0.10085651041666667 0.3819240740740741 0.04591822916666666 0.11078703703703711
5 0.1541546875 0.46451091666666666 0.05739791666666667 0.09354257407407413
2 0.08855703124999999 0.5881925925925926 0.06887760416666668 0.12973703703703693
3 0.191053125 0.6377550925925926 0.07543749999999999 0.12973796296296292
3 0.30379921875 0.1713023472222222 0.03197864583333328 0.07269319444444443
1 0.34397786458333335 0.16180740740740743 0.04181822916666669 0.06122407407407411
1 0.3710369791666667 0.11881900462962962 0.02869895833333332 0.06285925000000002
3 0.38598391145833333 0.14798485185185187 0.03320363541666668 0.05830877777777777
4 0.27674010416666667 0.30466479166666666 0.04837812500000007 0.16909634259259257
3 0.32388854166666664 0.24854212962962963 0.039358333333333384 0.08892129629629629
3 0.45713385416666674 0.18950462962962966 0.051658333333333376 0.07580185185185187
3 0.4850127604166667 0.17520441666666667 0.04345885416666657 0.06941709259259263
3 0.5206815104166667 0.16836712962962963 0.039358854166666644 0.06268240740740735
3 0.3288083359375 0.3403788564814815 0.0426385364583334 0.13556821296296293
3 0.38415651041666654 0.280612037037037 0.045098437500000026 0.09183703703703704
3 0.5141216145833333 0.22084537037037036 0.05411822916666663 0.07434444444444445
3 0.3812864583333333 0.431487037037037 0.06887708333333328 0.2565592592592593
1 0.4349945312500001 0.33673488888888886 0.05001822916666665 0.11953392592592596
5 0.48542291666666665 0.3058251203703704 0.04755833333333334 0.06646135185185184
3 0.5383109635416667 0.2806120555555555 0.06313755208333328 0.09475181481481483
3 0.5768494791666666 0.25655972222222223 0.05329791666666672 0.08163240740740739
3 0.6223578125000001 0.2354226851851852 0.045918749999999994 0.07726018518518521
3 0.4866527213541667 0.38775509259259255 0.0680575260416667 0.14868796296296294
3 0.5691758046875001 0.1020412037037037 0.030204807291666688 0.06413981481481482
3 0.6227679687500001 0.12172037037037037 0.04017864583333323 0.06851296296296294
5 0.6471501484375 0.12105133333333332 0.029837484375000046 0.036671740740740755
5 0.6740161458333332 0.16035 0.0475583333333334 0.04081666666666666
3 0.7081386953125001 0.2181104861111111 0.051470526041666534 0.13865300925925927
3 0.7357968333333333 0.16836712962962963 0.04043619791666681 0.0655972222222222
1 0.7569482864583336 0.1675592777777778 0.03422289583333331 0.04972033333333333
1 0.7826012864583334 0.27986725925925926 0.06629632291666673 0.1792035370370371
3 0.9078401927083334 0.551991212962963 0.13564705208333325 0.28982312962962964
