3 0.155316515625 0.3564138888888889 0.04988198958333333 0.07725925925925926
1 0.1049562734375 0.3902106388888889 0.04263849479166666 0.09944846296296296
3 0.05780782291666666 0.42274027777777773 0.05821768749999999 0.099125
2 0.086096953125 0.5816327546296296 0.07543734375 0.13994189814814814
3 0.19310304947916665 0.6319240740740741 0.07297723437499996 0.1209907407407406
3 0.2636205677083333 0.5430028194444444 0.08281717708333337 0.15306102777777772
3 0.3481147317708333 0.13078572685185183 0.036660880208333364 0.05139445370370372
1 0.3720962369791667 0.11698410648148148 0.028622786458333375 0.06361423148148149
4 0.40098205989583335 0.11369133796296296 0.022926505208333302 0.043754361111111126
1 0.3445410572916667 0.16424069444444445 0.03519885416666669 0.06299466666666666
3 0.3880919973958334 0.14996342592592593 0.04641003645833326 0.05877640740740741
3 0.4413982604166667 0.12910061574074078 0.043088437500000035 0.06129858333333331
4 0.27756015625 0.3039361111111111 0.04673802083333337 0.1705537037037037
4 0.32224869791666666 0.2521865740740741 0.03607864583333331 0.09621018518518519
3 0.4452442708333333 0.1918392962962963 0.0475583333333334 0.08279362962962966
3 0.5263342265625001 0.16589998611111112 0.04619769270833339 0.059676083333333345
3 0.39481614583333335 0.32215740740740734 0.06149791666666668 0.17784259259259258
3 0.4878845104166666 0.3039360601851852 0.062321104166666606 0.09183713888888886
1 0.7712596796875 0.2694696990740741 0.05288993229166673 0.16283319444444444
1 0.7519132812499999 0.16630329166666666 0.03935885416666676 0.05605791666666667
5 0.6744260416666666 0.15597638888888887 0.04673854166666658 0.03790092592592594
5 0.6478990546874999 0.12487048148148147 0.02976269270833344 0.03486492592592593
3 0.6220461119791666 0.1221718425925926 0.04427849479166663 0.06122499999999999
1 0.5734326666666667 0.10082031018518517 0.0353802395833334 0.0644724722222222
1 0.31173955208333326 0.14712372222222223 0.03235631250000003 0.05530938888888886
3 0.7121473619791666 0.21404848611111113 0.06284576562500016 0.1449111388888889
1 0.7392145833333333 0.17145989814814813 0.04480104166666656 0.07743333333333337
