2 0.15538463541666667 0.3695333333333333 0.06477760416666667 0.07725925925925926
2 0.15497447916666665 0.5248030879629629 0.06231770833333334 0.13115123148148147
2 0.08855686458333333 0.5794458333333333 0.07051752083333333 0.14723055555555553
3 0.3534446796875 0.13329816203703704 0.031142682291666668 0.05641932407407407
1 0.37327001562499995 0.11756301851851851 0.027058854166666667 0.06034727777777778
1 0.33849009635416666 0.15964031018518518 0.042322901041666666 0.07149300925925926
3 0.38786513802083333 0.14883141666666666 0.048108223958333335 0.06314955555555556
3 0.44233161197916665 0.1286829351851852 0.043710671875 0.05539351851851852
3 0.2861697916666667 0.3498543472222222 0.04919791666666666 0.23032093518518518
1 0.43745442708333326 0.33965 0.05657760416666667 0.10787222222222222
1 0.51904140625 0.3950435185185185 0.0934765625 0.16035
1 0.48665260416666667 0.3002916666666667 0.04673854166666667 0.08746296296296295
3 0.5226769921875001 0.16482300925925925 0.03608959895833333 0.0619469074074074
3 0.6098296458333333 0.23979583333333332 0.07006033333333334 0.09475277777777778
1 0.5706997395833333 0.2558310185185185 0.0639578125 0.10641388888888889
4 0.8068513020833332 0.19825046296296298 0.04263802083333333 0.05539351851851852
3 0.7315835338541667 0.16474216203703704 0.036418109375 0.07284715740740741
3 0.7004310833333333 0.12881591203703704 0.033150708333333334 0.06879062037037037
5 0.6707004401041666 0.15743472222222224 0.05076650520833333 0.04664722222222222
3 0.6557802109375 0.11983484259259258 0.03647186979166666 0.04604512962962963
1 0.624173953125 0.12139478240740739 0.045335687500000006 0.06333265740740741
3 0.26354608854166667 0.5808297592592593 0.09737134374999999 0.1688125925925926
3 0.07282734375 0.4842634259259259 0.0684015625 0.12446388888888889
1 0.06317057291666667 0.42346203703703705 0.06035364583333334 0.09442037037037038
2 0.38651145833333334 0.22727268518518517 0.05976979166666666 0.08618611111111112
4 0.40196328124999997 0.1144912037037037 0.026133854166666668 0.04535462962962963
1 0.583033640625 0.1006637962962963 0.038578739583333334 0.06415944444444444
3 0.7090361067708334 0.21681435185185186 0.057868046875 0.14823055555555556
1 0.7529037708333334 0.15873903240740742 0.03111170833333333 0.0696904537037037
1 0.770948515625 0.26714592129629633 0.05600119791666667 0.1714603611111111
