1 0.1540863958333333 0.3607610972222222 0.05234222916666663 0.10063521296296292
1 0.10167630208333334 0.3782800925925926 0.04591822916666667 0.1122453703703704
5 0.15620442708333335 0.46675156944444446 0.05493802083333333 0.10374634259259263
2 0.08896675260416667 0.5889212962962963 0.07625711979166665 0.12827962962962955
3 0.19597311718750005 0.6392130555555556 0.0688777239583333 0.13265351851851853
3 0.26403059375 0.5430029768518518 0.09675652083333329 0.1501458981481481
1 0.30812581770833336 0.16984447685185183 0.03689843750000001 0.08305178703703701
1 0.34442228125 0.16074650462962964 0.0442096041666666 0.060431064814814806
3 0.3853761979166667 0.14944288425925925 0.03690800000000003 0.058309379629629635
4 0.27714999999999995 0.30466435185185187 0.0475583333333334 0.15743425925925925
3 0.32593854166666664 0.2451731851851852 0.03853854166666668 0.08691288888888885
2 0.3872802552083333 0.22561006018518517 0.053297916666666605 0.0899450277777778
3 0.4569660364583334 0.19752222222222224 0.048042489583333334 0.06851296296296294
3 0.5212866145833333 0.16703539814814813 0.04384822916666664 0.06415929629629628
3 0.3292181875000001 0.34183657407407403 0.04509861458333327 0.1326527777777777
3 0.38743619791666656 0.28629818055555556 0.05985781250000001 0.08332597222222228
3 0.3816963541666667 0.4300291666666666 0.07461770833333338 0.2623898148148148
1 0.43089479166666667 0.33017485185185186 0.04345833333333336 0.11224474074074077
1 0.48952239583333335 0.30612268518518515 0.05247812499999996 0.099125
3 0.48665260416666667 0.3906706990740741 0.06805729166666664 0.13994139814814818
3 0.5739794270833334 0.2587467592592593 0.06395781249999999 0.08017499999999997
3 0.6231776041666668 0.23469398148148152 0.0475583333333334 0.08163240740740745
3 0.5698799479166666 0.10131203703703703 0.03115885416666681 0.06268148148148149
3 0.6211278645833331 0.1206660787037037 0.043458854166666686 0.06187525
5 0.6475668932291666 0.12171990740740742 0.029098796874999996 0.03644351851851854
5 0.6723760416666666 0.15889212962962962 0.050838541666666494 0.04373240740740743
3 0.7355139401041666 0.16618101851851852 0.042638296875000134 0.0641398148148148
3 0.7064049479166667 0.21733339814814814 0.053298437500000045 0.14263138888888888
1 0.7837324557291666 0.279314162037037 0.06527845312499991 0.18252212037037036
3 0.5331482447916667 0.271027912037037 0.06921705208333323 0.11526454629629627
3 0.48612757552083335 0.1741441481481482 0.04383130729166667 0.07201911111111114
1 0.8963286927083334 0.545907 0.11511363541666668 0.29977859259259265
