2 0.09101692708333334 0.5860055555555556 0.0787171875 0.13411111111111113
3 0.2615706796875 0.5473759675925927 0.10167634895833334 0.16180732407407408
1 0.37021692708333337 0.11658080092592592 0.027058854166666667 0.060595231481481486
1 0.3441111640625 0.1618074074074074 0.04483183854166666 0.058309259259259255
3 0.39032132291666666 0.14795925925925926 0.04263854166666667 0.05976666666666667
3 0.3234784244791667 0.2507287037037037 0.040178723958333336 0.08746296296296295
2 0.3853861979166666 0.22667638888888889 0.05083802083333333 0.08892129629629629
3 0.43663437499999996 0.1946064814814815 0.04181875 0.08309074074074074
3 0.327988265625 0.320699537037037 0.050838052083333335 0.13994166666666666
3 0.3874361979166666 0.2871722222222222 0.05657760416666667 0.08454814814814815
3 0.3821064661458333 0.4293001944444445 0.073797484375 0.2551022407407407
1 0.4321247395833333 0.3309036990740741 0.045918229166666664 0.1195333425925926
1 0.49115666406249997 0.30685138888888885 0.057386244791666666 0.09766759259259258
3 0.48542265625 0.39139953703703706 0.0639578125 0.15014537037037037
3 0.575209375 0.25655972222222223 0.061497916666666666 0.0903787037037037
3 0.6215377604166666 0.23396481481481482 0.04427864583333333 0.07434444444444445
3 0.622534109375 0.12099120370370371 0.04463071875 0.06705462962962963
5 0.6461372395833334 0.12046101388888888 0.03115885416666667 0.03312982407407407
5 0.6736059895833333 0.15889212962962962 0.050018229166666664 0.03790092592592593
3 0.7061680885416667 0.21622719907407406 0.05213153125 0.14484378703703701
3 0.733939171875 0.169825 0.03922790625000001 0.06851296296296296
1 0.7828200598958333 0.27919822222222224 0.06729941145833333 0.18007785185185185
5 0.15611588541666668 0.4620884259259259 0.061158854166666665 0.10300462962962964
1 0.5758779713541667 0.10287615277777779 0.040445098958333335 0.06637176851851852
3 0.9020923177083334 0.6022890324074075 0.14163098958333334 0.32045769444444444
