2 0.09101692708333334 0.5860055555555556 0.0787171875 0.13411111111111104
3 0.2615706796875 0.5473759675925927 0.1016763489583333 0.16180732407407403
1 0.3702169270833334 0.1165808009259259 0.027058854166666594 0.06059523148148147
1 0.3441111640625 0.16180740740740743 0.04483183854166661 0.05830925925925922
3 0.3903213229166667 0.1479592592592593 0.04263854166666672 0.05976666666666668
3 0.3234784244791667 0.2507287037037037 0.04017872395833333 0.08746296296296296
2 0.3853861979166666 0.22667638888888889 0.050838020833333296 0.08892129629629626
3 0.43663437499999996 0.1946064814814815 0.041818750000000016 0.08309074074074074
3 0.327988265625 0.320699537037037 0.05083805208333339 0.13994166666666666
3 0.38743619791666656 0.2871722222222222 0.05657760416666668 0.08454814814814816
3 0.3821064661458333 0.4293001944444445 0.07379748437500003 0.2551022407407407
1 0.4321247395833333 0.3309036990740741 0.04591822916666667 0.11953334259259263
1 0.49115666406249997 0.30685138888888885 0.05738624479166668 0.09766759259259264
3 0.48542265625000003 0.39139953703703706 0.06395781250000004 0.15014537037037035
3 0.575209375 0.25655972222222223 0.06149791666666668 0.09037870370370371
3 0.6215377604166666 0.23396481481481482 0.04427864583333327 0.07434444444444448
3 0.622534109375 0.12099120370370371 0.04463071874999992 0.06705462962962962
5 0.6461372395833335 0.12046101388888888 0.03115885416666669 0.03312982407407405
5 0.6736059895833333 0.15889212962962962 0.05001822916666659 0.03790092592592592
3 0.7061680885416666 0.21622719907407406 0.05213153124999993 0.14484378703703704
3 0.7339391718750001 0.169825 0.03922790625000007 0.06851296296296294
1 0.7828200598958333 0.27919822222222224 0.06729941145833346 0.18007785185185188
5 0.1561158854166667 0.4620884259259259 0.06115885416666667 0.10300462962962964
1 0.5758779713541667 0.10287615277777779 0.040445098958333384 0.0663717685185185
3 0.9020923177083334 0.6022890324074075 0.1416309895833334 0.32045769444444433
