3 0.15292473958333333 0.35860046296296294 0.0598578125 0.08746388888888888
1 0.10331631250000001 0.38801036574074077 0.04099857291666666 0.09218667592592593
1 0.059447765625 0.4205537037037037 0.054937802083333334 0.09475185185185185
4 0.14472473958333332 0.43731759259259256 0.0680578125 0.11078703703703704
1 0.08773671875 0.5772592592592592 0.0639578125 0.1516037037037037
3 0.19146310677083334 0.6319243101851851 0.07625711979166666 0.12390693518518518
3 0.26526052604166667 0.5801748564814815 0.09593667708333334 0.15451880555555556
3 0.35265366927083336 0.13073409722222223 0.027071723958333335 0.051291194444444445
4 0.4003453046875 0.11188225462962963 0.026630869791666668 0.04677336111111111
3 0.38784609375 0.1479271064814815 0.045918229166666664 0.0591285462962963
1 0.44066272656249994 0.1255806111111111 0.040826098958333334 0.058683351851851855
3 0.28903958333333335 0.34475185185185186 0.05329791666666666 0.22886296296296296
3 0.331678125 0.2521865740740741 0.04673854166666667 0.07288611111111111
3 0.45508382291666666 0.18877546296296296 0.04263847916666667 0.080175
3 0.3794259661458333 0.2697781990740741 0.049087984375 0.09892693518518518
1 0.4354046067708333 0.32944598611111114 0.052477963541666665 0.11370247222222223
1 0.4846026901041667 0.3037233287037037 0.052478296875000004 0.10387012037037037
3 0.6148057109375 0.2288631388888889 0.06361288020833333 0.08163298148148147
4 0.7986515624999999 0.19241990740740741 0.027879166666666667 0.0524787037037037
1 0.7707726692708333 0.2685649212962963 0.050838046875 0.16766082407407407
1 0.7537399869791667 0.15855993055555556 0.03441715104166666 0.06711986111111111
3 0.7073398125000001 0.12804608333333334 0.03220879166666667 0.0701122037037037
4 0.6747619817708334 0.15743425925925925 0.05069063020833333 0.043731481481481475
5 0.6500470625 0.12390648148148149 0.030779541666666667 0.03498518518518518
3 0.6226119947916666 0.1202625 0.04314672916666666 0.06268240740740741
2 0.15329928906249998 0.5321887916666667 0.074838921875 0.14020019444444445
3 0.0732295 0.47639490740740736 0.06437745833333333 0.14878425925925928
2 0.5638142135416667 0.3605919675925926 0.08498823958333333 0.12305310185185184
1 0.37455732031250005 0.22255017129629628 0.042503067708333335 0.08854780555555555
3 0.5214325520833333 0.16316363425925925 0.041067187500000005 0.06526532407407407
1 0.34191796874999997 0.16261050462962964 0.04791197916666667 0.07300862037037037
1 0.37147395833333335 0.11393796296296296 0.027378125 0.06858333333333333
1 0.5833448906250001 0.10121666666666668 0.03920084375 0.06747777777777778
1 0.7385924479166667 0.17035416666666667 0.0460453125 0.07300833333333334
