1 0.15866448958333335 0.5335359861111112 0.06477795833333333 0.14575580555555556
1 0.08158721875 0.5765306990740741 0.07297764583333333 0.15889230555555556
3 0.261570671875 0.5881925787037037 0.09839655208333334 0.18513150925925925
3 0.3538836171875 0.13277087962962963 0.030776088541666666 0.05536475925925926
1 0.37345235416666667 0.1190208888888889 0.025112677083333333 0.06105062962962963
4 0.40091493229166664 0.11386694444444445 0.025742041666666667 0.046317962962962964
1 0.3390978098958333 0.16381203703703703 0.041107473958333335 0.07762407407407408
1 0.3870743880208333 0.15069259259259257 0.04844525520833333 0.06023474074074075
3 0.441596078125 0.12723990277777777 0.042692802083333335 0.0575771574074074
3 0.28985963541666665 0.35349861111111114 0.05657760416666667 0.22594722222222222
3 0.33413828125000006 0.2580175925925926 0.050018229166666664 0.07871666666666666
3 0.5232992265624999 0.1653761064814815 0.037334067708333335 0.06526549074074074
1 0.43663454166666665 0.34256574074074075 0.059857999999999995 0.12536481481481482
1 0.4919822916666667 0.30758009259259256 0.057397916666666667 0.1078712962962963
3 0.6088283854166666 0.23469398148148146 0.06477760416666667 0.0903787037037037
4 0.80849140625 0.19752175925925927 0.0409984375 0.04810462962962963
3 0.7284578411458333 0.16675312962962963 0.03146927604166667 0.0746567037037037
5 0.6739650572916667 0.15524768518518517 0.04745615625 0.045189814814814815
3 0.6554954479166667 0.11880462962962962 0.03582138541666667 0.042274074074074075
1 0.583226078125 0.1034727962962963 0.03771875 0.06559814814814816
1 0.6244281666666667 0.1206660787037037 0.04349904166666666 0.06187525
1 0.7533265364583333 0.15783122685185186 0.029518770833333333 0.07229962037037037
2 0.15374461979166668 0.35568515277777774 0.051657989583333334 0.09329450925925926
3 0.07403437500000001 0.48569398148148146 0.0659875 0.13304722222222223
1 0.06357306770833333 0.4234619444444444 0.06276844791666666 0.10014277777777778
1 0.5738901041666666 0.2562305555555555 0.06658854166666667 0.1043611111111111
3 0.39427578125 0.28115277777777775 0.05607447916666666 0.07632407407407409
2 0.3855151770833334 0.2272725185185185 0.061762354166666665 0.09090866666666667
3 0.6997049479166666 0.12660925925925925 0.03460260416666667 0.06437777777777778
3 0.7090361067708334 0.2168142824074074 0.057868046875 0.1460174537037037
1 0.7725041015625 0.2676990185185185 0.05911236979166667 0.17256655555555556
