2 0.16317421875 0.35932962962962967 0.05903802083333331 0.08600555555555557
1 0.11192590364583334 0.3745417916666667 0.05001798437500001 0.12533537962962957
5 0.16071432291666668 0.4667381759259259 0.04427864583333336 0.09799709259259265
1 0.08814678125000001 0.5685132083333334 0.07789706249999998 0.17492728703703714
3 0.19228316666666664 0.6341107268518519 0.07297741666666661 0.13119521296296296
3 0.26274140625000003 0.5407725324074073 0.09737135416666666 0.1630901203703703
3 0.48495902343749997 0.3901868518518518 0.070969453125 0.15732074074074076
3 0.3842544088541667 0.43419170370370375 0.07966715104166665 0.2618025740740742
1 0.4365611380208333 0.336194388888889 0.05391626562499994 0.10014270370370368
5 0.4816255208333333 0.3082972222222222 0.05552604166666667 0.06437777777777774
3 0.6229555234375002 0.2359814814814815 0.047312911458333315 0.07632407407407413
3 0.3294391380208334 0.34267918518518514 0.04380818229166668 0.14641755555555563
3 0.3838520078125 0.28469262037037035 0.04989285937500002 0.08297609259259263
4 0.27722637499999997 0.3068669351851852 0.04747849999999998 0.16738201851851853
3 0.323095609375 0.25035747222222227 0.04265044791666662 0.09442024074074075
2 0.3851830729166667 0.22136944444444445 0.057113020833333354 0.09563148148148151
3 0.4570817708333334 0.19241756944444446 0.04989270833333338 0.07582226851851853
1 0.5146841145833334 0.2272726388888889 0.05180052083333339 0.08382509259259263
1 0.48380324218750004 0.1776858564814815 0.045823723958333375 0.07674124999999997
3 0.5201880598958333 0.16703562037037037 0.03982299479166661 0.06637124074074076
3 0.6235979166666666 0.12278657407407408 0.04515937500000007 0.0637546296296296
5 0.6485021796875 0.12160555555555556 0.028556442708333307 0.03305740740740739
3 0.3058282630208333 0.17477870370370371 0.03546736979166667 0.07964629629629635
1 0.34285121354166664 0.16150462962962958 0.03484513541666665 0.0707962962962963
3 0.43929756770833334 0.12444690277777778 0.039823010416666686 0.06084071296296295
1 0.3061393229166667 0.13938055555555556 0.03484531250000001 0.06637222222222222
1 0.5749447916666667 0.1006637962962963 0.03982291666666669 0.06415944444444442
5 0.674356234375 0.15879823148148148 0.049892677083333226 0.04291835185185185
3 0.7065450598958333 0.21959956481481485 0.0531115989583333 0.1387699444444445
3 0.7354811796875 0.16924763888888886 0.04355639062500008 0.06637138888888888
1 0.7606815651041666 0.16703549074074076 0.036712088541666785 0.053097537037037006
1 0.781215625 0.2848449074074075 0.0665791666666666 0.18031018518518516
3 0.9072178776041666 0.5514381157407408 0.13564721354166664 0.290929324074074
