2 0.14718463541666668 0.36588935185185184 0.0450984375 0.07288611111111111
1 0.10498325520833333 0.39556507407407404 0.042584531249999995 0.09298994444444444
3 0.06313776041666667 0.4132652777777778 0.03607864583333333 0.09475277777777778
5 0.15295732031249998 0.46423462037037033 0.053232234375 0.10729612962962963
2 0.08445703125 0.5903791666666667 0.0721578125 0.12536388888888889
3 0.25706093750000003 0.5685129629629629 0.10413645833333333 0.14577222222222222
1 0.3452078125 0.16326527777777777 0.04263854166666667 0.061225
3 0.39030598958333335 0.14626781481481482 0.04427864583333333 0.06465951851851852
4 0.2783802083333333 0.3097671296296296 0.04673854166666667 0.15597685185185187
4 0.3193786458333333 0.25291574074074075 0.03525833333333333 0.08600555555555556
2 0.3870260416666667 0.2244898148148148 0.052478125 0.08746296296296295
3 0.4382744791666667 0.19241944444444445 0.036898958333333336 0.08454814814814815
3 0.33946796875 0.3316324074074074 0.05083802083333333 0.15306111111111112
3 0.38292656249999996 0.42419814814814816 0.07215729166666666 0.25364444444444445
3 0.39040281250000003 0.28116906481481485 0.06415145833333333 0.08165142592592592
1 0.4354046875 0.32830108333333335 0.052478125 0.11869087037037036
3 0.49115666406249997 0.3073132638888889 0.057386244791666666 0.0967438425925926
3 0.48501264583333337 0.39067037037037033 0.06641741666666666 0.1516037037037037
5 0.6736059895833333 0.15889212962962962 0.050018229166666664 0.04373240740740741
5 0.6463370520833334 0.12042502777777779 0.03155847916666667 0.03305785185185185
3 0.6217918984375 0.11858157407407409 0.044786921874999996 0.07187388888888889
1 0.5743660182291667 0.10247960185185187 0.03849141145833333 0.06779105555555556
1 0.48546328125 0.16942143518518518 0.055784895833333334 0.0909089814814815
2 0.3111174479166667 0.1443583333333333 0.0298671875 0.06084074074074074
3 0.3484514401041667 0.13219027777777778 0.036089828124999994 0.04977870370370371
1 0.37240755208333337 0.11670362962962963 0.031733854166666665 0.060840888888888896
4 0.40227447916666664 0.11061944444444444 0.025511458333333334 0.04203518518518519
1 0.71028075 0.2151547916666667 0.06284579166666666 0.14712375
