3 0.15169453125000001 0.35714305555555553 0.055757812500000004 0.0816324074074074
1 0.10454635416666667 0.3887934259259259 0.036898958333333336 0.09661403703703704
3 0.05903786979166667 0.42274027777777773 0.05411801041666667 0.099125
2 0.08773671875 0.5772597222222221 0.06887760416666668 0.13994166666666666
3 0.2636207213541667 0.5466474074074074 0.08117730729166667 0.16618111111111109
3 0.34819925 0.13075991203703705 0.03682991666666667 0.04913043518518519
1 0.3714740026041667 0.11809030092592593 0.027378317708333332 0.06361423148148149
4 0.4011798776041667 0.11151574074074073 0.025811078125 0.042274074074074075
1 0.34479765625000003 0.1638894814814815 0.035258854166666666 0.062292240740740745
3 0.387667578125 0.14903330092592593 0.044769927083333334 0.0591285462962963
3 0.43991432291666666 0.12723990277777777 0.043458854166666665 0.0597895462962963
4 0.2779700520833333 0.30466481481481483 0.045918229166666664 0.16618148148148149
4 0.32101848958333334 0.2521865740740741 0.0368984375 0.09621018518518518
3 0.5259098098958334 0.16753346296296295 0.04580205729166666 0.058518259259259256
3 0.36283703125 0.4453352824074074 0.07133760416666667 0.2871720277777778
1 0.4890991276041667 0.30612268518518515 0.06311075520833334 0.099125
3 0.7714301067708332 0.2685392638888889 0.053793546875 0.16760950925925927
3 0.7558480703124999 0.16703199537037036 0.046379078125 0.055302935185185184
5 0.6464148932291667 0.12528609722222223 0.030074578124999998 0.03805743518518519
4 0.6223781666666667 0.12153316666666666 0.044942604166666664 0.06597070370370371
1 0.5741536796875 0.10320830555555555 0.03642715104166667 0.06703607407407408
1 0.15249463541666666 0.519313287037037 0.047478541666666665 0.1630900925925926
3 0.5721377604166666 0.2538944444444445 0.0665890625 0.09034259259259259
1 0.31080625 0.14657083333333332 0.034222916666666665 0.056415740740740745
1 0.7155695625 0.2151549351851852 0.053511916666666666 0.14933642592592594
1 0.7373479166666667 0.16980084722222222 0.048534375000000005 0.07411497222222221
