2 0.150024765625 0.3666180972222222 0.052418281250000004 0.07142862037037037
1 0.10126640625 0.39096660648148146 0.038539062500000006 0.09237671296296297
5 0.15251458333333331 0.45189537037037036 0.057397916666666667 0.07580185185185186
2 0.08650703125 0.5772594490740741 0.0680578125 0.13411073148148148
1 0.3435677083333334 0.16035 0.03771875 0.06122407407407408
3 0.38948619791666667 0.15014583333333334 0.045918229166666664 0.061225
4 0.28084010416666666 0.309037962962963 0.05329791666666666 0.1632648148148148
4 0.32183854166666664 0.2558310185185185 0.03853854166666667 0.09183611111111112
3 0.3845661458333334 0.22740555555555556 0.06231770833333334 0.08454814814814815
3 0.4882927083333333 0.309037962962963 0.05329791666666666 0.09912592592592592
3 0.4854229166666667 0.39067037037037033 0.0672375 0.15451851851851853
5 0.6744260416666666 0.15743425925925925 0.04673854166666667 0.03498518518518518
1 0.4337447291666666 0.3254647453703704 0.051501958333333334 0.12446310185185186
3 0.33732467447916664 0.3341119814814815 0.049065234375 0.16355174074074072
1 0.49276864583333335 0.17768606018518518 0.046487708333333336 0.06493528703703703
3 0.6232658854166666 0.12160601851851852 0.0431671875 0.06611574074074074
1 0.30987291666666666 0.14657083333333332 0.03235625 0.05420277777777778
3 0.34907357552083335 0.13219027777777778 0.03733409895833333 0.05199166666666667
1 0.3724074453125 0.11836260185185186 0.028000734375 0.05973405555555556
4 0.4004080729166667 0.11172588425925925 0.024267187500000002 0.04424823148148148
1 0.5761890624999999 0.10121712962962963 0.04106770833333333 0.06526574074074074
3 0.71183634375 0.21349537037037036 0.06471227083333334 0.14380555555555555
1 0.7634817708333334 0.2632745185185185 0.04355625 0.18805274074074074
