3 0.15940092447916668 0.34548101851851853 0.04493205729166667 0.0816324074074074
1 0.05944765625 0.419825 0.05493802083333333 0.08163333333333334
3 0.07010755208333334 0.48542268518518517 0.061497395833333336 0.12536388888888889
2 0.08158697916666666 0.5758018518518518 0.0713375 0.1370259259259259
3 0.1926932421875 0.6246356944444444 0.07051768229166666 0.12973787037037035
3 0.2628005390625 0.5830901481481481 0.099216703125 0.15160303703703704
1 0.30707916666666674 0.1481285277777778 0.02541875 0.05510661111111111
3 0.3517203177083334 0.12927622685185186 0.030182895833333334 0.0483754537037037
1 0.37144661458333333 0.11718552777777777 0.0262390625 0.059592296296296296
4 0.39932578124999996 0.1115305787037037 0.0262390625 0.046070009259259255
1 0.3399323828125 0.16036901388888888 0.041927265625 0.07073802777777778
3 0.38784609375 0.14883141666666666 0.0491984375 0.06093716666666667
3 0.441356609375 0.1257562175925926 0.04181875 0.05682217592592593
3 0.28903978645833334 0.3505833333333333 0.05001834375 0.22011666666666665
3 0.3349580729166667 0.25583055555555556 0.050018229166666664 0.06851296296296296
4 0.44348347656250003 0.19314861111111112 0.049439296875000004 0.08308981481481481
3 0.5222751822916667 0.1638475925925926 0.033159812500000004 0.059472962962962964
3 0.38763388541666666 0.2891728101851852 0.0381433125 0.07763030555555554
1 0.4352361848958334 0.32944598611111114 0.05609468229166667 0.11370247222222223
3 0.49033661197916667 0.30874387037037043 0.059026348958333336 0.10532751851851851
3 0.6126153958333334 0.23282077777777777 0.06624116666666667 0.08869451851851852
2 0.498845046875 0.4125638148148148 0.06948280208333334 0.11484725925925926
2 0.5637300651041667 0.354227574074074 0.06641742187500001 0.10204114814814816
2 0.7700152109374999 0.2654947546296296 0.04791205729166667 0.17700721296296296
1 0.7528067083333333 0.1576551574074074 0.03503923958333333 0.0697350925925926
3 0.7062606927083334 0.21547268055555557 0.04972971875 0.14775952777777776
5 0.6739497239583334 0.15397363425925928 0.05070569791666667 0.03899162037037037
3 0.6564137708333334 0.11955761111111111 0.03531295833333334 0.04076811111111111
1 0.6226119505208333 0.12317777777777776 0.04314681770833333 0.05976666666666667
2 0.15289687500000002 0.5257509722222222 0.07725312499999999 0.15307601851851851
1 0.5842782239583334 0.10232314814814814 0.04106751041666667 0.06305370370370371
3 0.7351700520833333 0.16703518518518518 0.041690104166666665 0.07079629629629629
