2 0.14718463541666668 0.36588935185185184 0.0450984375 0.0728861111111111
1 0.10498325520833333 0.39556507407407404 0.04258453124999999 0.0929899444444444
3 0.06313776041666667 0.4132652777777778 0.03607864583333333 0.0947527777777778
5 0.15295732031249998 0.46423462037037033 0.05323223437500001 0.10729612962962957
2 0.08445703125 0.5903791666666667 0.0721578125 0.1253638888888888
3 0.25706093750000003 0.5685129629629629 0.1041364583333333 0.1457722222222222
1 0.3452078125 0.1632652777777778 0.04263854166666666 0.06122499999999997
3 0.39030598958333335 0.14626781481481482 0.04427864583333327 0.06465951851851855
4 0.2783802083333333 0.3097671296296296 0.046738541666666696 0.15597685185185184
4 0.3193786458333333 0.25291574074074075 0.03525833333333329 0.08600555555555553
2 0.38702604166666676 0.2244898148148148 0.05247812500000008 0.08746296296296295
3 0.43827447916666673 0.19241944444444442 0.03689895833333339 0.08454814814814814
3 0.33946796875000007 0.3316324074074074 0.05083802083333335 0.1530611111111111
3 0.38292656249999996 0.42419814814814816 0.07215729166666662 0.2536444444444445
3 0.3904028125 0.28116906481481485 0.06415145833333333 0.08165142592592586
1 0.4354046875 0.32830108333333335 0.05247812500000002 0.11869087037037039
3 0.49115666406249997 0.3073132638888889 0.05738624479166668 0.09674384259259262
3 0.4850126458333334 0.39067037037037033 0.06641741666666671 0.15160370370370368
5 0.6736059895833333 0.15889212962962962 0.05001822916666659 0.04373240740740743
5 0.6463370520833335 0.12042502777777779 0.0315584791666667 0.03305785185185187
3 0.6217918984375002 0.11858157407407409 0.0447869218749999 0.07187388888888886
1 0.5743660182291668 0.10247960185185188 0.03849141145833326 0.06779105555555558
1 0.48546328125 0.16942143518518518 0.05578489583333332 0.09090898148148147
2 0.31111744791666673 0.1443583333333333 0.029867187499999955 0.06084074074074074
3 0.3484514401041667 0.13219027777777778 0.03608982812499999 0.049778703703703686
1 0.37240755208333337 0.11670362962962963 0.03173385416666665 0.060840888888888896
4 0.40227447916666664 0.11061944444444444 0.025511458333333317 0.04203518518518517
1 0.71028075 0.21515479166666673 0.06284579166666676 0.14712375000000003
