3 0.152514578125 0.35568517129629634 0.05247813541666667 0.08454817592592592
1 0.10495636197916666 0.39270384722222224 0.040998734375 0.09585117592592593
3 0.05903786979166667 0.4220117638888889 0.05411801041666667 0.09475239814814815
5 0.16030442708333334 0.44778255092592595 0.04017864583333333 0.06866952777777778
2 0.08486700520833335 0.5845481481481482 0.07297744791666667 0.12244814814814815
1 0.3087190104166667 0.14978781944444444 0.03197864583333333 0.05400041666666667
1 0.37240544270833337 0.11756301851851851 0.029241197916666666 0.06034727777777778
4 0.4001458333333333 0.11299988888888889 0.02459895833333333 0.04664722222222222
1 0.3450290390625 0.1625361111111111 0.042934182291666664 0.06851296296296296
3 0.3886661458333333 0.15087453703703704 0.047558333333333334 0.05685092592592593
3 0.44179363541666666 0.12759111574074075 0.0422976875 0.06049197222222222
4 0.27714999999999995 0.309037962962963 0.047558333333333334 0.1632648148148148
4 0.32142864583333336 0.2507287037037037 0.03771875 0.08746296296296295
3 0.38695169791666667 0.22813425925925926 0.0588888125 0.08309074074074074
1 0.4813974869791667 0.17583059722222225 0.03968399479166666 0.08483710185185185
3 0.5264213932291667 0.16625166203703703 0.044278203125 0.0581670462962963
3 0.3611970963541667 0.44752202314814815 0.07297752604166667 0.29737639814814815
3 0.49198425 0.3072998611111112 0.054121625 0.1024395
3 0.5711096354166667 0.2514578703703704 0.0598578125 0.09475277777777778
3 0.48419270833333333 0.3884842592592592 0.06641770833333334 0.14431481481481484
3 0.7699590390625001 0.26679140277777774 0.04926886979166667 0.16774462037037036
3 0.7550134973958332 0.1672338796296296 0.045559286458333334 0.05791909259259259
5 0.6703263020833333 0.15670555555555554 0.050018229166666664 0.03644259259259259
5 0.6477768229166666 0.12553905555555556 0.03115885416666667 0.03644259259259259
3 0.6222020546875001 0.1209428472222222 0.043966609375 0.06715134259259259
3 0.5693881432291666 0.09971411574074075 0.02853566145833333 0.06004769444444445
3 0.35280703125 0.1310839212962963 0.02862239583333333 0.04977845370370371
3 0.712458453125 0.21460155092592592 0.06471226041666667 0.1460172685185185
1 0.7392145833333333 0.16980070370370373 0.046045833333333334 0.0719022962962963
3 0.6536572916666666 0.561394037037037 0.10764687499999999 0.41924733333333336
