1 0.10331640625 0.39019725 0.03607864583333334 0.08797675925925927
2 0.09101666666666668 0.5816324074074074 0.07543750000000002 0.13702592592592588
3 0.193513125 0.6377553287037036 0.0705175 0.13556897222222222
1 0.34497999739583324 0.16253657407407404 0.04303226562499993 0.06559722222222225
3 0.3880497135416666 0.14687460648148148 0.04632546874999998 0.06485078703703703
4 0.2783802083333333 0.30320694444444446 0.046738541666666696 0.16326574074074074
2 0.38620625 0.22740509259259256 0.05247812500000002 0.08746388888888887
3 0.3870261302083333 0.2827989629629629 0.0573977395833334 0.0845483703703704
3 0.3804664453125 0.4300291666666667 0.07379731770833331 0.2653064814814816
1 0.4333544270833334 0.32871759259259264 0.05001822916666665 0.11807592592592597
1 0.4907314375 0.30758009259259256 0.06145558333333335 0.10495648148148154
3 0.48460286458333335 0.39067037037037033 0.06395781249999999 0.15451851851851853
3 0.6219479166666666 0.2332361111111111 0.04837812499999998 0.08163333333333332
5 0.6473671875 0.12099120370370371 0.02869895833333326 0.03790092592592594
3 0.6219478411458332 0.12171990740740739 0.041818598958333196 0.06268240740740741
5 0.6662263020833332 0.15962083333333332 0.03853906249999994 0.039358333333333315
1 0.7822901692708334 0.2745605833333334 0.06567408854166672 0.1876045
3 0.2648505208333333 0.5459180555555554 0.09839687500000004 0.1472305555555555
5 0.15651822916666666 0.4656648148148148 0.057135416666666675 0.11015740740740743
1 0.15209219791666667 0.3526467962962963 0.05311143750000002 0.09012907407407414
3 0.3343614270833334 0.33190260185185183 0.06035416666666672 0.16595185185185185
1 0.5727669270833332 0.10177013425925925 0.039200520833333266 0.06415973148148149
3 0.7305034036458335 0.17090707870370367 0.0510234010416666 0.0763274351851852
3 0.8988733567708334 0.6008583888888889 0.14002152604166654 0.32331851851851856
