3 0.15128463541666667 0.3564143518518519 0.054938020833333316 0.080175
1 0.10536614583333333 0.3909259490740741 0.04181874999999999 0.0951566203703704
3 0.05739791666666667 0.4205537037037037 0.05739791666666667 0.09183703703703706
5 0.15661458333333336 0.44460648148148146 0.052478124999999994 0.06705555555555558
2 0.08609687499999999 0.5830904814814815 0.062317708333333326 0.13702644444444445
3 0.19474296874999997 0.625364351851852 0.06969739583333334 0.1253638888888888
3 0.266080578125 0.5393583750000001 0.09429657291666667 0.14577213888888885
3 0.34693121875000005 0.13528331481481487 0.03788535416666671 0.05596485185185184
1 0.3111791666666666 0.14780266666666664 0.03361875000000006 0.0566672777777778
1 0.37185677083333335 0.11788887962962961 0.02869895833333338 0.05436183333333332
4 0.40108083854166665 0.1107875 0.024368531250000085 0.0466472222222222
1 0.3455877109375 0.16690972222222222 0.03683896354166668 0.06268240740740738
3 0.3878308776041666 0.14810271296296296 0.046402901041666667 0.059479759259259246
3 0.4404649088541666 0.12613370833333334 0.043710671874999996 0.055364768518518515
4 0.2783800364583333 0.30830925925925917 0.04509826041666667 0.1530611111111111
4 0.3201984375 0.2521865740740741 0.03853854166666668 0.0845472222222222
4 0.3870295390624999 0.22842326851851855 0.05740491145833335 0.08376507407407409
3 0.4446220364583333 0.19279569907407407 0.0475583333333334 0.08470643518518517
1 0.47999116927083324 0.1750655740740741 0.04085600520833328 0.08330705555555555
3 0.5264213541666666 0.16618071296296297 0.04755833333333334 0.05830894444444447
3 0.49237128124999996 0.3083092592592592 0.058175895833333394 0.10349814814814817
3 0.4850127604166667 0.3848393518518518 0.07133697916666666 0.1399416666666666
1 0.7703263281249999 0.26836350000000003 0.05102322916666656 0.16947037037037035
3 0.7562724869791668 0.16517128240740744 0.04801918229166671 0.05821867592592595
5 0.6731960937500001 0.15889212962962962 0.049198437500000004 0.04081574074074073
5 0.6485631640624999 0.125262287037037 0.0310909114583333 0.033527777777777774
3 0.6222020546875001 0.11948543981481478 0.04396660937499999 0.06423652777777775
3 0.5694697916666667 0.09843185185185185 0.027059375000000094 0.05969555555555555
3 0.5727497395833332 0.25364444444444445 0.06477760416666657 0.09037962962962962
3 0.6133177526041665 0.23208703703703704 0.043808421874999816 0.10280370370370372
3 0.7130808489583332 0.21294243518518516 0.0659570520833333 0.14491142592592587
1 0.7376589635416667 0.16980070370370373 0.04666748958333346 0.07190229629629627
