1 0.15531643749999996 0.35349854166666667 0.049882145833333315 0.10058308333333328
1 0.10618621354166666 0.37390680092592593 0.05001819791666665 0.10641417592592596
5 0.15458209375000004 0.4638228935185185 0.05326289583333332 0.09502776851851844
2 0.08773671875 0.5874634259259259 0.0787171875 0.13702685185185187
3 0.2582907161458333 0.5524782685185186 0.1049560677083333 0.1807582777777778
1 0.3478155286458333 0.16180740740740743 0.047262692708333394 0.06122407407407411
3 0.38579609374999996 0.14810271296296296 0.03525885416666661 0.059479759259259246
4 0.28289010416666666 0.3002916666666667 0.04263854166666669 0.1632648148148148
2 0.38784609375000006 0.22667638888888889 0.04919843749999995 0.08892129629629626
3 0.3304484375 0.33381944444444445 0.04263854166666672 0.1370259259259259
3 0.38866614583333337 0.2879009259259259 0.055758333333333354 0.08600555555555553
3 0.38292630208333345 0.42930046296296304 0.07379739583333329 0.26093240740740753
1 0.43554528385416663 0.3294462916666667 0.051119734374999955 0.11661852777777779
1 0.4882927083333333 0.30612268518518515 0.056578125 0.099125
3 0.48542291666666676 0.388484125 0.06723750000000006 0.14431454629629636
4 0.5715195312500001 0.2674925925925926 0.05575781250000003 0.06851296296296294
3 0.6215377604166666 0.23396527777777779 0.04591822916666667 0.08017500000000002
3 0.5686497395833335 0.10026721296296297 0.03033906249999999 0.05894150000000002
3 0.6223578125000001 0.11880462962962962 0.045918749999999994 0.06851296296296296
5 0.6463098307291666 0.1220572685185185 0.030813286458333287 0.03868361111111113
5 0.67442578125 0.15889212962962962 0.05001822916666671 0.04373240740740743
3 0.7356825781249999 0.16836759259259257 0.04263854166666654 0.06851296296296296
3 0.7059947916666667 0.21753481944444444 0.0524781249999999 0.14303423148148148
1 0.7834213385416666 0.28263274537037036 0.06465621875000001 0.1780973425925926
3 0.18589047135416661 0.6101572638888889 0.08851948437500003 0.1673817685185187
3 0.5192546432291667 0.15542027314814813 0.04542300520833334 0.0807520462962963
1 0.3132950520833333 0.16980078240740742 0.04666718749999994 0.08738917592592593
2 0.8972622838541666 0.5459070277777778 0.1157358489583333 0.29977887037037027
