3 0.15128454427083332 0.3571428796296297 0.05329825520833332 0.0903790555555556
1 0.10372630208333332 0.3901699861111111 0.04017864583333333 0.09364469444444441
3 0.05821796874999999 0.4234694444444444 0.05903802083333333 0.09475185185185189
2 0.09142656249999999 0.5728861111111111 0.06149791666666668 0.14285740740740746
3 0.193103125 0.6290087314814815 0.07133749999999998 0.11516031481481484
3 0.3525694114583333 0.13186610648148148 0.028147677083333336 0.05134282407407408
1 0.37226666666666663 0.11826590740740743 0.029518750000000024 0.06396544444444445
4 0.39928221875000003 0.11297407407407407 0.02869895833333338 0.04227407407407408
3 0.387370984375 0.15014583333333337 0.04660759375 0.058308333333333316
3 0.44135660937500004 0.12723990277777775 0.04345833333333336 0.05757715740740739
4 0.2787901927083334 0.30247824074074076 0.04591857291666669 0.16472314814814812
4 0.3189684895833333 0.2492708333333333 0.03607864583333331 0.09621018518518515
3 0.5231241640625001 0.1671564351851852 0.03768419270833334 0.0621889814814815
3 0.42884479166666656 0.30903787037037034 0.05411770833333325 0.1282798148148148
3 0.48993255208333336 0.3039361111111111 0.05001822916666671 0.10058333333333339
5 0.5879192708333335 0.27332361111111114 0.04263854166666654 0.04810462962962961
3 0.6137481770833334 0.23104953703703704 0.0516578125 0.08017500000000002
3 0.7707154505208335 0.26984718518518525 0.049312536458333396 0.1658005740740741
1 0.7537399869791667 0.15800683333333332 0.03317268229166667 0.07043844444444444
5 0.6465471354166666 0.12382822685185185 0.03033906249999999 0.03514169444444442
3 0.6227678932291667 0.12099120370370371 0.04283493229166666 0.06413981481481482
3 0.5693881432291666 0.0995380462962963 0.02853566145833343 0.06190794444444443
1 0.38219453124999997 0.22373072685185183 0.05512135416666665 0.09090891666666666
1 0.7410814166666667 0.1686946851851852 0.042312166666666685 0.06969025925925926
