2 0.15866432291666668 0.36370281944444444 0.061497395833333336 0.06559806481481482
2 0.15948436979166666 0.5327989398148149 0.06641771875 0.14431508333333332
2 0.08855677083333333 0.5823615740740741 0.07051770833333333 0.14723055555555553
3 0.19392317708333331 0.6333817037037037 0.0680578125 0.13556896296296297
3 0.2636205026041667 0.5903791666666667 0.09593683854166667 0.18075833333333333
3 0.2906796875 0.3505828703703704 0.056578125 0.2317787037037037
3 0.3544913307291667 0.1327450648148148 0.029502578125 0.05531312962962963
1 0.37353661197916666 0.11864339814814816 0.029014598958333335 0.06029564814814815
4 0.40153716666666667 0.11444585648148149 0.025742041666666667 0.04747578703703704
3 0.4419071953125 0.1286571203703704 0.04331503645833333 0.05393518518518518
3 0.38727194531250003 0.14991179629629628 0.046805671874999996 0.06088553703703703
1 0.3396067447916667 0.1632652777777778 0.04008960416666667 0.0699712962962963
3 0.5230107161458333 0.1644167638888889 0.034177682291666664 0.06113441666666667
1 0.4366345625 0.3367347222222222 0.054937875000000004 0.11953425925925927
1 0.4870625 0.3102285416666667 0.052478125 0.10257439814814814
3 0.6084031614583334 0.2412537037037037 0.060646947916666666 0.08309074074074074
3 0.5124818281250001 0.38932196296296295 0.08199698958333333 0.13724392592592594
3 0.6564443177083333 0.11953379629629629 0.03514365625 0.04664722222222222
3 0.6998907916666667 0.13031443981481483 0.035258854166666666 0.07178767592592593
5 0.6732002317708333 0.15789962037037036 0.04919016145833333 0.04757701851851852
4 0.8072611979166667 0.19852809259259258 0.041818229166666665 0.051923444444444446
3 0.7088629817708334 0.21622256481481483 0.058214296875 0.14704690740740742
3 0.7312578958333333 0.16464399999999998 0.035824916666666665 0.07486322222222222
1 0.6240961119791667 0.12244907407407409 0.04283493229166667 0.06122407407407408
3 0.07282708333333333 0.4856939814814816 0.06518229166666667 0.1301861111111111
1 0.06357308333333332 0.42346197685185183 0.061159041666666664 0.09728160185185186
3 0.3319473958333333 0.254649537037037 0.047478125 0.06294722222222222
2 0.38783945833333333 0.2237308148148148 0.05711329166666667 0.0909090925925926
1 0.3111171875 0.14601767129629628 0.03235625 0.05752206481481481
1 0.5845894218750001 0.10066365277777778 0.04168990625 0.061946768518518526
1 0.7532149687499999 0.16039814814814815 0.030489312499999997 0.06858333333333333
1 0.7718819661458334 0.265486662037037 0.060356640625 0.17477887962962962
