2 0.09265677083333333 0.5743439814814815 0.0754375 0.14577314814814815
3 0.26280071875 0.5473759259259259 0.10249647916666667 0.15306111111111112
1 0.3464375 0.1618074074074074 0.03361875 0.058309259259259255
1 0.3714467838541667 0.11713389814814815 0.029518932291666668 0.06170142592592593
3 0.3907161458333333 0.14897987499999998 0.04181875 0.05475517592592593
4 0.2763302083333333 0.309037962962963 0.047558333333333334 0.1632648148148148
3 0.32388854166666664 0.2492708333333333 0.04263854166666667 0.0903787037037037
2 0.38948619791666667 0.22886296296296296 0.0491984375 0.08746296296296295
3 0.3370080729166667 0.3330902777777777 0.045918229166666664 0.12973796296296294
3 0.38825598958333335 0.28644305555555555 0.05493802083333333 0.08308981481481481
3 0.3812864583333333 0.4293 0.0754375 0.25510185185185186
1 0.43253463541666665 0.3287171296296296 0.04673802083333333 0.11224537037037037
1 0.48950902343749997 0.306851337962963 0.06229096354166667 0.09766769444444444
3 0.48460286458333335 0.39067037037037033 0.06559739583333334 0.1516037037037037
3 0.5735697239583334 0.2572885324074074 0.06149805208333334 0.08892108333333333
3 0.6211278645833332 0.2361513888888889 0.043458854166666665 0.07871759259259259
1 0.7834213385416666 0.2803911388888889 0.06465621875 0.17594338888888889
5 0.67319609375 0.15889212962962962 0.0491984375 0.03790092592592593
3 0.7059947916666667 0.21678030092592593 0.052478125 0.13931280555555556
5 0.64681809375 0.12223197222222221 0.03050159375 0.034310462962962966
3 0.6227679036458333 0.12099120370370371 0.04509830729166667 0.061225
5 0.1545065104166667 0.4613731481481481 0.05954947916666666 0.10443518518518519
1 0.10018776041666667 0.3805437407407407 0.06035364583333334 0.11731066666666667
3 0.47184908333333336 0.17119247222222223 0.03652579166666667 0.08264468518518518
3 0.5232990572916667 0.1570794537037037 0.042311979166666666 0.0752212962962963
1 0.5740113854166666 0.10232291203703704 0.03795639583333333 0.06526528703703703
3 0.9000621718749999 0.6028761203703704 0.13751392708333335 0.32300887037037035
