2 0.150024765625 0.3666180972222222 0.052418281250000004 0.07142862037037034
1 0.10126640625 0.39096660648148146 0.038539062500000006 0.092376712962963
5 0.15251458333333331 0.4518953703703704 0.05739791666666665 0.07580185185185188
2 0.08650703125 0.5772594490740742 0.0680578125 0.13411073148148162
1 0.3435677083333334 0.16035 0.03771875000000004 0.06122407407407409
3 0.38948619791666667 0.15014583333333337 0.04591822916666667 0.061225000000000016
4 0.28084010416666666 0.309037962962963 0.053297916666666605 0.1632648148148148
4 0.32183854166666664 0.2558310185185185 0.03853854166666674 0.0918361111111111
3 0.3845661458333334 0.22740555555555556 0.06231770833333338 0.08454814814814816
3 0.4882927083333333 0.309037962962963 0.053297916666666605 0.09912592592592596
3 0.48542291666666676 0.39067037037037033 0.06723750000000006 0.15451851851851853
5 0.6744260416666666 0.15743425925925925 0.04673854166666658 0.034985185185185175
1 0.43374472916666656 0.3254647453703704 0.05150195833333336 0.12446310185185183
3 0.33732467447916664 0.3341119814814815 0.04906523437499999 0.16355174074074078
1 0.49276864583333335 0.17768606018518515 0.046487708333333266 0.06493528703703706
3 0.6232658854166666 0.12160601851851852 0.043167187499999926 0.06611574074074071
1 0.30987291666666666 0.14657083333333332 0.03235625000000001 0.054202777777777766
3 0.34907357552083335 0.13219027777777778 0.037334098958333325 0.051991666666666665
1 0.3724074453125 0.11836260185185186 0.02800073437499998 0.05973405555555556
4 0.4004080729166667 0.11172588425925925 0.024267187499999978 0.04424823148148149
1 0.5761890624999999 0.10121712962962963 0.041067708333333286 0.06526574074074074
3 0.7118363437500002 0.21349537037037036 0.06471227083333335 0.1438055555555555
1 0.7634817708333335 0.2632745185185185 0.04355624999999996 0.18805274074074071
