2 0.15456458333333334 0.36224490740740745 0.0631375 0.0714287037037037
1 0.058217817708333335 0.4205537037037037 0.052477906250000005 0.09475185185185185
3 0.06969739583333334 0.48906666666666665 0.06231770833333334 0.12682222222222223
2 0.16112421875 0.5262393518518518 0.06477760416666667 0.13994166666666666
1 0.08691692447916667 0.5728861388888888 0.07379740104166667 0.14285746296296295
1 0.10987610416666668 0.6705538888888888 0.0705171875 0.19241992592592594
3 0.26403066666666664 0.5860058888888888 0.10003633333333334 0.15743451851851853
1 0.3549157473958333 0.13259481018518518 0.03035141145833333 0.05280023148148148
1 0.3719429401041666 0.11736159722222222 0.023951505208333335 0.062156824074074066
1 0.34151796875 0.16328475462962963 0.035258854166666666 0.06993234259259258
3 0.38860093229166665 0.14885736111111111 0.04663663541666666 0.06320144444444445
3 0.4427841145833334 0.12630931481481483 0.04427864583333333 0.05571598148148148
3 0.292319734375 0.3411078703703704 0.05657823958333333 0.221575
3 0.335778125 0.2545233287037037 0.048378125 0.07464432407407408
3 0.3812864583333333 0.2332361111111111 0.047558333333333334 0.09329444444444444
3 0.5223594401041667 0.16618055555555555 0.035480234375 0.06122407407407408
3 0.38415625 0.2747814814814815 0.04181875 0.07725925925925926
1 0.4362244791666666 0.3330902777777778 0.057397916666666667 0.11516018518518518
1 0.48583272656250004 0.30612268518518515 0.05001822395833333 0.099125
3 0.7947493802083333 0.18419918981481484 0.03115885416666667 0.0852125462962963
1 0.7705957942708334 0.26988908796296296 0.050484296875 0.15924719444444446
3 0.7002552083333333 0.13330016666666666 0.03771875 0.05976666666666667
3 0.6561595546875 0.12059986574074076 0.037149598958333335 0.04521389814814815
5 0.6751872083333335 0.1545189814814815 0.04662129166666666 0.04081574074074074
1 0.6230999479166666 0.1206660787037037 0.04217082291666666 0.06423652777777777
1 0.5843625651041667 0.10245378703703703 0.04089876562500001 0.06331464814814815
1 0.7522834401041666 0.15690063888888892 0.034841307291666665 0.06822605555555555
1 0.7191852760416667 0.21499193055555554 0.06245909375 0.14901041666666667
3 0.73828125 0.1686949074074074 0.031734375 0.06305277777777778
3 0.7703263932291667 0.18473469907407408 0.024889244791666668 0.06194726851851851
