2 0.14882473958333334 0.3615160416666667 0.05493802083333333 0.09037902777777779
1 0.10577604166666667 0.3916819166666667 0.04263854166666667 0.08808487037037037
2 0.09224687499999999 0.587463675925926 0.07625729166666666 0.11953375925925927
3 0.193513125 0.6384842592592592 0.0705175 0.13411111111111113
1 0.3715475651041667 0.1160277037037037 0.02972013020833333 0.059489037037037035
1 0.34479765625 0.16180787037037037 0.041818229166666665 0.06413981481481482
3 0.38866614583333337 0.14723055555555553 0.04263854166666667 0.06122407407407408
4 0.27756015625 0.3097671296296296 0.04673802083333333 0.16472314814814815
2 0.38579635416666663 0.22740555555555556 0.051658333333333334 0.09329444444444444
3 0.3878461015625 0.28644312037037034 0.055757796875 0.08017487037037037
3 0.38292656249999996 0.43294490740740743 0.07215729166666666 0.259475
1 0.4333544270833334 0.330175 0.050018229166666664 0.12682222222222223
1 0.4915723958333333 0.3083087962962963 0.05329791666666666 0.09766759259259258
3 0.4858326979166667 0.38775495833333334 0.06805752083333334 0.14577287962962962
1 0.7733668072916667 0.27176928240740744 0.04618673958333333 0.17327560185185187
3 0.7317477864583333 0.169825 0.05102322916666667 0.06851296296296296
5 0.6682763020833333 0.15889212962962962 0.039358854166666665 0.03790092592592593
5 0.6468417942708334 0.12309952314814815 0.030548994791666666 0.03368428703703704
3 0.6233541614583333 0.12099120370370371 0.04299061458333333 0.06413981481481482
5 0.15611588541666668 0.465665037037037 0.054721354166666666 0.11015696296296297
3 0.6198890625 0.23676018518518518 0.05344583333333333 0.0809962962962963
1 0.30956154947916664 0.1421461342592593 0.03795606770833333 0.06747810185185185
4 0.3994744791666667 0.11061944444444445 0.028622916666666668 0.039822222222222224
1 0.573078125 0.10342924999999999 0.039822916666666666 0.06526557407407407
1 0.7071696145833334 0.20851762499999998 0.061601395833333336 0.16039808333333333
