3 0.6551567708333333 0.11897933333333334 0.03771875000000004 0.0437324074074074
5 0.6731502838541665 0.15889212962962962 0.049198296875000005 0.04664722222222224
3 0.7306592239583334 0.16534688888888888 0.0326680104166666 0.06741944444444449
4 0.8066508750000001 0.19928261111111112 0.040597583333333395 0.044582925925925936
1 0.7723925000000001 0.26589806018518514 0.060580041666666654 0.1711766574074074
2 0.15128463541666667 0.36588888888888893 0.05657760416666668 0.08454814814814816
2 0.08240703125 0.5845481481481482 0.06477760416666666 0.15160370370370368
1 0.15702447916666665 0.5342564814814813 0.06969791666666665 0.14722962962962957
1 0.12053567708333332 0.6734691666666667 0.07215781249999999 0.21574388888888893
3 0.35311808593750005 0.13277077777777777 0.029245026041666716 0.05536455555555556
1 0.37240735416666665 0.11811611574074074 0.02551161458333328 0.06366586111111112
1 0.33890011718750007 0.16107870370370367 0.04150285937499998 0.07142777777777774
3 0.3876821015625 0.14772522222222223 0.04722982812499996 0.06314955555555556
3 0.441596078125 0.1270380185185185 0.042692802083333405 0.05938577777777778
3 0.5227315104166668 0.1661805509259259 0.035258854166666666 0.06122408333333335
3 0.33361501302083335 0.25364444444444445 0.048971692708333354 0.06997037037037034
3 0.28944973958333337 0.3520407407407408 0.055757812500000004 0.22886296296296293
3 0.6086432083333334 0.2332361111111111 0.06231770833333338 0.09037962962962962
1 0.43540450260416663 0.3381926157407407 0.059037869791666725 0.11661847222222221
1 0.4891125 0.3097666666666667 0.056578125000000055 0.11807592592592597
3 0.26157075520833334 0.5852771574074074 0.09511651041666666 0.17346975925925928
1 0.6235979921875 0.12317777777777776 0.043831171874999936 0.06268148148148146
3 0.6996187291666665 0.12731737962962963 0.033165979166666776 0.06865479629629627
3 0.07282708333333333 0.48783981481481475 0.06679166666666667 0.1316166666666667
1 0.062365776041666675 0.42274669907407403 0.06035386458333334 0.09585104629629626
3 0.39672756770833334 0.2818310231481481 0.0531113854166667 0.0743916574074074
1 0.3117395833333333 0.1482300925925926 0.031111458333333293 0.05973425925925929
1 0.5849004401041669 0.10176990740740739 0.04355641145833324 0.061947222222222244
3 0.7090361875000002 0.21515484722222222 0.056623416666666655 0.14491154629629635
1 0.7535259244791667 0.15652638888888887 0.03360080729166673 0.07190277777777777
