3 0.15333463541666667 0.3527694444444444 0.055757812500000004 0.08454814814814815
1 0.1049562734375 0.38729536111111107 0.04263849479166667 0.09647912962962964
3 0.06723765885416667 0.41404631481481485 0.040998640625 0.08131151851851852
2 0.091016765625 0.573615287037037 0.06887760416666668 0.1443146111111111
3 0.19105321093750002 0.631924537037037 0.07543732812500001 0.12390648148148146
3 0.2664905625 0.577988412037037 0.09511654166666667 0.16472317592592592
3 0.3523425520833333 0.1316388703703704 0.030182895833333334 0.05088835185185185
4 0.4009675390625 0.11185643981481481 0.025386401041666666 0.04672173148148148
3 0.38825625 0.14795292129629628 0.048378125 0.06139256481481482
3 0.4414970390625 0.12613370833333332 0.04289088020833333 0.0575771574074074
4 0.27919999739583334 0.299562962962963 0.048378130208333335 0.1705537037037037
3 0.45385390625 0.18950416666666667 0.0368984375 0.08746388888888888
3 0.5242406640625 0.16678868055555557 0.03918459895833334 0.06244034259259259
1 0.4300748151041667 0.3323615740740741 0.048378494791666664 0.12244907407407409
1 0.4829627604166667 0.3053935185185185 0.0491984375 0.10349814814814816
3 0.5768496119791667 0.25719325925925923 0.05001797395833333 0.07513418518518518
3 0.6181366822916666 0.2275685925925926 0.04994159375 0.0813054074074074
1 0.7704822343750001 0.26851329166666665 0.04946694791666666 0.1675575648148148
1 0.75396328125 0.1581824398148148 0.03197864583333333 0.06857726851851852
3 0.7119469739583334 0.21313585185185183 0.0532984375 0.14972303703703704
3 0.7076370729166667 0.12874799537037035 0.03115397916666667 0.06865478703703704
5 0.6743596197916667 0.1545189814814815 0.04988590625 0.04081574074074074
5 0.6487188463541665 0.12390648148148149 0.028123109375 0.03498518518518518
3 0.22894313281249998 0.45708156944444445 0.071620171875 0.1502146388888889
3 0.6226018229166667 0.11747361111111111 0.0444953125 0.07438055555555556
2 0.3136059895833333 0.14601805555555555 0.026133854166666668 0.05309722222222222
1 0.37178515624999997 0.11780950462962962 0.028000520833333334 0.06084025
1 0.7420146692708334 0.16869450925925925 0.042934203125 0.07411468518518519
