1 0.05872516666666667 0.4220656296296296 0.05146320833333333 0.09183703703703706
3 0.06805755208333333 0.4897958333333334 0.06231822916666665 0.12828055555555562
2 0.086831296875 0.5816328703703704 0.06904886458333334 0.14868796296296305
1 0.19269296874999997 0.4890671296296296 0.05903802083333331 0.1384842592592592
3 0.1926930625 0.6319242962962962 0.07379720833333335 0.1326532592592593
3 0.26403048697916665 0.5809035740740741 0.0967568072916667 0.147229888888889
3 0.35268532291666665 0.13108406944444445 0.031355020833333275 0.05862832407407409
1 0.37071299218750003 0.11477171759259258 0.026411401041666654 0.06803900925925925
4 0.4003598255208332 0.11176291666666666 0.02417097395833334 0.048598055555555554
1 0.33931014843749996 0.1603982314814815 0.040682796874999975 0.06858407407407409
3 0.44197884375 0.12648492129629632 0.04345833333333336 0.06049197222222223
3 0.29231661197916664 0.34925167592592593 0.06478344270833333 0.2286096111111111
3 0.33290816145833335 0.25291555555555556 0.050838197916666654 0.06851333333333334
1 0.4818345208333332 0.17390325462962963 0.03382210416666667 0.07958428703703704
4 0.4419642708333333 0.19096203703703704 0.04591833333333331 0.08163333333333332
3 0.38907604166666665 0.29339720370370365 0.036898958333333336 0.06318925925925925
1 0.4351353880208333 0.33527718055555555 0.051939526041666656 0.11370304629629623
1 0.4907524322916667 0.3097671296296296 0.05985763541666659 0.1064138888888889
3 0.6133380208333333 0.23396527777777779 0.06723750000000012 0.08892129629629629
1 0.4982101692708333 0.39367224074074075 0.06549554687499999 0.1611762592592592
4 0.8108641744791666 0.19601565740740742 0.03963779687499987 0.03362424074074073
1 0.7712180286458333 0.2629306898148148 0.051728765625000034 0.17851624999999996
1 0.7532313125000001 0.15579444444444446 0.03667896875000001 0.06822605555555557
5 0.673577765625 0.1574347222222222 0.04340240625000007 0.03790092592592592
3 0.6555735494791667 0.1216416574074074 0.03699340104166661 0.04493620370370373
1 0.6232659401041667 0.12026203703703701 0.04449527604166666 0.05976666666666667
1 0.14927578385416668 0.5343348796296297 0.07322968229166667 0.16452098148148142
3 0.5229881510416666 0.16537602314814817 0.03546744791666659 0.06084054629629631
1 0.5830336927083334 0.10121675 0.03857844791666665 0.06084057407407406
3 0.70903615625 0.21460169444444446 0.05537872916666669 0.14822994444444443
3 0.73423671875 0.16537638888888886 0.043556770833333404 0.07190277777777775
