3 0.15169453125000001 0.3571425925925925 0.054118229166666657 0.08454814814814811
1 0.10331614583333334 0.39234316203703706 0.037718749999999995 0.10085226851851843
3 0.05862786458333333 0.4205537037037037 0.05657760416666666 0.09475185185185189
5 0.15251458333333331 0.4446064814814815 0.06395729166666667 0.06997037037037035
2 0.08732708333333333 0.5750731481481481 0.0713375 0.1355685185185185
3 0.19392317708333331 0.6304662037037038 0.07461718749999996 0.11516018518518513
3 0.2685405625 0.5400876851851851 0.09101654166666663 0.15306166666666668
1 0.31076901041666655 0.14739982407407407 0.029519270833333344 0.05364920370370369
3 0.3479026536458332 0.13460577777777777 0.03748119270833339 0.05682216666666668
1 0.37144687500000007 0.11588888888888889 0.029518750000000024 0.05976666666666667
4 0.40055764322916676 0.11115308796296296 0.02705554687499999 0.04531502777777777
1 0.34932111718750003 0.16610187037037036 0.04430577604166661 0.05786746296296296
3 0.3895695 0.14830413425925926 0.047391208333333344 0.05988260185185184
3 0.44179363541666666 0.1255806111111111 0.04229768749999998 0.0542585740740741
4 0.2779700520833333 0.30903796296296293 0.04591822916666667 0.16035
4 0.32183854166666664 0.2514578703703704 0.036898958333333336 0.0918361111111111
4 0.3870295390624999 0.22740509259259262 0.05740491145833335 0.08163240740740745
3 0.44319427083333335 0.19169074074074074 0.04837812500000004 0.07725925925925926
1 0.47973721614583337 0.1752044212962963 0.04167631770833336 0.08594602777777778
3 0.5267941197916667 0.16680475925925925 0.04681280208333334 0.057060851851851856
3 0.36078728125000004 0.4438773981481482 0.07051727083333338 0.29300261111111114
3 0.49237128124999996 0.3027878888888889 0.058175895833333394 0.09828688888888892
3 0.48624270833333333 0.387025925925926 0.06559791666666666 0.14431481481481487
3 0.5706997395833333 0.2514574074074074 0.060677604166666656 0.08600555555555556
1 0.7706945729166667 0.26851329166666665 0.04904227083333327 0.16755756481481474
3 0.7550134973958331 0.16630329166666666 0.0455592864583334 0.05384552777777777
5 0.6740158854166668 0.15743425925925925 0.050838020833333414 0.034985185185185175
5 0.6485971354166666 0.12487048148148147 0.03115885416666681 0.03250364814814817
3 0.6233541614583333 0.12007575925925927 0.042990614583333434 0.06305588888888887
3 0.5702898437500001 0.09898494907407406 0.02705885416666677 0.05858936111111113
3 0.6146319739583334 0.23364475462962964 0.048189177083333354 0.09968826851851852
3 0.7133919661458333 0.2151546481481481 0.06533481770833328 0.14491107407407405
1 0.73828125 0.17145996296296295 0.0479125000000001 0.0752208148148148
1 0.8847907708333334 0.580829912037037 0.12312232291666672 0.33190302777777764
