1 0.10495616666666668 0.3811952546296296 0.05411787500000001 0.10349837962962964
2 0.08855703124999999 0.5816324074074074 0.07871718749999998 0.13702592592592588
1 0.34340441145833334 0.16180740740740743 0.0396849270833334 0.06122407407407411
3 0.38600843229166676 0.14795925925925926 0.04099843749999999 0.06268148148148148
4 0.27756015625 0.3061225324074074 0.04673802083333337 0.15743456481481477
3 0.32511848958333334 0.2514578703703704 0.04181822916666669 0.08308981481481478
2 0.38825625 0.2272426296296296 0.053297916666666605 0.08612635185185187
3 0.44278437499999995 0.19169074074074074 0.04263854166666672 0.08309074074074074
3 0.48333883333333344 0.17930046296296295 0.04011099999999998 0.08163240740740742
3 0.33331796875 0.33163287037037037 0.04509843749999997 0.12973796296296292
3 0.38702604166666676 0.28498564814814814 0.0573979166666667 0.080175
3 0.38333645833333324 0.4336736111111112 0.0762572916666666 0.26676388888888897
1 0.43171458333333335 0.3294458333333334 0.04345833333333336 0.12244907407407413
1 0.49237128124999996 0.30685118055555555 0.058175895833333394 0.10058282407407404
3 0.4858328125000001 0.3921282407407407 0.06805729166666664 0.15160277777777778
3 0.5739796875 0.25656018518518514 0.06067812499999998 0.08454814814814814
3 0.6231778645833332 0.23323611111111114 0.05083802083333353 0.0787166666666667
3 0.5225165625 0.16205752314814817 0.04138833333333333 0.07411504629629627
3 0.5690598958333333 0.09916101851851854 0.027879166666666677 0.0611538888888889
5 0.64681809375 0.12099120370370371 0.030501593749999976 0.03206944444444446
5 0.6740161458333332 0.15597638888888887 0.0475583333333334 0.03790092592592594
3 0.7068148437499999 0.2171319722222222 0.050838020833333414 0.1444409444444444
1 0.7833225598958333 0.2807686296296296 0.06609824479166673 0.17961318518518524
3 0.62187 0.11880462962962961 0.04330250000000006 0.07142777777777774
5 0.15732317708333332 0.4670957083333333 0.05069739583333332 0.10157339814814806
1 0.15611588541666668 0.3562229861111111 0.05472135416666668 0.10586513888888892
3 0.7348588645833334 0.16703556944444445 0.04355622916666668 0.06858441666666666
3 0.7563260416666666 0.16758830092592591 0.04542291666666666 0.04756599074074075
3 0.9009955755208333 0.5730088518518518 0.11698008854166678 0.3163716851851852
1 0.17893835677083333 0.615677398148148 0.083904109375 0.21765616666666665
