3 0.15661423958333334 0.3520408009259259 0.04755833333333333 0.07142860185185182
1 0.10536640624999999 0.39095320370370373 0.03525885416666665 0.1009335925925926
3 0.059857812499999996 0.4220115740740741 0.055758333333333326 0.0947527777777778
2 0.08814679947916666 0.5743438240740741 0.06805744270833335 0.15160309259259264
3 0.191053125 0.6268222685185185 0.07543749999999999 0.13411101851851856
3 0.2623908020833333 0.5349853611111111 0.08527708333333335 0.14868796296296288
3 0.34767579427083334 0.13151443055555556 0.035783005208333364 0.05063947222222221
1 0.3716844296875 0.11864339814814813 0.029043640624999985 0.06250803703703703
4 0.40098205989583335 0.11224490740740739 0.022926505208333302 0.043732407407407387
1 0.34568675 0.16605024074074073 0.03788535416666671 0.06440137037037034
3 0.3886009322916666 0.1492089074074074 0.04539216666666667 0.059479759259259246
3 0.4413837395833333 0.1255806111111111 0.04311747916666668 0.058683351851851855
4 0.27469036458333324 0.29956249999999995 0.045918229166666616 0.16763796296296296
4 0.32060859375 0.25239416666666664 0.03607864583333331 0.08704870370370367
3 0.5263342265625001 0.16641119444444444 0.04619769270833339 0.05877053703703707
1 0.4829628411458334 0.31195335185185186 0.04919827604166667 0.10495625925925925
3 0.505921875 0.3884842592592592 0.07543750000000002 0.14431481481481478
1 0.7708078723958333 0.26999697685185187 0.05254907812499994 0.16831254629629633
1 0.7533700885416668 0.16703199537037036 0.041818229166666755 0.055302935185185184
5 0.6736059895833333 0.16035 0.05001822916666659 0.04081666666666666
5 0.6481530078125 0.12428016203703704 0.031911223958333325 0.03368428703703705
3 0.622534109375 0.12026249999999997 0.04463071874999992 0.06268240740740738
1 0.5735314453125 0.10175043518518517 0.035182682291666725 0.06633272222222221
3 0.5721379375000001 0.25233625925925923 0.0648366250000001 0.09034229629629632
1 0.3117395833333333 0.14601805555555555 0.032356249999999954 0.05309722222222222
3 0.7115251197916665 0.2151546481481481 0.06284559375000012 0.14491107407407405
1 0.7392145833333333 0.16869444444444445 0.046045833333333404 0.0741148148148148
