1 0.15367641145833336 0.3564138888888889 0.05316219791666667 0.09475185185185185
1 0.10372622656250001 0.380466375 0.046738171875 0.11370243518518519
5 0.15579453125 0.46741281944444446 0.05411822916666666 0.10793006481481482
2 0.08937682291666667 0.5889212962962964 0.08199739583333333 0.13119444444444445
3 0.1947429895833333 0.6355685185185185 0.06969735416666666 0.13411111111111113
3 0.26321041666666667 0.5451898148148149 0.09511666666666667 0.1516037037037037
1 0.34565222916666666 0.16034998148148147 0.0466695 0.0583092962962963
3 0.38557401562500004 0.1479591990740741 0.03402342708333333 0.059766787037037035
4 0.2787900208333333 0.29956247685185183 0.044278291666666664 0.15889171296296295
3 0.325528296875 0.2478134259259259 0.03771840625 0.08746388888888888
2 0.38687035937500003 0.2259236064814815 0.04919791666666666 0.08584958333333334
3 0.4849789348958333 0.1759694398148148 0.042143661458333335 0.0709471388888889
3 0.32921822916666665 0.33892129629629625 0.03853854166666667 0.12973703703703704
3 0.38784609375 0.28571435185185184 0.055757812500000004 0.0816324074074074
3 0.5237465104166666 0.16622584722222222 0.038928437499999996 0.06696497222222222
3 0.38251640625 0.4307578703703704 0.07133697916666668 0.2580175925925926
1 0.4331082552083333 0.3323615740740741 0.051165468750000005 0.11661759259259259
1 0.4891125 0.30539398148148145 0.05821770833333333 0.09766759259259258
3 0.4854229166666667 0.38921249999999996 0.0672375 0.15743425925925925
3 0.5727497395833333 0.2587462962962963 0.05821822916666666 0.08309074074074074
3 0.6235877604166666 0.2325074074074074 0.0450984375 0.07725925925925926
3 0.5703214947916666 0.10119733796296297 0.030402364583333334 0.06080175
3 0.6227679687500001 0.11880462962962962 0.041818229166666665 0.07142777777777777
5 0.6463099270833333 0.12191888425925926 0.030813479166666664 0.036045564814814815
5 0.67319609375 0.15524768518518517 0.0491984375 0.03935833333333333
3 0.7073980364583333 0.21748318981481482 0.05459142708333333 0.14293097222222223
1 0.7830957005208333 0.27931075925925924 0.06530749479166667 0.18252892592592593
3 0.45703125 0.19192494444444444 0.04915625 0.08296492592592593
1 0.309872828125 0.17090707870370367 0.03982309375 0.08738937962962963
3 0.73703671875 0.16537627777777777 0.041690104166666665 0.07190300000000001
2 0.8950843749999999 0.5459068842592593 0.11760208333333333 0.3019915462962963
