3 0.15292447916666668 0.35714305555555553 0.053297916666666646 0.07871759259259258
1 0.10495625000000001 0.39088529629629626 0.03935833333333334 0.09221407407407409
3 0.05903776041666666 0.4212828703703704 0.06067760416666666 0.09912500000000006
2 0.08937682291666667 0.5743439814814815 0.06723802083333333 0.1457731481481482
2 0.15538436979166667 0.5204083333333333 0.05821771874999997 0.15451851851851847
3 0.19269315364583328 0.6341107083333333 0.07215744270833335 0.13119549074074058
3 0.26239061979166667 0.5451896944444444 0.08527707291666665 0.1603502407407406
3 0.35203143489583333 0.1316388703703704 0.029560661458333352 0.04867596296296294
1 0.3709779375 0.11919649537037037 0.02638618749999999 0.06361423148148149
4 0.4009675390625 0.11297376388888888 0.025386401041666673 0.04518950925925926
3 0.38743619791666667 0.14938451388888885 0.05001822916666665 0.059830972222222216
3 0.4413566171875 0.12703801851851856 0.04345834895833332 0.0571733888888889
3 0.2783800364583333 0.29737592592592593 0.04509826041666667 0.1632648148148148
4 0.32429843749999987 0.24854212962962963 0.03853854166666668 0.0918361111111111
3 0.5236330182291666 0.16552295833333333 0.04039989062500009 0.0611344166666667
3 0.365297015625 0.4336736481481481 0.06805757291666671 0.2988341851851853
3 0.41999854166666667 0.29154527314814815 0.06753716666666666 0.18658908333333332
3 0.49116249999999995 0.30247824074074076 0.04591874999999993 0.10058240740740743
5 0.5838192708333333 0.271137037037037 0.04919791666666669 0.05247777777777777
1 0.7726890963541668 0.2707515 0.05625344270833341 0.16318440740740744
1 0.7541501432291666 0.1585599305555555 0.03857471354166672 0.07818180555555554
5 0.67155625 0.1574347222222222 0.0524781249999999 0.03790092592592592
5 0.6485968750000001 0.12455739351851852 0.0327989583333333 0.036600027777777766
3 0.622123953125 0.12080446296296296 0.045451031250000065 0.06451329629629628
3 0.569897078125 0.10349861111111112 0.026273322916666685 0.06413981481481482
3 0.6102510755208334 0.23208723611111107 0.06571243229166666 0.09968849074074076
2 0.3828587135416666 0.2237307685185185 0.05379298958333335 0.09090899999999999
1 0.31142838541666673 0.14657062499999998 0.030489062500000053 0.054203194444444436
3 0.7124585598958333 0.21349537037037036 0.06222336979166675 0.1482296296296296
1 0.7370369791666666 0.16814141203703706 0.04666770833333338 0.07522087962962963
4 0.8051714375000001 0.19081876851851853 0.02364495833333334 0.049779129629629604
4 0.7871267864583333 0.18528746296296295 0.03484538541666661 0.03429174074074076
