2 0.15661432291666666 0.367346800925926 0.06559739583333335 0.07288602777777771
2 0.15948432812500002 0.5320700925925925 0.06477769791666664 0.1370264814814814
1 0.2906794270833333 0.3483962962962963 0.05493802083333333 0.23615185185185184
3 0.5163441848958333 0.38402012499999993 0.07591267187500007 0.1353865462962963
1 0.339651265625 0.16162546296296296 0.04181822916666664 0.07325092592592591
3 0.3874361979166666 0.15101799074074077 0.04509843749999997 0.0653103148148148
3 0.4419933645833334 0.12648492129629632 0.04427864583333327 0.06049197222222223
3 0.6428605651041667 0.11157037962962964 0.02788571354166649 0.05785150000000001
3 0.6104684895833333 0.2397958935185185 0.05985781250000007 0.08017487962962967
1 0.43745442187499994 0.3367347222222222 0.05985782291666665 0.1195342592592593
5 0.6731450052083333 0.15862831944444444 0.0490962604166666 0.046119620370370394
4 0.8019315104166668 0.19241990740740741 0.03607864583333331 0.06413981481481483
3 0.5226769921875 0.16660333796296295 0.034845130208333214 0.06329517592592593
3 0.33454817708333334 0.2529875138888889 0.04591822916666667 0.07106800925925927
3 0.2578808854166666 0.5721572175925926 0.09757641666666664 0.15889169444444454
1 0.7525209947916667 0.15800683333333332 0.035258333333333405 0.06601366666666666
1 0.3124724166666667 0.14835576388888888 0.02964587500000005 0.05998586111111108
3 0.35350537499999996 0.13014080555555557 0.029714916666666723 0.04956296296296298
1 0.09214066927083335 0.5786836712962965 0.07001050520833335 0.14735302777777776
3 0.07282708333333333 0.4835481481481481 0.06679166666666667 0.1287555555555556
1 0.06276848958333334 0.42131611111111106 0.06276822916666666 0.09585111111111112
1 0.4860515625 0.31044351851851854 0.0531114583333333 0.10872592592592585
2 0.3838549479166667 0.22609212962962966 0.05312864583333331 0.09563240740740742
1 0.47649780468749997 0.17355375 0.04715145312499995 0.08500596296296298
1 0.6239299479166666 0.12278657407407408 0.045823437499999876 0.06611574074074075
1 0.37271840104166665 0.11504401851851849 0.02488923958333332 0.0663712222222222
4 0.4016523437500001 0.11227866203703701 0.024267187499999978 0.04535378703703704
1 0.58552265625 0.10176990740740739 0.04231197916666656 0.061947222222222244
3 0.7158807317708332 0.2123893518518519 0.06284583854166653 0.14823055555555553
3 0.7314367187499999 0.16869454166666667 0.044178645833333266 0.0674775833333333
