3 0.1525146666666667 0.35787175925925924 0.050838375 0.08308981481481481
1 0.10536626822916667 0.3909259490740741 0.03689871354166666 0.09515662037037037
5 0.1538077734375 0.44724889351851854 0.06137091145833333 0.06760221296296297
2 0.08281718750000001 0.5852768518518519 0.0754375 0.12099074074074073
4 0.40180211197916665 0.10966986574074074 0.024566609375 0.044560972222222224
1 0.3452223333333333 0.1625361111111111 0.0450984375 0.06851296296296296
3 0.3881274739583333 0.14734819444444444 0.04699609375 0.06682027777777777
3 0.44032447916666667 0.12644475462962965 0.04263854166666667 0.05976662037037037
4 0.2763302083333333 0.30539351851851854 0.047558333333333334 0.15597592592592593
4 0.3193786458333333 0.2514578703703704 0.03525833333333333 0.09183611111111112
3 0.38695169791666667 0.2274050925925926 0.0588888125 0.0816324074074074
3 0.5266453229166667 0.168112375 0.04681996875 0.05746369444444444
1 0.4805774348958333 0.1761078240740741 0.040700328125000004 0.0830302962962963
3 0.485422609375 0.38629733796296295 0.0672375 0.1428570648148148
3 0.49357257031249996 0.30854058333333334 0.05688763020833333 0.10492094444444446
3 0.5706997395833333 0.2514578703703704 0.0639578125 0.09475277777777778
5 0.6736059895833333 0.15889212962962962 0.051657812500000004 0.03790092592592593
5 0.6493829557291666 0.12500886574074072 0.029451328125000002 0.032780416666666666
3 0.6217918984375 0.1206660787037037 0.044786921874999996 0.06187525
3 0.5706326119791666 0.10131203703703703 0.031024598958333333 0.06268148148148148
3 0.40879828385416667 0.5464949953703703 0.09656652604166666 0.43490700925925924
1 0.30458401562500004 0.14491157407407407 0.034222916666666665 0.06858425925925926
3 0.34751796875 0.1327435 0.036711979166666665 0.05088522222222222
3 0.7124583984375 0.2129423148148148 0.06471263020833333 0.14269944444444443
1 0.7693930156250001 0.2654865740740741 0.05289001041666667 0.1880527777777778
