1 0.154914078125 0.35783195370370363 0.049077427083333326 0.10336061111111115
5 0.15374453125 0.4674128194444444 0.054938020833333316 0.10220762037037043
2 0.08937682291666667 0.582361574074074 0.08035677083333333 0.14139907407407398
3 0.19433318489583334 0.6377555555555555 0.06723779687499999 0.1355685185185185
3 0.26034073177083333 0.5408165324074075 0.09921645312500006 0.16035026851851852
1 0.3063226770833333 0.17039757407407408 0.041945354166666664 0.08194559259259258
1 0.3447333411458333 0.16366178240740742 0.04358725520833329 0.06626162037037035
3 0.38579629687500006 0.14900748611111111 0.03853865624999996 0.06350169444444442
4 0.2783802083333333 0.3053935185185185 0.046738541666666696 0.15889259259259259
3 0.32593854166666664 0.24781342592592584 0.041818750000000016 0.08746388888888885
2 0.38712431250000007 0.2257489074074074 0.05001822916666665 0.09022272222222222
3 0.4565558802083333 0.19533518518518517 0.04886280208333336 0.06997037037037035
3 0.5213853932291667 0.16545185185185185 0.042406203125000035 0.06559814814814813
3 0.327168484375 0.3367347222222222 0.04427865625000003 0.1253638888888888
3 0.38825625 0.2862847824074074 0.058217708333333285 0.08329917592592595
3 0.38087630208333334 0.43221574074074076 0.07461718750000006 0.2580166666666667
1 0.4359476432291667 0.3338189814814815 0.051924453125000034 0.099125
1 0.49034270833333327 0.3083087962962964 0.0573979166666667 0.09766759259259264
3 0.48542265625000003 0.3928569444444445 0.06559739583333339 0.15597685185185184
3 0.5338010416666668 0.26945996759259255 0.06395729166666655 0.11414117592592593
3 0.5768494791666666 0.2602041666666666 0.06149791666666668 0.08600648148148148
3 0.6223578125000001 0.23104953703703704 0.045918749999999994 0.07434351851851854
3 0.5686497395833335 0.10373558796296296 0.03033906249999999 0.06366586111111112
3 0.6215377604166666 0.11953379629629629 0.040998437500000054 0.06413981481481479
5 0.6465469479166667 0.12171994444444444 0.0286991041666667 0.03935825925925925
5 0.6731960937500001 0.15743425925925925 0.049198437500000004 0.04081666666666669
3 0.73510390625 0.16690972222222222 0.043458854166666804 0.0655972222222222
3 0.7068148437499999 0.21715762499999997 0.05411822916666663 0.14227984259259255
1 0.782191390625 0.27858205555555554 0.06711611458333357 0.1839863333333334
1 0.10461380208333333 0.3798283472222222 0.05472135416666665 0.12732478703703695
3 0.4864596354166667 0.17296317129629632 0.04316718749999999 0.06729587962962962
3 0.90597340625 0.5492254398148149 0.13315827083333337 0.2909287499999999
