1 0.15497440104166665 0.35860046296296294 0.04919807291666665 0.099125
1 0.10577631770833333 0.3768222222222222 0.049198406250000014 0.1122444444444445
5 0.1553868125 0.4665755416666667 0.05165345833333334 0.10625550925925929
2 0.08773679687500001 0.5860056111111112 0.07871703124999999 0.1341112222222223
3 0.264440625 0.5444606481481482 0.0959364583333333 0.15597685185185178
1 0.34356770833333333 0.16180787037037037 0.044278124999999946 0.06413981481481477
3 0.3850650807291667 0.14941666666666667 0.03628576562499995 0.05976666666666667
4 0.27674010416666667 0.3053937268518519 0.046738541666666696 0.15889241666666662
3 0.3275783671875 0.24708425925925925 0.040178546875000026 0.09183703703703704
2 0.38743619791666667 0.22740509259259256 0.05001822916666665 0.08746388888888887
3 0.5217952890625 0.16605024074074073 0.04158641145833333 0.06440137037037034
3 0.3296283854166667 0.3367347222222222 0.04099843749999999 0.13411018518518514
3 0.38743619791666656 0.28629818055555556 0.05657760416666668 0.08332597222222228
3 0.38210651041666666 0.4293001944444445 0.07051718750000001 0.2551022407407407
1 0.43432286979166673 0.3367347222222222 0.051955114583333344 0.11661759259259265
1 0.48952265625 0.3039361111111111 0.05575781250000003 0.09475185185185185
1 0.4858328125 0.38921249999999996 0.06313750000000003 0.14868796296296294
3 0.5756195312500001 0.25728842592592593 0.06067760416666654 0.08892129629629629
3 0.6227677317708334 0.23104972685185185 0.046738588541666695 0.07725980555555557
3 0.5682252968749999 0.10058333333333334 0.02869901041666658 0.058309259259259276
3 0.6227677083333333 0.12099120370370371 0.04673854166666658 0.06705462962962962
5 0.6467469479166665 0.1217805 0.030738687499999882 0.038130074074074066
5 0.6736059895833333 0.15889212962962962 0.0483786458333333 0.03790092592592592
3 0.7371539062500001 0.16836759259259257 0.03935885416666676 0.06851296296296296
1 0.7576566901041667 0.16720806481481482 0.03280608854166663 0.044593129629629615
3 0.7055848958333333 0.21695590740740736 0.05329791666666672 0.14187640740740734
1 0.7833080390625 0.27747586111111117 0.06612728645833327 0.18619872222222225
1 0.20198515625 0.6323319027777777 0.08690989583333338 0.15736767592592593
1 0.3104949895833334 0.1703538472222222 0.03982291666666674 0.08628291666666667
2 0.8981955208333333 0.5453539861111111 0.11884679166666672 0.2986725648148147
