1 0.10372621875 0.37390649537037035 0.05165797916666667 0.10349812037037046
2 0.0910166796875 0.5787171435185183 0.072157265625 0.14868793518518503
1 0.3443377630208333 0.16399444444444441 0.03781822395833334 0.0597666666666667
3 0.3865364088541667 0.14626781481481477 0.04205439062500004 0.06244712962962961
4 0.2779700520833333 0.3053935185185185 0.04591822916666667 0.15889259259259259
3 0.32347844270833337 0.2470845462962963 0.04345834375 0.09475185185185185
3 0.38497630208333333 0.22448981481481484 0.0516578125 0.09037962962962964
3 0.44289028385416673 0.1916912037037037 0.04078609895833332 0.080175
3 0.48583262760416673 0.17784259259259258 0.04509858854166667 0.07580185185185184
3 0.331678125 0.3367347222222222 0.04345833333333336 0.13119537037037035
3 0.38374635416666675 0.2842564814814814 0.050838541666666674 0.08163333333333338
3 0.38292656249999996 0.4278424027777778 0.07215729166666662 0.2609326203703703
1 0.42720483333333337 0.32623656481481483 0.049198208333333326 0.12886798148148151
1 0.49116249999999995 0.31049548148148143 0.059037499999999986 0.10204051851851846
3 0.48624270833333333 0.39067037037037033 0.06723749999999994 0.15160370370370368
3 0.5731596354166667 0.25728888888888884 0.05903802083333349 0.08309074074074072
3 0.6231776041666668 0.2332361111111111 0.0475583333333334 0.07580185185185184
3 0.5213708723958334 0.16205752314814817 0.041190776041666766 0.07411504629629627
3 0.5686497395833335 0.10026721296296297 0.03033906249999999 0.06336627777777779
3 0.622534109375 0.12099120370370371 0.04463071874999992 0.06413981481481482
5 0.6466215520833333 0.12317777777777776 0.031436729166666545 0.03644259259259258
5 0.6727859375 0.15889212962962962 0.04673854166666658 0.04081574074074073
3 0.7054470755208333 0.21695605555555555 0.05193397395833325 0.13966431481481484
3 0.7336280546875 0.16690972222222222 0.03985014062500009 0.0655972222222222
1 0.7827003255208334 0.28021553240740743 0.06485377604166681 0.17850699074074075
3 0.18951172916666664 0.6151645046296296 0.07805779166666665 0.14878395370370365
5 0.15651822916666666 0.4649500000000001 0.04908750000000001 0.10014259259259264
1 0.15571354166666665 0.35693829166666663 0.055526041666666685 0.10443452777777772
4 0.7538369791666667 0.17201305092592592 0.029244791666666714 0.0453535277777778
3 0.8913510703124998 0.5934736388888889 0.1213354739583334 0.3373897592592593
