2 0.15292447916666668 0.3651603333333333 0.05821770833333333 0.06851388888888889
1 0.05780783072916666 0.4227402777777778 0.053297880208333336 0.08746388888888888
3 0.0692875 0.4927115740740741 0.0631375 0.12244907407407409
2 0.08732708333333333 0.5809037037037037 0.06641770833333334 0.13848333333333335
3 0.19064322916666665 0.6297375000000001 0.0713375 0.12828055555555556
3 0.26444065104166664 0.5911080462962963 0.10085630208333334 0.1705542777777778
3 0.3546365442708333 0.13332397685185185 0.028697046875 0.056470953703703704
1 0.3734966145833333 0.117738625 0.027058854166666667 0.06291087962962963
1 0.338618875 0.16002754166666666 0.04263854166666667 0.0693254537037037
3 0.38805852604166674 0.1488572314814815 0.04673820833333333 0.060988796296296305
3 0.4425865572916667 0.12575621759259262 0.045918229166666664 0.05903456481481482
3 0.29436953125 0.3454808935185185 0.06231822916666666 0.21865858333333335
3 0.3352319895833333 0.2558310185185185 0.050566062499999995 0.0714287037037037
3 0.4447279453125 0.1918651111111111 0.046950359375 0.08505764814814816
3 0.5234353932291667 0.16605024074074073 0.038306203125 0.06440137037037036
3 0.38931785937499996 0.284125 0.03574196875 0.08470207407407407
1 0.43376458333333334 0.3367347222222222 0.05575833333333333 0.12244907407407409
1 0.4866526041666666 0.3061226851851852 0.051658333333333334 0.09621018518518518
1 0.770984734375 0.2658979027777778 0.051658333333333334 0.1711763425925926
1 0.7530189739583333 0.15838432407407407 0.034614708333333334 0.06898103703703704
1 0.7196142135416665 0.21632536111111111 0.0678235625 0.1472525
5 0.6735473645833333 0.15541764814814815 0.04990097916666667 0.039018407407407404
3 0.6565221588541665 0.11896729166666667 0.03662755729166667 0.04194875
1 0.6241943802083334 0.1206660787037037 0.04795126041666666 0.06187525
1 0.5821003880208333 0.10170854166666667 0.03422290104166667 0.05764486111111111
1 0.1174890625 0.6680971712962963 0.09978541666666667 0.21459249074074074
1 0.20037578125 0.4713875 0.06276822916666666 0.18741018518518518
1 0.48114677864583333 0.17178287037037038 0.037854359375 0.07910277777777777
4 0.4016523515625 0.11006620370370371 0.024267203125 0.04977870370370371
3 0.7379700520833333 0.16648240740740738 0.0348453125 0.06526481481481482
