2 0.15456458333333334 0.3651606481481482 0.056578124999999986 0.07142870370370367
1 0.05739791666666667 0.4234694444444444 0.054117708333333334 0.09475185185185189
2 0.0848671875 0.5867342592592593 0.06641770833333334 0.14431481481481473
2 0.15907421875 0.5313412037037036 0.060677604166666683 0.14723055555555556
3 0.26321051562500003 0.589650175925926 0.09511686458333338 0.16763853703703704
3 0.3545902812500001 0.1334739259259259 0.02970047916666664 0.05677085185185186
3 0.3872093385416667 0.14941666666666667 0.046738541666666696 0.05976666666666667
3 0.44251490885416656 0.12723990277777775 0.042099609375000034 0.05757715740740739
3 0.292131984375 0.3491250000000001 0.06112230208333337 0.2201166666666666
3 0.3345481953125 0.25072895370370374 0.04427860937500008 0.08163283333333338
3 0.38046640625 0.23177824074074072 0.049198437500000004 0.09621018518518522
3 0.5229881093750001 0.16482300925925925 0.03671183333333339 0.06415929629629631
3 0.3829263020833333 0.27551018518518516 0.045918229166666616 0.06997037037037035
1 0.43581450520833337 0.33746344907407405 0.05329810416666672 0.11516013888888889
1 0.4911624999999999 0.3104953703703703 0.06067812499999998 0.11078703703703707
1 0.7731689895833334 0.2711886666666667 0.055293656249999996 0.16326481481481478
3 0.7346940104166665 0.16618055555555555 0.04099843750000017 0.07580185185185184
5 0.67114609375 0.15962083333333332 0.05001822916666659 0.04810462962962963
3 0.6574877734375001 0.11896729166666667 0.035821380208333406 0.04194874999999999
1 0.6227880625 0.12234654629629631 0.04412281249999997 0.06559814814814816
3 0.6988141067708333 0.1280326898148148 0.03155633854166654 0.0672241759259259
1 0.7096848958333333 0.21469188425925925 0.05821770833333335 0.14841032407407415
3 0.6153880208333331 0.2303208333333333 0.07133750000000004 0.08746388888888887
1 0.5837547526041666 0.10058333333333333 0.04086992187499992 0.06122407407407408
3 0.07202239583333334 0.48640925925925926 0.061963541666666684 0.12875555555555554
1 0.3397401041666666 0.16261064814814816 0.03982291666666674 0.07079722222222223
1 0.37209635416666664 0.11670370370370373 0.02488958333333334 0.06084074074074072
1 0.7529037083333334 0.1581861111111111 0.03608970833333345 0.06415925925925926
