3 0.15333463541666667 0.3527694444444444 0.055757812500000004 0.08454814814814816
1 0.1049562734375 0.387295361111111 0.04263849479166666 0.09647912962962966
3 0.06723765885416669 0.41404631481481485 0.040998640625 0.08131151851851846
2 0.091016765625 0.573615287037037 0.06887760416666668 0.1443146111111111
3 0.19105321093750002 0.631924537037037 0.07543732812499998 0.12390648148148145
3 0.2664905625 0.577988412037037 0.09511654166666667 0.16472317592592592
3 0.35234255208333326 0.1316388703703704 0.030182895833333313 0.05088835185185186
4 0.4009675390625 0.11185643981481481 0.025386401041666673 0.04672173148148149
3 0.38825625 0.14795292129629628 0.04837812500000004 0.06139256481481482
3 0.4414970390625 0.12613370833333332 0.04289088020833335 0.05757715740740742
4 0.27919999739583334 0.299562962962963 0.04837813020833336 0.1705537037037037
3 0.45385390625 0.18950416666666667 0.03689843750000001 0.0874638888888889
3 0.5242406640625 0.16678868055555557 0.03918459895833332 0.062440342592592554
1 0.4300748151041667 0.33236157407407413 0.048378494791666664 0.12244907407407413
1 0.48296276041666675 0.3053935185185185 0.04919843749999995 0.10349814814814821
3 0.5768496119791667 0.2571932592592593 0.05001797395833331 0.07513418518518519
3 0.6181366822916666 0.22756859259259263 0.049941593750000145 0.08130540740740741
1 0.7704822343750001 0.26851329166666665 0.049466947916666726 0.16755756481481474
1 0.75396328125 0.15818243981481483 0.03197864583333328 0.06857726851851853
3 0.7119469739583334 0.21313585185185183 0.053298437500000045 0.14972303703703704
3 0.7076370729166667 0.12874799537037035 0.031153979166666564 0.06865478703703702
5 0.6743596197916666 0.1545189814814815 0.04988590624999993 0.04081574074074076
5 0.6487188463541665 0.12390648148148149 0.028123109375000035 0.034985185185185175
3 0.22894313281249995 0.45708156944444445 0.07162017187499996 0.1502146388888889
3 0.6226018229166667 0.11747361111111111 0.04449531250000014 0.07438055555555553
2 0.3136059895833333 0.14601805555555555 0.026133854166666737 0.05309722222222222
1 0.3717851562499999 0.11780950462962962 0.028000520833333375 0.06084025000000001
1 0.7420146692708334 0.16869450925925925 0.042934203124999945 0.0741146851851852
