5 0.15415442708333332 0.4602597638888889 0.05575781249999999 0.08790150925925931
1 0.09101666666666668 0.5663266944444445 0.07707708333333334 0.13556883333333336
3 0.191053125 0.6341106481481482 0.07543749999999999 0.1253638888888888
3 0.30420911458333333 0.17274073611111113 0.034439062499999964 0.07434445370370368
1 0.34479765625000003 0.1632652777777778 0.040178645833333346 0.06122499999999997
1 0.36973346874999996 0.11934628703703704 0.023897249999999974 0.06170142592592593
3 0.3850650807291667 0.14865581018518517 0.033796828124999935 0.05837356481481482
3 0.32388854166666664 0.24635555555555558 0.044278124999999946 0.08746296296296292
4 0.3755466145833334 0.22594722222222224 0.04427864583333327 0.08454814814814819
3 0.45672369791666667 0.19023333333333334 0.04919843749999995 0.07725925925925926
3 0.48579545572916666 0.17857175925925928 0.04449527604166666 0.07142870370370367
3 0.5235515625 0.16836759259259257 0.038538541666666565 0.0597666666666667
3 0.33003828385416667 0.341837037037037 0.04509843229166665 0.13556851851851845
3 0.3853864583333333 0.276901 0.0475583333333334 0.07566866666666669
3 0.5133018229166667 0.22230324074074073 0.04919843750000007 0.07726018518518518
3 0.38210651041666666 0.42857129629629626 0.07051718750000001 0.2565592592592593
1 0.43581458333333334 0.3330902777777778 0.046738541666666696 0.1064138888888889
5 0.4846028645833334 0.3079849027777778 0.050838020833333414 0.06786424999999999
3 0.5772593750000001 0.25510185185185186 0.05739791666666676 0.07871666666666664
3 0.6223578125000001 0.23396527777777779 0.045918749999999994 0.08017500000000002
3 0.48542265625000003 0.3892129629629629 0.06559739583333339 0.1457722222222222
3 0.5690598958333335 0.10064424074074076 0.029518750000000083 0.06412033333333332
3 0.6235877604166667 0.11953379629629629 0.04181822916666664 0.06413981481481479
5 0.6473671875 0.12032262962962964 0.02869895833333326 0.03285305555555557
5 0.6744260416666666 0.15743425925925925 0.04837812499999998 0.043731481481481475
3 0.7076507057291667 0.2174356898148148 0.052509744791666674 0.1401646574074074
3 0.7332326796874999 0.16660333796296295 0.039059390625000155 0.0677199537037037
1 0.7572467942708333 0.16763842592592593 0.03362588020833345 0.0437324074074074
1 0.7830821354166666 0.28187482407407405 0.06657909374999989 0.18182557407407407
3 0.90597340625 0.5530975509259259 0.13315827083333337 0.28982341666666667
