2 0.15497447916666665 0.36443148148148147 0.057397916666666667 0.08746296296296295
1 0.10413619791666667 0.39164125925925924 0.039358854166666665 0.093726
2 0.09224687499999999 0.5889212962962963 0.0713375 0.12244814814814815
3 0.19433300520833333 0.637026162037037 0.07051732291666667 0.1341106388888889
1 0.3714485260416667 0.11845341666666667 0.02991820833333333 0.05976666666666667
1 0.3464377604166667 0.1610787037037037 0.04673802083333333 0.06559814814814816
3 0.3894862083333333 0.14723055555555553 0.04591825 0.06122407407407408
2 0.38784609375 0.22740555555555556 0.0491984375 0.09329444444444444
3 0.316508734375 0.2507287777777778 0.03935857291666667 0.09329429629629629
3 0.43950416666666664 0.19023333333333334 0.047558333333333334 0.08600555555555556
3 0.3357778645833333 0.33527685185185185 0.0450984375 0.15451851851851853
3 0.3874361979166666 0.28498564814814814 0.05493802083333333 0.080175
3 0.3829263020833334 0.429300462962963 0.0705171875 0.2609324074074074
1 0.4329447916666666 0.3323615740740741 0.047558333333333334 0.10495648148148147
3 0.48583281250000004 0.3935856481481481 0.06805729166666666 0.15743425925925925
3 0.4919613854166666 0.30612268518518515 0.0589956875 0.099125
1 0.5276513020833333 0.2704078703703704 0.0532984375 0.11516018518518518
5 0.6740161458333332 0.16035 0.047558333333333334 0.04081666666666667
5 0.6456458177083333 0.12223197222222223 0.03214169791666667 0.03667174074074074
3 0.6222798958333333 0.12278630555555554 0.042482708333333334 0.0661157037037037
5 0.15571354166666668 0.4656648148148148 0.06035416666666667 0.11301851851851852
4 0.4004078125 0.11172588425925925 0.029244791666666665 0.04424823148148148
1 0.5724557994791667 0.1039824074074074 0.04106756770833333 0.06637222222222222
1 0.7133918671875 0.2134953564814815 0.06782355729166666 0.1482296574074074
