2 0.14718489583333336 0.37026250000000005 0.048378125000000015 0.07871759259259263
1 0.1041403359375 0.38949534259259266 0.03607036979166667 0.08943416666666669
5 0.15333463541666664 0.44460648148148146 0.05903802083333332 0.06705555555555558
2 0.08814687500000001 0.5736152777777778 0.07133750000000001 0.13265277777777776
3 0.191053125 0.6311953703703704 0.07543749999999999 0.13702592592592588
1 0.3427478411458333 0.16545185185185185 0.03771859895833328 0.06559814814814813
3 0.3889120494791667 0.14938451388888885 0.04476993229166671 0.059830972222222216
4 0.2787901041666666 0.30903796296296293 0.044278124999999974 0.16035
4 0.32060859375000006 0.25 0.03935885416666659 0.08309074074074077
3 0.38456640625000005 0.22740509259259262 0.05903802083333331 0.08163240740740745
3 0.5297013020833333 0.16647889814814815 0.040998437500000054 0.05862151851851849
3 0.4951556875 0.30874387037037043 0.04919843749999995 0.1053275185185185
3 0.4858328125 0.38775509259259255 0.06641770833333335 0.1457731481481481
5 0.6727861979166666 0.1596212962962963 0.05001822916666659 0.04227407407407408
3 0.62187 0.12026249999999997 0.04330250000000006 0.06268240740740738
3 0.5702898437500001 0.10204074074074075 0.03033906249999999 0.05830925925925926
1 0.491440265625 0.17591510648148148 0.046487822916666664 0.06847719444444446
1 0.6461776041666667 0.11334120370370371 0.033205208333333285 0.06611574074074071
1 0.30956171875000005 0.14491133333333334 0.03297864583333337 0.057521777777777776
3 0.34876250000000003 0.13053110648148147 0.03546770833333337 0.05531000925925928
4 0.4004078125 0.11172556481481484 0.026756250000000037 0.046459981481481505
3 0.7121474609375 0.21460160648148147 0.06533450520833337 0.14601802777777778
1 0.7669039114583335 0.2671459583333333 0.04915678125000002 0.17809747222222216
1 0.8920332630208333 0.5865522175925925 0.14565450520833328 0.32045780555555553
