2 0.15292447395833336 0.3622450509259259 0.053297927083333335 0.09475249074074074
1 0.10454609375 0.39096661111111114 0.04017864583333333 0.08951548148148149
2 0.09306676822916667 0.586005787037037 0.07461750520833334 0.12536435185185185
3 0.19433309375 0.6341107268518519 0.0688775625 0.13119521296296296
1 0.371446875 0.11918212037037038 0.02951875 0.058309259259259255
1 0.34479765625 0.16253657407407404 0.041818229166666665 0.06559722222222222
3 0.39030598958333335 0.14723055555555553 0.04427864583333333 0.06122407407407408
3 0.3193786458333333 0.24927129629629632 0.036898958333333336 0.08746296296296295
2 0.3870263020833333 0.22667638888888889 0.05083802083333333 0.09183611111111112
3 0.3382377604166667 0.32944629629629624 0.050018229166666664 0.14577222222222222
3 0.38825625 0.28571435185185184 0.05821770833333333 0.0816324074074074
3 0.38046635416666663 0.43294450925925926 0.07215719791666667 0.25655996296296296
1 0.432288203125 0.3294458333333334 0.05280557291666667 0.13119537037037038
3 0.49033661197916667 0.307326662037037 0.059026348958333336 0.09963186111111112
3 0.48501264583333337 0.3899416666666667 0.06641741666666666 0.15014629629629628
1 0.7724334557291667 0.2651579259259259 0.04680897395833334 0.17764874074074072
5 0.6723760416666668 0.15743425925925925 0.04591875 0.04081666666666667
5 0.6463300963541667 0.1226839074074074 0.029525598958333333 0.035214333333333334
3 0.6230221067708333 0.1202625 0.04232650520833334 0.06268240740740741
3 0.2648505208333333 0.5451893518518518 0.098396875 0.14577314814814815
5 0.15893229166666664 0.46924166666666667 0.05874479166666667 0.11731111111111112
4 0.40071901041666663 0.1122787037037037 0.0298671875 0.0453537037037037
1 0.57245571875 0.10398249074074073 0.0398229375 0.06637205555555556
3 0.7314364583333333 0.16814158796296297 0.05040104166666667 0.0707964537037037
