2 0.14882473958333334 0.3615160416666667 0.054938020833333316 0.09037902777777773
1 0.10577604166666667 0.3916819166666667 0.04263854166666666 0.08808487037037038
2 0.09224687499999999 0.5874636759259261 0.07625729166666666 0.11953375925925934
3 0.193513125 0.6384842592592592 0.0705175 0.13411111111111104
1 0.3715475651041667 0.1160277037037037 0.029720130208333254 0.059489037037037035
1 0.34479765625 0.16180787037037037 0.04181822916666664 0.06413981481481477
3 0.38866614583333337 0.14723055555555553 0.04263854166666672 0.06122407407407409
4 0.27756015625 0.3097671296296296 0.04673802083333337 0.16472314814814815
2 0.38579635416666663 0.22740555555555556 0.05165833333333332 0.09329444444444443
3 0.3878461015625 0.28644312037037034 0.055757796875000015 0.08017487037037038
3 0.38292656249999996 0.43294490740740743 0.07215729166666662 0.2594750000000001
1 0.4333544270833334 0.330175 0.05001822916666665 0.1268222222222222
1 0.4915723958333333 0.3083087962962964 0.053297916666666605 0.09766759259259264
3 0.4858326979166667 0.38775495833333334 0.06805752083333338 0.14577287962962956
1 0.7733668072916667 0.2717692824074075 0.04618673958333339 0.1732756018518519
3 0.7317477864583333 0.169825 0.05102322916666656 0.06851296296296294
5 0.6682763020833333 0.15889212962962962 0.039358854166666644 0.03790092592592592
5 0.6468417942708335 0.12309952314814815 0.030548994791666572 0.03368428703703704
3 0.6233541614583333 0.12099120370370371 0.042990614583333434 0.06413981481481482
5 0.15611588541666668 0.465665037037037 0.05472135416666668 0.110156962962963
3 0.6198890625 0.2367601851851852 0.05344583333333344 0.08099629629629632
1 0.30956154947916664 0.1421461342592593 0.03795606770833342 0.06747810185185184
4 0.3994744791666667 0.11061944444444445 0.028622916666666734 0.03982222222222223
1 0.573078125 0.10342924999999997 0.03982291666666657 0.06526557407407407
1 0.7071696145833334 0.20851762499999998 0.06160139583333321 0.1603980833333333
