1 0.10495625 0.3802642546296296 0.044278124999999995 0.11102923148148149
5 0.15456458333333334 0.4638090462962963 0.05329791666666666 0.08069390740740741
2 0.09224662760416666 0.5787171759259259 0.07461716145833333 0.13119527777777779
3 0.19187327083333333 0.6341106481481482 0.072157625 0.13119537037037038
3 0.30443591927083336 0.17464674537037037 0.034438828125 0.07938199074074075
1 0.34069791666666666 0.16180787037037037 0.040178124999999995 0.06413981481481482
3 0.3837363541666666 0.14285694444444447 0.03769875 0.06413981481481482
4 0.27674010416666667 0.2988337962962963 0.051658333333333334 0.16034907407407406
3 0.32429843750000004 0.2507287037037037 0.040178124999999995 0.09329444444444444
2 0.38579609375 0.22594722222222222 0.05493802083333333 0.08454814814814815
3 0.4562486015625 0.19023333333333334 0.05316803645833333 0.07434444444444445
1 0.48132291666666666 0.17784259259259258 0.044278124999999995 0.07580185185185186
3 0.52314140625 0.16763842592592593 0.037718229166666666 0.06413981481481482
3 0.3296283854166667 0.3367347222222222 0.0409984375 0.11953425925925927
3 0.38456640625 0.2871717592592593 0.0491984375 0.0816324074074074
3 0.51371171875 0.22157407407407406 0.051657812500000004 0.07580185185185186
3 0.38292634635416667 0.429300462962963 0.07871727604166666 0.2609324074074074
1 0.4329447916666666 0.33381944444444445 0.047558333333333334 0.11078703703703704
5 0.48501276041666663 0.307283 0.05657760416666667 0.06354559259259258
3 0.5354409843750001 0.27696805555555554 0.06067780208333333 0.0903787037037037
3 0.6211278645833332 0.23323611111111112 0.043458854166666665 0.07288703703703704
3 0.48665275 0.38921249999999996 0.069697625 0.14868796296296297
3 0.5683705338541666 0.10058333333333333 0.03057088020833333 0.06122407407407408
3 0.6227679687500001 0.11880462962962962 0.041818229166666665 0.06268148148148148
5 0.6473669270833333 0.12244907407407409 0.027058854166666667 0.03498518518518518
5 0.6740161458333332 0.15889212962962962 0.047558333333333334 0.04373240740740741
3 0.7072558828125 0.21960887037037036 0.051689953125 0.13592733333333334
1 0.7528156770833334 0.1707843425925926 0.0359134375 0.05002424074074074
1 0.7830821354166666 0.2787610648148148 0.0678235625 0.17920353703703704
1 0.737659125 0.16814137962962963 0.04915675 0.08185798148148149
3 0.9065955625 0.5525444537037038 0.13564737500000001 0.2909296111111111
