2 0.14677473958333334 0.37026203703703703 0.045918229166666664 0.07580185185185186
1 0.10331640625 0.3923159074074074 0.039358854166666665 0.0950752962962963
3 0.0639578125 0.4132652777777778 0.039358333333333335 0.09183611111111112
5 0.1521046875 0.46566519444444443 0.061497916666666666 0.10729605555555555
2 0.08445703125 0.5889212962962964 0.0721578125 0.11661851851851851
1 0.3431722161458334 0.16439728703703702 0.037718463541666664 0.06268148148148148
3 0.3900929557291667 0.14717212500000001 0.04470471354166667 0.06425575
4 0.2779700520833333 0.309037962962963 0.045918229166666664 0.15743518518518518
4 0.32060859375 0.25364444444444445 0.03607864583333333 0.08746296296296295
3 0.38497630208333333 0.23032083333333334 0.05493802083333333 0.08746388888888888
3 0.43704453125 0.19169074074074074 0.03607864583333333 0.08309074074074074
3 0.3386479166666667 0.3323615740740741 0.04919791666666666 0.15160277777777778
3 0.3833364583333333 0.42419816666666665 0.07297708333333335 0.2536444814814815
1 0.4341745677083333 0.32725939814814814 0.053298093750000004 0.11807564814814814
3 0.4899343385416667 0.30758009259259256 0.05822144791666666 0.1078712962962963
3 0.48460286458333335 0.38629722222222224 0.06559739583333334 0.15451851851851853
3 0.7120876640625 0.21494539814814814 0.06545409895833333 0.14449257407407406
5 0.6727861979166666 0.1545189814814815 0.050018229166666664 0.04081574074074074
5 0.64681809375 0.12223197222222221 0.0318298125 0.034310462962962966
3 0.6227880625 0.12007575925925927 0.04677925 0.06305588888888888
3 0.43711976302083333 0.12500016666666666 0.034222859375000005 0.059734851851851845
1 0.3098728671875 0.1493360787037037 0.03235634895833333 0.05530932407407407
3 0.34907367447916665 0.133849375 0.034845359375 0.05088458333333334
1 0.37209635416666664 0.1167037037037037 0.028622916666666668 0.05862777777777778
4 0.4007189375 0.11172592592592591 0.027378499999999997 0.04424814814814815
1 0.57463359375 0.10066342592592592 0.039200520833333335 0.06194722222222223
