2 0.15251458333333331 0.36588935185185184 0.06395729166666667 0.07288611111111111
1 0.05903777864583333 0.42274032407407414 0.055757776041666665 0.09037861111111112
3 0.07051757291666666 0.48760943518518524 0.06723777083333334 0.1297373888888889
2 0.159484375 0.5167638888888889 0.0631375 0.1355685185185185
2 0.08773697916666666 0.5794458333333332 0.06559791666666666 0.15014537037037037
3 0.26444064322916666 0.5852768657407408 0.09593649479166667 0.16180737962962963
3 0.35396787500000004 0.13332397685185185 0.032189072916666665 0.054258564814814815
1 0.37308671874999993 0.11643100925925925 0.0262390625 0.05808325925925926
1 0.34239227864583327 0.16399444444444444 0.037007473958333335 0.05976666666666667
3 0.38761949479166663 0.14827831944444445 0.045918229166666664 0.062043361111111105
3 0.44128496093749997 0.1272137824074074 0.04455950520833333 0.05752491666666667
3 0.29295957031250003 0.3469384259259259 0.057857682291666664 0.2157435185185185
3 0.3336300833333334 0.2514574074074074 0.04572266666666667 0.07725925925925926
3 0.38148288541666664 0.23201935648148148 0.05123139583333333 0.09086093518518519
3 0.52314140625 0.16472314814814812 0.03607864583333333 0.058309259259259255
3 0.3796770208333333 0.27839820370370366 0.04919791666666666 0.07580185185185186
1 0.4362244791666667 0.3381925925925926 0.052478125 0.11661851851851851
1 0.4919825520833333 0.30758009259259256 0.055757812500000004 0.10495648148148147
3 0.6141580729166666 0.23323611111111112 0.07379739583333333 0.09037962962962963
1 0.7704968515625 0.27069523611111107 0.05192665104166667 0.16307187962962963
1 0.7530189739583333 0.15760352777777778 0.03585917708333333 0.06963183333333334
3 0.7002550312500001 0.12735804166666667 0.03279895833333333 0.06587487962962962
5 0.6755895677083334 0.15816342592592594 0.04742601041666667 0.04810462962962963
3 0.6559056015625 0.11970803703703704 0.03765750520833333 0.045189814814814815
1 0.6230999479166667 0.12317792592592593 0.04349904166666666 0.06268240740740741
1 0.5845893229166667 0.10066365277777778 0.04293385416666667 0.061946768518518526
1 0.7211698854166666 0.2217922037037037 0.07093456249999999 0.13384922222222223
3 0.730192125 0.16537592592592593 0.049156375 0.06747777777777778
3 0.7728153645833333 0.18915925925925922 0.0298671875 0.06415925925925926
1 0.8057936796875 0.18971255555555555 0.043556390625000004 0.0873897037037037
