5 0.15702447916666668 0.4615956666666667 0.051658333333333376 0.08485085185185189
2 0.09183664322916665 0.5721574351851851 0.07543713020833334 0.12682216666666665
3 0.1918731822916667 0.6370263888888889 0.07379738541666668 0.13411018518518514
1 0.37113740885416663 0.11934628703703704 0.02805150520833332 0.06170142592592593
3 0.3033102838541667 0.17371630092592594 0.034280984375000045 0.07530871296296292
1 0.3460276041666666 0.16034953703703705 0.044278124999999946 0.06413981481481486
3 0.3851641197916667 0.15014583333333337 0.03235428124999995 0.058308333333333316
4 0.2763302083333333 0.30466481481481483 0.044278124999999946 0.16618148148148149
3 0.32470859374999994 0.25 0.04099843749999999 0.08892037037037036
3 0.456708625 0.19241944444444442 0.050838020833333296 0.07580185185185187
3 0.5223213541666667 0.16836712962962963 0.0426385416666666 0.06268240740740735
3 0.32962838802083333 0.3411078703703703 0.044278640625000004 0.13411018518518525
3 0.38620625 0.28061250000000004 0.05247812500000002 0.080175
3 0.5153515624999999 0.22230324074074076 0.05657812499999994 0.07434351851851849
3 0.3825161458333334 0.42565589351851846 0.0762572916666666 0.2565599351851852
1 0.4354046875 0.33819259259259266 0.05247812500000002 0.11661851851851844
5 0.4870625 0.30583897685185185 0.04755833333333328 0.06357239814814819
3 0.5358509401041667 0.2784259259259259 0.05821791145833348 0.09329444444444449
3 0.5776695312500001 0.2594752777777778 0.05493802083333345 0.08163277777777778
3 0.6223578958333333 0.23396512962962965 0.04591822916666667 0.07725925925925928
3 0.4854228020833334 0.38848398148148144 0.06723772916666675 0.15014574074074075
3 0.5697980390624999 0.09985416666666667 0.02771586979166661 0.0626824074074074
3 0.6226900520833333 0.12026249999999997 0.04166239583333334 0.06268240740740738
5 0.6474043619791666 0.12105133333333332 0.029017692708333463 0.036671740740740755
5 0.6748359374999999 0.15816342592592592 0.049197916666666806 0.039358333333333335
3 0.7072249999999999 0.22028351851851852 0.05329791666666672 0.1372766296296296
3 0.7355140625 0.17055386111111112 0.04263854166666666 0.06705524074074071
1 0.7572594036458333 0.16912505092592592 0.034845130208333214 0.0467056574074074
1 0.7833932526041667 0.27931075925925924 0.0672013281249999 0.18252892592592598
1 0.1541041953125 0.3540771527777778 0.055525984375000004 0.10157347222222225
1 0.48114666406249995 0.17532462037037036 0.04449521354166664 0.0791026111111111
3 0.9072178776041666 0.5530975509259259 0.13564721354166664 0.28982341666666667
