3 0.10741609635416666 0.37973738425925924 0.03935843229166666 0.1005826388888889
2 0.09224661458333333 0.5838194444444446 0.07461718749999999 0.1268222222222222
3 0.19269315364583328 0.636297685185185 0.07215744270833335 0.13265277777777776
1 0.34602760416666667 0.16180787037037037 0.03771875000000004 0.06413981481481477
1 0.37042900520833333 0.11715971296296296 0.027879166666666677 0.06396544444444442
3 0.38989609375 0.14577268518518519 0.04509843749999997 0.061225
4 0.2771502604166667 0.3061222222222222 0.04427864583333327 0.16035
2 0.38825625 0.23104953703703707 0.051658333333333376 0.09183611111111116
3 0.43950442708333337 0.1938773148148148 0.049198437500000004 0.08163240740740739
3 0.3361880208333333 0.3279884259259259 0.054117708333333306 0.148687962962963
3 0.38784609375000006 0.2842564814814814 0.055757812499999976 0.08454814814814811
3 0.3804664453125 0.4293005092592592 0.07379731770833331 0.26093250000000007
1 0.4329447916666666 0.33163287037037037 0.0475583333333334 0.11516018518518523
1 0.49155148958333333 0.30685138888888885 0.05981547916666668 0.09766759259259264
3 0.4850127604166667 0.3884837962962963 0.0647776041666667 0.15597685185185184
3 0.6215378776041668 0.23250694444444445 0.049198203125000006 0.08017500000000002
3 0.62187 0.12099120370370371 0.04330250000000006 0.06705462962962962
5 0.6462318255208334 0.12172037037037037 0.031985494791666604 0.03352777777777776
5 0.6740158854166668 0.15670555555555551 0.050838020833333414 0.03935925925925927
3 0.7072249999999999 0.21713197685185184 0.05329791666666672 0.1422285462962963
1 0.7818376666666665 0.27983804166666665 0.06533462499999997 0.17926197222222215
3 0.26515546875 0.5443490972222222 0.09737135416666666 0.1530758796296296
5 0.15772526041666665 0.46781157407407403 0.056330729166666656 0.111587962962963
1 0.4262305781249999 0.1415925925925926 0.06595698958333328 0.057522222222222245
1 0.5743223958333333 0.10287592592592593 0.03982291666666657 0.06637222222222222
3 0.7345479166666669 0.1675886666666667 0.04293437499999998 0.0674782222222222
3 0.9016898489583334 0.6008582222222222 0.14404519791666662 0.3233187407407408
