1 0.06101161458333334 0.4212824074074074 0.056578125 0.08454814814814816
3 0.07092734375 0.48615138888888887 0.06477760416666667 0.12099166666666655
1 0.19064322916666668 0.4900077361111111 0.056578125 0.13595252777777783
2 0.08568697916666666 0.5816324074074074 0.06805729166666666 0.13702592592592588
1 0.12016444010416667 0.6770961574074075 0.09765395312500001 0.1880108333333332
3 0.19310304947916665 0.6275508472222223 0.07297723437499996 0.12099089814814824
3 0.2656706822916667 0.5867348981481482 0.09511636458333331 0.16180798148148146
3 0.35317712500000004 0.1305584861111111 0.030607572916666707 0.05315237962962963
1 0.3390978098958333 0.16180787037037037 0.03986300520833333 0.0728861111111111
3 0.3879786979166667 0.15051652314814817 0.04539216666666667 0.06209499074074074
4 0.4005050364583333 0.11045019907407408 0.02531736458333332 0.04390925000000002
3 0.44112975 0.1257562175925926 0.040178645833333346 0.06124695370370369
3 0.2927296197916667 0.3447523333333333 0.06231784375000006 0.22303237037037035
3 0.33436158854166664 0.25364444444444445 0.04908797916666661 0.06705555555555555
3 0.5234153958333333 0.16605024074074073 0.03881087500000001 0.06440137037037034
3 0.3907161458333333 0.28644312037037034 0.03525833333333329 0.08017487037037038
1 0.4366343906249999 0.33673474537037035 0.05657815624999992 0.11370273148148147
1 0.4866528645833334 0.30029166666666673 0.05493802083333339 0.09620925925925926
3 0.6088283932291667 0.23323596759259263 0.06477761979166666 0.09620954629629634
4 0.8088286067708333 0.19986152314814812 0.044953401041666535 0.04352836111111113
1 0.75273334375 0.15783108333333337 0.0344385625000001 0.0656621666666667
5 0.6735473645833333 0.15816342592592592 0.04990097916666668 0.04518981481481482
3 0.6563359270833333 0.12046101851851852 0.03679685416666653 0.0449362037037037
1 0.15048276822916667 0.522889824074074 0.07886252604166667 0.15021455555555555
1 0.48147883333333336 0.17178280092592593 0.03719025000000003 0.07910263888888891
1 0.6242622395833332 0.12278657407407408 0.049144270833333434 0.0637546296296296
1 0.3717851562499999 0.11559711574074075 0.030489062500000053 0.06526502777777779
1 0.5836560885416666 0.1006634259259259 0.039823239583333364 0.061947222222222216
3 0.7351700520833333 0.16648240740740738 0.037956770833333306 0.06526481481481483
