3 0.155316515625 0.3564138888888889 0.049881989583333335 0.07725925925925926
1 0.1049562734375 0.3902106388888889 0.04263849479166667 0.09944846296296296
3 0.05780782291666666 0.42274027777777773 0.0582176875 0.099125
2 0.086096953125 0.5816327546296296 0.07543734375 0.13994189814814814
3 0.19310304947916665 0.6319240740740741 0.07297723437499999 0.12099074074074073
3 0.2636205677083333 0.5430028194444444 0.08281717708333333 0.15306102777777778
3 0.3481147317708333 0.13078572685185183 0.03666088020833334 0.051394453703703706
1 0.3720962369791667 0.11698410648148148 0.028622786458333334 0.06361423148148149
4 0.40098205989583335 0.11369133796296296 0.022926505208333333 0.04375436111111111
1 0.3445410572916667 0.16424069444444445 0.03519885416666667 0.06299466666666666
3 0.38809199739583333 0.14996342592592593 0.04641003645833333 0.05877640740740741
3 0.4413982604166667 0.12910061574074078 0.0430884375 0.06129858333333334
4 0.27756015625 0.3039361111111111 0.04673802083333333 0.1705537037037037
4 0.32224869791666666 0.2521865740740741 0.03607864583333333 0.09621018518518518
3 0.4452442708333333 0.1918392962962963 0.047558333333333334 0.08279362962962963
3 0.5263342265625001 0.16589998611111112 0.04619769270833333 0.05967608333333333
3 0.39481614583333335 0.3221574074074074 0.061497916666666666 0.17784259259259258
3 0.48788451041666664 0.3039360601851852 0.06232110416666667 0.09183713888888889
1 0.7712596796875 0.2694696990740741 0.05288993229166667 0.16283319444444444
1 0.7519132812499999 0.16630329166666666 0.039358854166666665 0.056057916666666666
5 0.6744260416666666 0.15597638888888887 0.04673854166666667 0.03790092592592593
5 0.6478990546875 0.12487048148148147 0.029762692708333333 0.034864925925925924
3 0.6220461119791666 0.1221718425925926 0.044278494791666664 0.061225
1 0.5734326666666667 0.10082031018518518 0.035380239583333334 0.06447247222222222
1 0.3117395520833333 0.14712372222222223 0.0323563125 0.05530938888888889
3 0.7121473619791666 0.21404848611111113 0.06284576562500001 0.1449111388888889
1 0.7392145833333333 0.17145989814814813 0.044801041666666666 0.07743333333333334
