2 0.16030664583333334 0.36713095833333337 0.06149312499999997 0.07331771296296297
2 0.15948436197916666 0.5320647175925927 0.07133752604166665 0.1399520462962963
2 0.08978697916666666 0.5772597222222221 0.06149791666666668 0.14868796296296294
3 0.1935130260416667 0.6290086990740741 0.07707707291666663 0.13848406481481487
3 0.26157083333333336 0.5918365740740742 0.090196875 0.18367314814814822
3 0.38756854166666665 0.15031510185185185 0.046212479166666695 0.059479759259259246
3 0.44237421875000005 0.12630931481481486 0.04181822916666669 0.060140759259259276
3 0.2894494791666667 0.3520407407407408 0.05739791666666673 0.2201166666666666
1 0.42872971874999993 0.3265305555555556 0.054347854166666626 0.12827962962962972
1 0.48542265625000003 0.30539398148148145 0.054118229166666684 0.09766759259259258
3 0.5226008203125 0.16537610648148146 0.0349974739583334 0.06084071296296295
3 0.5130768385416666 0.38572762962962964 0.08482763541666655 0.14754785185185185
3 0.6101834270833333 0.23979583333333337 0.06584810416666684 0.08892129629629632
3 0.64430059375 0.1089681898148148 0.029519270833333403 0.05500839814814815
5 0.6740158854166668 0.15736767129629628 0.050838020833333414 0.042918453703703736
4 0.8072614583333333 0.2011662037037037 0.04345833333333336 0.04956203703703705
1 0.77031371875 0.2634228888888889 0.056026322916666635 0.17286348148148145
3 0.35506096093750006 0.13221777777777777 0.030337151041666684 0.05647096296296295
1 0.33991786197916674 0.16326527777777777 0.040711838541666684 0.0728861111111111
3 0.6998451119791668 0.12805994907407406 0.03525873437499989 0.06727869444444444
3 0.7092747083333334 0.2160723101851852 0.05575787500000011 0.14674639814814816
3 0.07483906249999998 0.48640925925925926 0.0659875 0.12875555555555554
1 0.06236579166666667 0.4234619444444444 0.058744458333333326 0.10014277777777783
3 0.3323498776041667 0.25608005092592595 0.05150232812499998 0.0715306388888889
1 0.6222697916666668 0.1221962962962963 0.04515937500000019 0.0672962962962963
1 0.3111172369791666 0.1482300925925926 0.032356151041666635 0.05973425925925929
1 0.37240736458333334 0.11615038888888889 0.026756104166666596 0.059734407407407396
4 0.4010302161458333 0.11393792129629629 0.025511473958333277 0.04867230555555559
1 0.5861448098958334 0.10121666666666666 0.04355621354166672 0.060840740740740716
3 0.7336145937499999 0.16592916666666668 0.041067687500000005 0.07079722222222223
