2 0.15497446614583332 0.3709912037037037 0.062317734374999996 0.07726018518518521
2 0.15989435416666667 0.5349851851851852 0.06559775000000001 0.13702592592592588
1 0.2914994791666666 0.3498541666666667 0.056578125 0.2332361111111111
1 0.43540468750000005 0.3381926157407407 0.0573979166666667 0.11661847222222221
3 0.51576171875 0.3855276435185185 0.07707760416666669 0.13548676851851849
3 0.3878796588541667 0.14790129166666663 0.04807918229166663 0.06571408333333334
3 0.44192171614583337 0.12558061111111107 0.0432859947916666 0.06089574074074072
3 0.6440872395833334 0.11129314814814817 0.025419270833333365 0.057297037037037056
3 0.35498479166666663 0.13384956018518518 0.029245020833333336 0.055309731481481494
3 0.6100711927083331 0.2427111111111111 0.05906321875000001 0.07725925925925924
3 0.5231268854166666 0.1649440462962963 0.035258333333333405 0.0621889814814815
4 0.8027513854166666 0.19241944444444442 0.04263854166666654 0.06705555555555559
5 0.6740161458333332 0.1579130138888889 0.0475583333333334 0.04468899074074073
1 0.48337291666666665 0.3075800925925925 0.04673854166666664 0.10787129629629633
3 0.7329922552083334 0.16884154166666665 0.04355641666666668 0.06777158333333333
1 0.7510933828125 0.15730394444444445 0.03115906770833341 0.06903266666666664
3 0.25829088802083333 0.5736152037037037 0.09511647395833332 0.15889222222222216
1 0.09133594791666667 0.582975925925926 0.06840106249999998 0.14735370370370354
3 0.07805781249999999 0.48712453240740744 0.07725312499999998 0.1301861203703703
1 0.06317072395833331 0.4198855277777778 0.06196376041666665 0.0958511666666667
3 0.33395933593750005 0.2546494398148148 0.04667403645833333 0.07439186111111111
2 0.3841869791666666 0.22609166666666664 0.05512083333333327 0.09327037037037034
1 0.4758338255208333 0.17532479629629627 0.047151713541666675 0.09090885185185181
1 0.6252583333333332 0.12101574074074074 0.04848020833333327 0.06729629629629627
1 0.33974013281249993 0.1609514722222222 0.0410676510416667 0.06968998148148149
1 0.31236171875 0.148783125 0.03235572916666663 0.058628194444444455
1 0.3720960937499999 0.11283194907407407 0.02613385416666668 0.06858425000000003
4 0.4019632812499999 0.11338514351851851 0.02613385416666668 0.04756675
1 0.5849002604166667 0.10287638888888889 0.04231197916666656 0.059734259259259265
3 0.7152586770833333 0.2140485416666667 0.0628454791666666 0.1515489351851852
