1 0.10782615364583333 0.38046655092592596 0.046738317708333324 0.10204097222222222
2 0.08978680468750001 0.5852768518518517 0.07789722395833333 0.13265370370370366
3 0.2582907161458333 0.5488339537037036 0.1049560677083333 0.18804690740740737
1 0.34350345052083336 0.16107870370370367 0.04112747395833338 0.0626814814814815
3 0.38465518489583334 0.1472559074074074 0.035861088541666676 0.05976666666666668
4 0.2779700520833333 0.30685138888888885 0.04591822916666667 0.16763796296296296
3 0.32347838541666657 0.24781342592592584 0.04181822916666669 0.08746388888888885
2 0.38784635416666663 0.2281337962962963 0.04755833333333334 0.08892129629629629
3 0.45836354166666665 0.18950416666666667 0.05247812500000002 0.0874638888888889
3 0.3316783072916667 0.33236157407407413 0.04509859375000005 0.13994166666666666
3 0.3890760416666667 0.2879277222222221 0.056578125000000055 0.08600555555555557
3 0.38292656249999996 0.43148657407407404 0.07215729166666662 0.2682212962962964
1 0.43171458333333335 0.33163287037037037 0.046738541666666696 0.12390648148148145
1 0.49073897135416655 0.30724544444444446 0.05983106770833331 0.10233066666666664
3 0.48706276041666663 0.38921268518518515 0.06559739583333334 0.1486883333333333
3 0.6235878828124998 0.23032073611111112 0.051658057291666754 0.07580182407407406
3 0.5674197916666667 0.10154901388888889 0.027879166666666677 0.059292712962962964
3 0.6235880208333333 0.12171990740740739 0.04345833333333336 0.07142870370370373
5 0.6467469479166665 0.1224490740740741 0.030738687499999882 0.03498518518518519
5 0.6740161458333332 0.1596212962962963 0.0475583333333334 0.04227407407407408
1 0.7535533854166665 0.1625361111111111 0.03607864583333331 0.0597666666666667
3 0.7343835885416666 0.16625166203703706 0.04201821875 0.06480421296296295
3 0.7064049479166666 0.21698172222222223 0.0516578125 0.14192803703703705
1 0.7837324557291666 0.27986725925925926 0.06527845312499991 0.1792035370370371
3 0.18508571354166664 0.6065806944444445 0.09173794791666667 0.17739601851851855
5 0.15249453124999998 0.46781129629629636 0.05069739583333332 0.1001433333333334
1 0.15611597916666667 0.35622295370370366 0.05311179166666668 0.10872631481481486
3 0.4844671380208333 0.17237289351851853 0.04183864062499995 0.06611532407407404
3 0.52081015625 0.1592921296296296 0.042311979166666625 0.07300833333333336
2 0.8997509817708333 0.545907 0.12195821354166665 0.29977859259259265
