2 0.15661432291666666 0.3673468009259259 0.06559739583333334 0.07288602777777778
2 0.15948432812500002 0.5320700925925925 0.06477769791666667 0.13702648148148147
1 0.2906794270833333 0.3483962962962963 0.05493802083333333 0.23615185185185186
3 0.5163441848958333 0.38402012499999993 0.075912671875 0.1353865462962963
1 0.339651265625 0.16162546296296296 0.041818229166666665 0.07325092592592593
3 0.3874361979166666 0.15101799074074077 0.0450984375 0.06531031481481481
3 0.4419933645833334 0.1264849212962963 0.04427864583333333 0.06049197222222222
3 0.6428605651041667 0.11157037962962964 0.02788571354166667 0.0578515
3 0.6104684895833333 0.2397958935185185 0.0598578125 0.08017487962962963
1 0.437454421875 0.3367347222222222 0.059857822916666664 0.11953425925925927
5 0.6731450052083333 0.15862831944444444 0.04909626041666667 0.04611962037037037
4 0.8019315104166668 0.19241990740740741 0.03607864583333333 0.06413981481481482
3 0.5226769921875 0.16660333796296295 0.03484513020833333 0.06329517592592593
3 0.33454817708333334 0.2529875138888889 0.045918229166666664 0.07106800925925925
3 0.25788088541666665 0.5721572175925926 0.09757641666666667 0.15889169444444443
1 0.7525209947916667 0.15800683333333332 0.03525833333333333 0.06601366666666666
1 0.3124724166666667 0.14835576388888888 0.029645875 0.05998586111111111
3 0.35350537499999996 0.13014080555555557 0.029714916666666664 0.04956296296296296
1 0.09214066927083334 0.5786836712962964 0.07001050520833334 0.14735302777777776
3 0.07282708333333333 0.4835481481481481 0.06679166666666667 0.12875555555555557
1 0.06276848958333334 0.42131611111111106 0.06276822916666666 0.09585111111111111
1 0.4860515625 0.31044351851851854 0.05311145833333333 0.10872592592592593
2 0.3838549479166667 0.22609212962962966 0.053128645833333335 0.0956324074074074
1 0.4764978046875 0.17355375 0.047151453125 0.08500596296296296
1 0.6239299479166666 0.12278657407407408 0.045823437499999994 0.06611574074074074
1 0.37271840104166665 0.1150440185185185 0.024889239583333334 0.06637122222222222
4 0.40165234375000003 0.11227866203703703 0.024267187500000002 0.04535378703703704
1 0.58552265625 0.10176990740740739 0.042311979166666666 0.06194722222222223
3 0.7158807317708333 0.21238935185185187 0.06284583854166667 0.14823055555555556
3 0.7314367187499999 0.16869454166666667 0.04417864583333333 0.06747758333333333
