3 0.15210442708333333 0.35787175925925924 0.05493802083333333 0.08600648148148148
1 0.10454635416666666 0.38946807870370376 0.03853854166666667 0.09510210185185185
3 0.0578078125 0.42274074074074075 0.056578125 0.09329444444444444
2 0.08896692708333333 0.5830902777777778 0.06969739583333333 0.12828055555555556
1 0.31076901041666666 0.14795925925925926 0.0327984375 0.05393518518518518
3 0.347166859375 0.13259481018518518 0.03725407291666667 0.05280023148148148
1 0.3726784765625 0.11587791203703704 0.028702786458333334 0.0614018425925926
4 0.40149099479166667 0.11005833333333333 0.025188843750000002 0.048105555555555554
1 0.34684765624999997 0.1638475925925926 0.03607864583333333 0.059472962962962964
3 0.38771731770833334 0.1492089074074074 0.04617578125 0.05947975925925926
3 0.44155426302083334 0.12666099074074075 0.04345852604166667 0.058631722222222224
4 0.27797004947916665 0.3024777777777778 0.045918234375 0.15306111111111112
4 0.32101875 0.25072863425925923 0.03361875 0.08746310185185185
1 0.48131938541666663 0.1763850555555556 0.040856010416666665 0.08358475925925926
3 0.52683125 0.16610187037037036 0.04509791666666666 0.06007985185185185
3 0.36119726822916665 0.4511661805555555 0.07133724479166667 0.2900874722222222
3 0.49115666406249997 0.3083092592592592 0.057386244791666666 0.10058333333333333
3 0.5711096354166666 0.24854212962962963 0.06313802083333334 0.08892129629629629
3 0.4846026041666667 0.38556851851851853 0.07215729166666666 0.13848333333333335
3 0.7703625 0.269294087962963 0.048378125 0.16469437962962963
3 0.7551270572916666 0.16683057407407406 0.046576635416666665 0.05268770370370371
5 0.67319609375 0.15889212962962962 0.0491984375 0.04081574074074074
5 0.6493829557291666 0.1271954398148148 0.029451328125000002 0.03715356481481481
3 0.62187 0.12099120370370371 0.0433025 0.06413981481481482
1 0.5717783020833334 0.10378721759259259 0.0349555625 0.06376912037037037
5 0.15289701822916665 0.44778259722222225 0.05793986979166667 0.07725332407407406
4 0.38717552083333334 0.2290435185185185 0.05976979166666666 0.08736666666666666
3 0.44614218750000006 0.19413703703703705 0.052267708333333336 0.09181481481481481
3 0.7115251015625 0.2134953564814815 0.06657896354166666 0.1482296574074074
1 0.7407702994791666 0.1692477824074074 0.04293440104166667 0.06858406481481481
