2 0.1516947916666667 0.36661805555555554 0.06231770833333335 0.08308981481481478
1 0.05780781250000001 0.42136200462962964 0.053297916666666674 0.09022043518518522
3 0.07256744791666667 0.48615138888888887 0.0680578125 0.12973796296296292
2 0.08650703125 0.5787171296296296 0.06477760416666666 0.14285648148148145
2 0.16030437760416666 0.5298833333333334 0.05985771354166669 0.12973703703703698
3 0.2619807395833334 0.5838191574074074 0.09593647916666669 0.1559765
3 0.3528224453125 0.13277087962962966 0.03363161979166662 0.050939981481481496
1 0.3722540572916666 0.1175372037037037 0.024573739583333302 0.060295648148148154
1 0.3417700442708334 0.1632652777777778 0.035763005208333296 0.05830833333333337
3 0.3880775651041667 0.15013952314814816 0.04643890104166667 0.059128601851851884
3 0.4414970390625 0.12779300000000002 0.04413534895833339 0.05868335185185185
3 0.29108984375 0.3469384259259259 0.059038020833333336 0.21574351851851845
3 0.33331822916666665 0.24927129629629638 0.046738541666666696 0.07580185185185188
3 0.38169635416666664 0.2332361111111111 0.051658333333333376 0.09037962962962962
3 0.5226734270833333 0.16618101851851852 0.03525885416666673 0.0641398148148148
3 0.38251640624999994 0.2776967592592593 0.04345885416666662 0.07726018518518517
1 0.43499445833333333 0.3432944675925926 0.058218083333333344 0.1268221759259259
1 0.48870260416666667 0.30903796296296293 0.05083854166666661 0.10495555555555554
1 0.7720026041666667 0.2722559027777778 0.05329791666666672 0.1595560462962963
1 0.7521844010416666 0.15652314814814813 0.03503938541666661 0.07189585185185184
5 0.6747697760416665 0.15761807870370373 0.04906559375000003 0.04628050925925925
3 0.6559257708333334 0.11941922685185186 0.037617166666666674 0.04285262037037037
1 0.6230221067708333 0.12099120370370371 0.04232650520833327 0.06413981481481482
1 0.5836557916666667 0.09900453703703704 0.038578645833333286 0.060840925925925944
3 0.7376589401041667 0.1642699722222222 0.03422274479166679 0.06526561111111112
3 0.7693930598958333 0.18639363888888885 0.026755911458333278 0.06747753703703702
3 0.7952157083333334 0.18030970833333335 0.034845135416666534 0.0818583611111111
