1 0.10618619791666667 0.3866475092592592 0.0450984375 0.09518342592592594
1 0.05862779427083333 0.4220115740740741 0.05657774479166667 0.09766759259259258
3 0.06887760416666668 0.48396481481481485 0.06559791666666666 0.12827962962962963
2 0.08486700520833335 0.5787171296296296 0.07297744791666667 0.13994166666666666
3 0.18859338802083334 0.6188044722222222 0.07871739062500001 0.14722994444444445
3 0.35173483854166665 0.12945229166666666 0.02896746875 0.0597895462962963
1 0.37185677083333335 0.11658080092592592 0.028698958333333333 0.060595231481481486
4 0.40032886979166665 0.11299988888888889 0.027058854166666667 0.04664722222222222
1 0.34179904427083335 0.16019340740740742 0.045660765625 0.0703868148148148
3 0.38948619791666667 0.14830413425925926 0.0491984375 0.06209499074074074
3 0.2906796875 0.35204074074074077 0.05329791666666666 0.22594814814814815
3 0.33290824218750004 0.25655953703703704 0.04755815104166667 0.0758012962962963
3 0.3771866796875 0.22303225000000002 0.040998359374999994 0.08454846296296296
3 0.3900709244791667 0.2877154027777778 0.03818905729166667 0.07471549074074074
1 0.4308947734375 0.3323615740740741 0.04837808854166667 0.12828055555555556
3 0.4899113854166667 0.3065979583333333 0.0630956875 0.0981744537037037
3 0.6125182291666665 0.23104953703703704 0.06559791666666666 0.08892129629629629
2 0.4992831302083333 0.40876949537037033 0.07035896875 0.11971967592592592
3 0.7699733880208334 0.26883935648148144 0.049240171874999995 0.16820969444444445
1 0.7528066354166666 0.15768097222222224 0.035039385416666666 0.07199911111111111
3 0.7065718098958332 0.21587552314814812 0.050351953124999994 0.14635282407407407
5 0.6731654270833333 0.15613294907407407 0.0491984375 0.04331025
3 0.6547739270833333 0.12167797685185186 0.038592645833333335 0.04500884259259259
2 0.1480687109375 0.5236050925925926 0.04989278645833333 0.1573675925925926
3 0.4526756380208333 0.19137152777777777 0.05537893229166667 0.08628287037037037
1 0.482475 0.16883136111111113 0.03918229166666667 0.07792246296296297
3 0.6219377968750001 0.12101549074074074 0.04183898958333333 0.06965790740740742
1 0.3117395833333333 0.14712397685185183 0.03235625 0.0641594537037037
1 0.58303359375 0.10121703703703704 0.038578645833333335 0.06526592592592592
3 0.73703671875 0.1686949074074074 0.039200520833333335 0.06968981481481482
