3 0.15940092447916668 0.34548101851851853 0.044932057291666654 0.08163240740740742
1 0.05944765625 0.419825 0.05493802083333333 0.08163333333333332
3 0.07010755208333334 0.48542268518518517 0.06149739583333333 0.12536388888888886
2 0.08158697916666666 0.5758018518518518 0.0713375 0.13702592592592597
3 0.1926932421875 0.6246356944444444 0.07051768229166668 0.12973787037037046
3 0.2628005390625 0.583090148148148 0.09921670312499996 0.15160303703703712
1 0.30707916666666674 0.1481285277777778 0.025418750000000045 0.055106611111111085
3 0.3517203177083334 0.1292762268518519 0.030182895833333313 0.04837545370370369
1 0.37144661458333333 0.11718552777777776 0.02623906249999995 0.05959229629629631
4 0.39932578124999996 0.1115305787037037 0.02623906249999995 0.04607000925925925
1 0.3399323828125 0.16036901388888888 0.041927265625000015 0.07073802777777777
3 0.38784609375000006 0.14883141666666666 0.04919843749999995 0.06093716666666664
3 0.44135660937500004 0.1257562175925926 0.041818750000000016 0.05682217592592592
3 0.28903978645833334 0.3505833333333333 0.05001834375000005 0.2201166666666666
3 0.3349580729166667 0.25583055555555556 0.05001822916666665 0.06851296296296294
4 0.44348347656250003 0.19314861111111112 0.049439296875000004 0.08308981481481481
3 0.5222751822916667 0.1638475925925926 0.03315981250000017 0.05947296296296295
3 0.3876338854166666 0.2891728101851852 0.03814331250000003 0.07763030555555551
1 0.4352361848958334 0.3294459861111112 0.056094682291666705 0.11370247222222218
3 0.49033661197916667 0.30874387037037043 0.05902634895833335 0.1053275185185185
3 0.6126153958333334 0.23282077777777777 0.06624116666666673 0.0886945185185185
2 0.498845046875 0.4125638148148148 0.06948280208333332 0.11484725925925925
2 0.5637300651041667 0.354227574074074 0.06641742187500004 0.10204114814814813
2 0.7700152109374999 0.2654947546296296 0.0479120572916667 0.17700721296296293
1 0.7528067083333333 0.1576551574074074 0.03503923958333341 0.06973509259259258
3 0.7062606927083334 0.2154726805555556 0.04972971875000003 0.1477595277777778
5 0.6739497239583334 0.15397363425925928 0.05070569791666676 0.03899162037037034
3 0.6564137708333334 0.11955761111111111 0.03531295833333334 0.040768111111111116
1 0.6226119505208333 0.12317777777777776 0.04314681770833341 0.05976666666666667
2 0.15289687500000002 0.5257509722222222 0.07725312499999998 0.15307601851851846
1 0.5842782239583334 0.10232314814814814 0.04106751041666665 0.06305370370370371
3 0.7351700520833333 0.16703518518518515 0.04169010416666671 0.0707962962962963
