1 0.11110598958333334 0.3766064027777778 0.05001822916666665 0.11801967592592598
5 0.153334375 0.45522536574074074 0.05247812499999997 0.08069393518518518
2 0.09306666666666666 0.5845479027777778 0.07461770833333331 0.13119493518518505
3 0.19269315364583328 0.6290086481481482 0.07215744270833335 0.1268222222222222
1 0.37144687500000007 0.11768699537037038 0.029518750000000024 0.06502000925925924
1 0.3082391171875 0.17346944444444445 0.04277801562500005 0.07871666666666667
1 0.34274791666666665 0.15889212962962962 0.04263854166666672 0.058308333333333344
3 0.38517864062499996 0.14938451388888885 0.037303114583333394 0.059830972222222216
4 0.2771502604166667 0.30685138888888885 0.04591822916666667 0.16180833333333333
3 0.32593828125 0.24562638888888888 0.03689843750000001 0.08892129629629629
2 0.38825625 0.22578476388888885 0.053297916666666605 0.09501699074074069
3 0.45590364583333337 0.19314861111111112 0.04755833333333334 0.07142870370370367
3 0.5206815104166667 0.16472314814814815 0.040998437500000054 0.06705555555555555
3 0.32798836458333336 0.339650462962963 0.044278479166666725 0.13119537037037035
3 0.38950153125 0.28571435185185184 0.0573979166666667 0.08163240740740736
3 0.38333645833333324 0.43075833333333335 0.07297708333333326 0.2551018518518519
1 0.4355224166666666 0.33381944444444445 0.05599379166666664 0.12536481481481476
3 0.53667109375 0.2793590046296296 0.06477760416666652 0.09142828703703708
3 0.5780794270833333 0.2558310185185185 0.05575781250000003 0.08308981481481481
3 0.6223578125000001 0.2339648148148148 0.045918749999999994 0.08309074074074074
3 0.4858328125000001 0.389212962962963 0.06805729166666664 0.14285740740740735
3 0.5686497395833335 0.10276990740740741 0.03033906249999999 0.06268240740740741
3 0.6215377604166666 0.11953333333333334 0.040998437500000054 0.06122407407407408
5 0.6453171875 0.12119018055555557 0.03279895833333318 0.03458815740740742
5 0.6748359374999999 0.15743425925925925 0.045918749999999994 0.04081666666666669
3 0.73510390625 0.16909629629629633 0.040178645833333346 0.06705555555555555
1 0.7823892083333334 0.2787610648148147 0.06547601041666672 0.17920353703703706
1 0.4872586744791666 0.3025750046296296 0.06679202604166665 0.11587962037037038
3 0.48479940624999995 0.1735538287037037 0.043831395833333356 0.07319975000000001
3 0.7073498437500001 0.21459216203703707 0.054721145833333415 0.15164543518518517
3 0.9078401927083334 0.5525439814814815 0.13564705208333325 0.2931416666666667
