3 0.15128454427083332 0.35714287962962965 0.05329825520833333 0.09037905555555556
1 0.10372630208333332 0.3901699861111111 0.04017864583333333 0.09364469444444444
3 0.058217968749999995 0.4234694444444444 0.05903802083333333 0.09475185185185185
2 0.09142656249999999 0.5728861111111111 0.061497916666666666 0.1428574074074074
3 0.193103125 0.6290087314814815 0.0713375 0.11516031481481483
3 0.3525694114583333 0.13186610648148148 0.028147677083333333 0.05134282407407407
1 0.37226666666666663 0.11826590740740742 0.02951875 0.06396544444444444
4 0.39928221875000003 0.11297407407407407 0.028698958333333333 0.042274074074074075
3 0.387370984375 0.15014583333333334 0.04660759375 0.05830833333333333
3 0.44135660937500004 0.12723990277777777 0.043458333333333335 0.0575771574074074
4 0.27879019270833333 0.30247824074074076 0.045918572916666664 0.16472314814814815
4 0.3189684895833333 0.2492708333333333 0.03607864583333333 0.09621018518518518
3 0.5231241640625001 0.1671564351851852 0.037684192708333335 0.062188981481481484
3 0.4288447916666666 0.30903787037037034 0.054117708333333334 0.12827981481481482
3 0.48993255208333336 0.3039361111111111 0.050018229166666664 0.10058333333333333
5 0.5879192708333334 0.27332361111111114 0.04263854166666667 0.04810462962962963
3 0.6137481770833334 0.23104953703703704 0.051657812500000004 0.080175
3 0.7707154505208333 0.2698471851851852 0.049312536458333334 0.16580057407407406
1 0.7537399869791667 0.15800683333333332 0.033172682291666665 0.07043844444444444
5 0.6465471354166666 0.12382822685185185 0.0303390625 0.03514169444444444
3 0.6227678932291667 0.12099120370370371 0.04283493229166667 0.06413981481481482
3 0.5693881432291666 0.0995380462962963 0.02853566145833333 0.061907944444444446
1 0.38219453125 0.22373072685185183 0.055121354166666664 0.09090891666666666
1 0.7410814166666667 0.1686946851851852 0.04231216666666667 0.06969025925925926
