3 0.15579453125 0.35932916666666664 0.060677604166666683 0.08892129629629626
5 0.15374453125000004 0.46513154629629627 0.0582182291666667 0.07761646296296297
1 0.08896692708333331 0.5663265324074074 0.07789739583333331 0.14139941666666667
3 0.19146302083333333 0.636297685185185 0.07625729166666666 0.13265277777777776
3 0.30420937500000006 0.17354055092592593 0.03279895833333336 0.07274482407407408
1 0.3419278645833333 0.16036901388888888 0.03607864583333331 0.06410086111111113
3 0.3791974166666667 0.14735793055555557 0.03682087499999997 0.06147882407407407
3 0.44032447916666667 0.12355526851851853 0.03771875000000004 0.06122407407407408
3 0.32388854166666664 0.25072916666666667 0.045918749999999994 0.09037870370370368
2 0.3882559895833334 0.22386363888888886 0.05001822916666665 0.09329444444444446
3 0.45672369791666667 0.19241944444444442 0.04919843749999995 0.07580185185185187
3 0.5219114583333333 0.169825 0.04181874999999995 0.06268148148148145
3 0.33044817708333335 0.3367347222222222 0.040998437499999936 0.13119537037037035
3 0.3853863802083333 0.28571435185185184 0.05247796875 0.08163240740740736
3 0.5141218750000001 0.22084537037037036 0.0524781249999999 0.07434444444444445
3 0.3857962083333334 0.4300294814814814 0.0811770833333334 0.25072870370370365
5 0.48501284635416664 0.30903789351851857 0.05165798437499998 0.06705541666666671
3 0.5342111171874999 0.27769692592592593 0.05985765104166661 0.09475244444444444
3 0.5772596354166666 0.2587462962962963 0.05411822916666663 0.07434444444444442
3 0.6211278645833335 0.23469398148148146 0.0483786458333333 0.0728861111111111
3 0.48598213020833325 0.387025925925926 0.06775865624999995 0.1530611111111111
3 0.5694697916666667 0.10204074074074075 0.030338541666666666 0.06122407407407408
3 0.6231778645833332 0.12026249999999997 0.04263802083333322 0.06268240740740738
5 0.6480480390625 0.12032262962962964 0.028976838541666675 0.030491777777777784
5 0.6731960937500001 0.15743425925925925 0.049198437500000004 0.043731481481481475
3 0.7060259322916667 0.21813760185185188 0.05254040624999992 0.13870724074074073
1 0.7593055781249999 0.1670321712962963 0.037693010416666554 0.050878509259259234
1 0.782813625 0.2798638564814815 0.06836058333333347 0.18363512037037033
3 0.06679190885416665 0.40772499999999995 0.035407848958333314 0.09155925925925922
5 0.4385729244791667 0.33762512037037035 0.05150206770833332 0.08583679629629629
1 0.4828068645833332 0.1782760925925926 0.04515918750000001 0.080283
3 0.905973328125 0.5519912037037037 0.13440290625 0.28982314814814814
