3 0.153334375 0.35787175925925924 0.05247812499999997 0.08600648148148148
5 0.15456458333333334 0.463121 0.051658333333333376 0.07931781481481479
1 0.09142656249999999 0.5728865740740741 0.07133750000000001 0.1399416666666666
3 0.1918731822916667 0.6333818796296296 0.07379738541666668 0.12390661111111106
3 0.3044360572916666 0.17464674537037037 0.034439062499999964 0.07716960185185184
1 0.34151796875 0.16253657407407404 0.03689843750000001 0.06559722222222225
3 0.3780065104166666 0.14536304166666666 0.03607864583333331 0.06284997222222223
4 0.2771502604166667 0.3039361111111111 0.04427864583333327 0.16763888888888887
3 0.3255283854166667 0.24854212962962963 0.04099843749999999 0.0918361111111111
2 0.38866614583333337 0.22376111111111108 0.050838541666666674 0.08600555555555556
3 0.45713385416666674 0.19241981944444447 0.051658333333333376 0.07288628703703702
3 0.5219114583333334 0.16618055555555555 0.036898958333333155 0.06705555555555552
3 0.33003828125 0.34037916666666657 0.04181822916666664 0.1326527777777777
3 0.3853864583333333 0.28571435185185184 0.0475583333333334 0.08163240740740736
3 0.5141218750000001 0.22230324074074076 0.0524781249999999 0.07434351851851849
3 0.38333645833333324 0.4300291666666667 0.0762572916666666 0.25364351851851863
5 0.48419270833333333 0.3075805555555555 0.05165833333333332 0.06705555555555552
3 0.53462109375 0.2769675925925925 0.05903802083333343 0.08454814814814814
3 0.5772596354166666 0.25364444444444445 0.05411822916666663 0.07871666666666664
3 0.6219479166666666 0.2354226851851852 0.04673854166666658 0.07726018518518521
3 0.4858328125000001 0.3870263888888889 0.06805729166666664 0.15597685185185184
3 0.5696004817708336 0.09985462962962964 0.030599921874999936 0.05976666666666668
3 0.6227679687500001 0.11880462962962962 0.04509843750000009 0.06268148148148146
5 0.6475228697916666 0.12116594444444444 0.030338541666666666 0.03352770370370371
5 0.6736059895833333 0.15816342592592592 0.0483786458333333 0.04518981481481482
3 0.706924078125 0.2196495277777778 0.052260177083333303 0.13886987037037035
1 0.7567469010416665 0.16618395833333335 0.03755354166666661 0.04816306481481481
1 0.7830114427083334 0.2820796481481482 0.06547601041666672 0.18141592592592592
3 0.06518251562500002 0.4041486111111111 0.033798510416666684 0.09298981481481479
5 0.4365611874999999 0.34191681944444446 0.049088041666666686 0.09155895370370375
1 0.48147873958333326 0.17650521759259258 0.042502937499999935 0.07910252777777776
1 0.7348591145833333 0.16703564814814814 0.051023437500000074 0.08185833333333331
3 0.9062845260416666 0.5525444444444445 0.1337805104166667 0.28871666666666673
