1 0.059857921875000004 0.419825 0.05575811458333334 0.09037962962962963
3 0.06682760416666667 0.4897958333333334 0.061497916666666666 0.12828055555555556
2 0.08445703125 0.5779881481481481 0.06559739583333334 0.13556888888888888
1 0.11697605729166667 0.6784995185185185 0.08471741666666667 0.19664903703703704
3 0.19269306770833333 0.6319240740740741 0.06559791666666666 0.1326537037037037
4 0.26444036458333336 0.584548148148148 0.0975765625 0.15451851851851853
1 0.33827775781249997 0.16326527777777777 0.040258640624999995 0.07288611111111111
3 0.35481696875 0.13372681944444445 0.030153854166666667 0.05727663888888889
1 0.37267682291666665 0.11683431481481482 0.025419270833333334 0.06331464814814815
3 0.3876185390625 0.1486884259259259 0.04473375520833334 0.06413981481481482
3 0.44252942968750003 0.128144212962963 0.045803973958333334 0.05938577777777778
3 0.2927296197916667 0.3454808935185185 0.062317843750000004 0.21865858333333335
3 0.3339592291666667 0.25178826851851854 0.04828326041666667 0.07153075925925925
3 0.4440140625 0.19314861111111112 0.048378125 0.080175
3 0.52478125 0.16585809722222225 0.03771875 0.06208912037037038
3 0.39112604166666665 0.2833963009259259 0.039358333333333335 0.07752221296296297
1 0.4378645833333333 0.33673474537037035 0.057397916666666667 0.11370273148148148
1 0.48952265625 0.3075805555555555 0.05903802083333333 0.10204074074074074
4 0.8080931614583334 0.20111797222222222 0.046424291666666666 0.046041259259259254
1 0.7520965781250001 0.15824087037037035 0.035258854166666666 0.06997037037037036
1 0.7154244791666666 0.21614975462962963 0.056578125 0.14690128703703703
5 0.6735398281249999 0.15670555555555554 0.051525489583333334 0.03935925925925926
3 0.6551839036458332 0.12018409259259258 0.03777269270833334 0.0491049074074074
1 0.6227102213541666 0.12302735648148147 0.04560671354166667 0.06187525
1 0.5818880494791667 0.10204074074074074 0.037136515625 0.058309259259259255
3 0.6101273098958334 0.23275265740740742 0.06245566145833333 0.09524235185185186
1 0.19031657291666668 0.48998555555555556 0.06035397916666666 0.14449185185185184
1 0.4814788567708333 0.1711925925925926 0.035862078124999995 0.07792222222222223
4 0.40134140625 0.11006659259259259 0.026133854166666668 0.04756681481481482
3 0.7389036458333333 0.16592916666666666 0.034222916666666665 0.06637129629629629
