3 0.15702447916666665 0.35787175925925924 0.056578125 0.08892129629629629
1 0.10536640624999999 0.38461015277777777 0.0450984375 0.10827610185185185
5 0.15661432291666666 0.46097506944444444 0.05083802083333333 0.0921933425925926
2 0.09142682291666666 0.5692421296296297 0.07953697916666667 0.13265277777777776
3 0.19064322916666665 0.6326527777777777 0.07625729166666666 0.13411111111111113
3 0.304209375 0.17201203703703705 0.03279895833333333 0.07580185185185186
1 0.34192786458333335 0.16253657407407407 0.0409984375 0.06268240740740741
3 0.38031406510416665 0.14549675462962963 0.034587578125000004 0.05856400925925926
4 0.2783802083333333 0.3075800925925926 0.048378125 0.16618055555555555
3 0.3230684895833333 0.2507287037037037 0.039358854166666665 0.09329444444444444
2 0.38907604166666665 0.2230324074074074 0.051658333333333334 0.08454814814814815
3 0.45713359375 0.19314861111111112 0.050018229166666664 0.080175
3 0.5223213541666667 0.16763842592592593 0.04263854166666667 0.06705462962962963
3 0.3304484375 0.33600601851851847 0.04263854166666667 0.12390648148148146
3 0.3853861979166666 0.2835277777777778 0.05083802083333333 0.08309074074074074
3 0.3833364583333333 0.43367314814814817 0.0795375 0.25510185185185186
5 0.48665278125 0.3061222314814815 0.051658333333333334 0.0641395
3 0.4846026041666667 0.3921282407407407 0.0672375 0.14868796296296297
3 0.51371171875 0.22230324074074076 0.0532984375 0.07434351851851852
3 0.53462109375 0.27769692592592593 0.06067760416666667 0.09475244444444444
3 0.5764393229166667 0.25437314814814815 0.05903802083333333 0.07434444444444445
3 0.6227677083333333 0.2339648148148148 0.04673854166666667 0.07725925925925926
3 0.6227679687500001 0.12171990740740739 0.04017864583333333 0.06559722222222222
5 0.6473669270833333 0.1197323101851852 0.027058854166666667 0.03167241666666667
5 0.6740161458333332 0.15962083333333332 0.047558333333333334 0.03935833333333333
3 0.7073339739583333 0.21885290740740743 0.05307996875 0.14013785185185185
3 0.7350703437499999 0.16899133333333333 0.04024577083333333 0.061434
3 0.066791890625 0.4048638888888889 0.03701726041666666 0.09442037037037038
5 0.43615884375 0.33834043055555557 0.04828335416666667 0.08440617592592593
1 0.4821428020833333 0.1776858564814815 0.043831062500000004 0.07674125
1 0.3052060625 0.1399337962962963 0.0329785 0.07190277777777777
1 0.7600593489583333 0.16758842592592593 0.03920098958333333 0.05199166666666667
1 0.78308203125 0.28097325925925926 0.0678234375 0.17920392592592593
3 0.9065957421875 0.5525444537037038 0.136891484375 0.2909296111111111
