1 0.15367641145833336 0.3564138888888889 0.05316219791666665 0.09475185185185185
1 0.10372622656250001 0.380466375 0.046738171874999984 0.11370243518518525
5 0.15579453125 0.4674128194444445 0.054118229166666657 0.10793006481481489
2 0.08937682291666667 0.5889212962962964 0.08199739583333335 0.1311944444444444
3 0.1947429895833333 0.6355685185185185 0.06969735416666666 0.13411111111111104
3 0.2632104166666666 0.5451898148148149 0.09511666666666665 0.15160370370370368
1 0.34565222916666666 0.16034998148148147 0.04666950000000002 0.05830929629629627
3 0.38557401562500004 0.1479591990740741 0.034023427083333266 0.059766787037037035
4 0.2787900208333333 0.29956247685185183 0.044278291666666664 0.15889171296296292
3 0.325528296875 0.24781342592592584 0.03771840625000002 0.08746388888888885
2 0.38687035937500003 0.2259236064814815 0.04919791666666657 0.0858495833333333
3 0.4849789348958333 0.1759694398148148 0.04214366145833329 0.07094713888888889
3 0.32921822916666665 0.33892129629629625 0.03853854166666668 0.12973703703703707
3 0.38784609375000006 0.28571435185185184 0.055757812499999976 0.08163240740740736
3 0.5237465104166666 0.16622584722222222 0.03892843750000008 0.0669649722222222
3 0.38251640625 0.43075787037037044 0.07133697916666672 0.2580175925925927
1 0.4331082552083333 0.33236157407407413 0.05116546875000007 0.11661759259259265
1 0.48911250000000006 0.30539398148148145 0.05821770833333335 0.09766759259259258
3 0.48542291666666676 0.38921249999999996 0.06723750000000006 0.15743425925925925
3 0.5727497395833333 0.2587462962962963 0.05821822916666666 0.08309074074074074
3 0.6235877604166667 0.2325074074074074 0.04509843750000009 0.07725925925925928
3 0.5703214947916666 0.10119733796296297 0.030402364583333372 0.06080175000000003
3 0.6227679687500001 0.11880462962962961 0.04181822916666664 0.07142777777777774
5 0.6463099270833333 0.12191888425925926 0.030813479166666723 0.036045564814814815
5 0.6731960937500001 0.15524768518518517 0.049198437500000004 0.039358333333333335
3 0.7073980364583332 0.21748318981481482 0.054591427083333484 0.14293097222222223
1 0.7830957005208333 0.27931075925925924 0.0653074947916668 0.18252892592592598
3 0.45703125 0.1919249444444444 0.049156250000000054 0.08296492592592591
1 0.309872828125 0.17090707870370367 0.039823093750000045 0.08738937962962963
3 0.73703671875 0.16537627777777777 0.04169010416666671 0.071903
2 0.8950843749999999 0.5459068842592593 0.11760208333333336 0.3019915462962963
