3 0.6551567708333333 0.11897933333333334 0.03771875 0.04373240740740741
5 0.6731502838541666 0.15889212962962962 0.049198296875 0.04664722222222222
3 0.7306592239583334 0.16534688888888888 0.032668010416666664 0.06741944444444445
4 0.8066508750000001 0.19928261111111112 0.04059758333333333 0.04458292592592593
1 0.7723925 0.26589806018518514 0.06058004166666667 0.1711766574074074
2 0.15128463541666667 0.36588888888888893 0.05657760416666667 0.08454814814814815
2 0.08240703125 0.5845481481481482 0.06477760416666667 0.1516037037037037
1 0.15702447916666665 0.5342564814814814 0.06969791666666666 0.14722962962962963
1 0.12053567708333333 0.6734691666666667 0.0721578125 0.2157438888888889
3 0.35311808593750005 0.13277077777777777 0.029245026041666667 0.055364555555555556
1 0.37240735416666665 0.11811611574074074 0.025511614583333335 0.06366586111111111
1 0.3389001171875 0.1610787037037037 0.041502859375 0.07142777777777777
3 0.3876821015625 0.14772522222222223 0.047229828125 0.06314955555555556
3 0.441596078125 0.1270380185185185 0.042692802083333335 0.05938577777777778
3 0.5227315104166668 0.16618055092592593 0.035258854166666666 0.06122408333333334
3 0.33361501302083335 0.25364444444444445 0.048971692708333334 0.06997037037037036
3 0.28944973958333337 0.35204074074074077 0.055757812500000004 0.22886296296296296
3 0.6086432083333334 0.23323611111111112 0.06231770833333334 0.09037962962962963
1 0.43540450260416663 0.3381926157407407 0.05903786979166667 0.11661847222222223
1 0.4891125 0.3097666666666667 0.056578125 0.11807592592592593
3 0.26157075520833334 0.5852771574074074 0.09511651041666667 0.17346975925925925
1 0.6235979921875 0.12317777777777776 0.043831171875 0.06268148148148148
3 0.6996187291666666 0.12731737962962963 0.033165979166666665 0.0686547962962963
3 0.07282708333333333 0.48783981481481475 0.06679166666666667 0.13161666666666666
1 0.06236577604166667 0.4227466990740741 0.06035386458333333 0.0958510462962963
3 0.39672756770833334 0.2818310231481481 0.05311138541666667 0.07439165740740741
1 0.3117395833333333 0.1482300925925926 0.031111458333333335 0.059734259259259265
1 0.5849004401041668 0.10176990740740739 0.04355641145833333 0.06194722222222223
3 0.7090361875000001 0.21515484722222222 0.05662341666666667 0.1449115462962963
1 0.7535259244791667 0.15652638888888887 0.033600807291666666 0.07190277777777777
