3 0.15989421874999998 0.3447523148148148 0.04427822916666667 0.080175
1 0.06023730208333333 0.4212828703703704 0.05821822916666666 0.08746388888888888
3 0.06846770833333334 0.48396481481481485 0.06641770833333334 0.12827962962962963
2 0.08650703125 0.5794462962962963 0.06969739583333333 0.1355685185185185
1 0.20007275781249997 0.4715740740740741 0.06887780729166666 0.1763851851851852
3 0.19269322916666667 0.6290087962962962 0.07215729166666666 0.12390648148148146
3 0.264030578125 0.5947521851851851 0.09839657291666667 0.17492711111111112
1 0.3095390625 0.14870743981481482 0.030338541666666666 0.0540520462962963
3 0.35106906510416663 0.13055849074074075 0.031369328125 0.05093998148148148
1 0.37168443749999996 0.11736159722222224 0.02904365625 0.06436921296296295
4 0.40127865625 0.11065672222222223 0.027253104166666667 0.046385666666666665
1 0.33993238281250004 0.16054508333333334 0.039438328125000005 0.07330255555555555
3 0.3879786979166667 0.1488575648148148 0.04788110416666667 0.06320185185185184
3 0.44196432291666665 0.12593182407407408 0.0409984375 0.05938577777777778
3 0.2882197213541666 0.349125 0.04673840104166667 0.22011666666666665
3 0.3324981770833333 0.25594344907407407 0.051657812500000004 0.07411865740740742
3 0.387267859375 0.28571388888888893 0.03984196875 0.08454814814814815
1 0.4354044427083333 0.33017496296296295 0.059038052083333334 0.1355685925925926
3 0.48665286458333334 0.3083092592592592 0.05493802083333333 0.10349814814814816
3 0.6125182291666665 0.23286604166666663 0.06559791666666666 0.09190030555555556
2 0.4988729739583333 0.4108062037037037 0.07117928125 0.1144472962962963
2 0.5641398802083333 0.35495612962962964 0.06887767708333332 0.09766737037037038
4 0.7986515625 0.19241990740740741 0.02951875 0.0699712962962963
1 0.7521553593749999 0.15823406944444446 0.036341937500000004 0.06646813888888889
3 0.7071014947916666 0.21499193055555554 0.0502649375 0.14901041666666667
5 0.6759919296875 0.15524768518518517 0.048230734375 0.03935833333333333
3 0.6564137708333334 0.11896729166666667 0.03531295833333334 0.04194875
1 0.6230221067708333 0.12172037037037037 0.04232650520833334 0.05976666666666667
1 0.1532992734375 0.5250357453703703 0.07644832812499999 0.15164517592592594
1 0.48579557291666664 0.1741439814814815 0.0444953125 0.08618611111111112
3 0.5223657552083333 0.16039814814814815 0.03422265625 0.07079629629629629
1 0.5842781250000001 0.1017699074074074 0.039822916666666666 0.0641601851851852
3 0.7364143229166668 0.16703525 0.040445312500000004 0.07079616666666667
