2 0.1516947916666667 0.36661805555555554 0.06231770833333334 0.08308981481481481
1 0.0578078125 0.42136200462962964 0.05329791666666666 0.09022043518518519
3 0.07256744791666667 0.48615138888888887 0.0680578125 0.12973796296296294
2 0.08650703125 0.5787171296296296 0.06477760416666667 0.14285648148148147
2 0.16030437760416666 0.5298833333333334 0.05985771354166667 0.12973703703703704
3 0.26198073958333334 0.5838191574074074 0.09593647916666666 0.15597650000000002
3 0.3528224453125 0.13277087962962963 0.033631619791666664 0.05093998148148148
1 0.3722540572916666 0.1175372037037037 0.02457373958333333 0.06029564814814815
1 0.34177004427083335 0.1632652777777778 0.03576300520833333 0.05830833333333333
3 0.3880775651041667 0.15013952314814816 0.04643890104166667 0.059128601851851856
3 0.4414970390625 0.12779300000000002 0.044135348958333334 0.058683351851851855
3 0.29108984375 0.3469384259259259 0.05903802083333333 0.2157435185185185
3 0.33331822916666665 0.24927129629629632 0.04673854166666667 0.07580185185185186
3 0.38169635416666664 0.23323611111111112 0.051658333333333334 0.09037962962962963
3 0.5226734270833333 0.16618101851851852 0.035258854166666666 0.06413981481481482
3 0.38251640625 0.2776967592592593 0.043458854166666665 0.07726018518518518
1 0.43499445833333333 0.3432944675925926 0.05821808333333334 0.12682217592592593
1 0.48870260416666667 0.30903796296296293 0.05083854166666667 0.10495555555555557
1 0.7720026041666667 0.2722559027777778 0.05329791666666666 0.1595560462962963
1 0.7521844010416666 0.15652314814814813 0.035039385416666666 0.07189585185185185
5 0.6747697760416665 0.15761807870370373 0.04906559375 0.046280509259259264
3 0.6559257708333334 0.11941922685185186 0.03761716666666667 0.042852620370370374
1 0.6230221067708333 0.12099120370370371 0.04232650520833334 0.06413981481481482
1 0.5836557916666667 0.09900453703703704 0.038578645833333335 0.06084092592592593
3 0.7376589401041667 0.1642699722222222 0.03422274479166666 0.06526561111111111
3 0.7693930598958333 0.18639363888888888 0.026755911458333333 0.06747753703703703
3 0.7952157083333334 0.18030970833333335 0.034845135416666666 0.08185836111111111
