3 0.15989421874999998 0.3447523148148148 0.044278229166666676 0.080175
1 0.06023730208333333 0.4212828703703704 0.05821822916666666 0.0874638888888889
3 0.06846770833333335 0.48396481481481485 0.06641770833333334 0.12827962962962972
2 0.08650703125 0.5794462962962963 0.06969739583333334 0.1355685185185185
1 0.20007275781249997 0.47157407407407415 0.06887780729166666 0.17638518518518528
3 0.19269322916666667 0.6290087962962962 0.07215729166666668 0.12390648148148145
3 0.264030578125 0.594752185185185 0.0983965729166667 0.17492711111111103
1 0.3095390625 0.14870743981481482 0.030338541666666725 0.054052046296296306
3 0.3510690651041666 0.13055849074074075 0.031369328125000054 0.05093998148148148
1 0.37168443749999996 0.11736159722222224 0.029043656250000063 0.06436921296296295
4 0.4012786562499999 0.11065672222222224 0.02725310416666667 0.046385666666666665
1 0.33993238281250004 0.16054508333333334 0.039438328125000054 0.07330255555555554
3 0.3879786979166667 0.1488575648148148 0.04788110416666669 0.06320185185185184
3 0.44196432291666665 0.12593182407407408 0.04099843749999999 0.05938577777777778
3 0.2882197213541666 0.3491250000000001 0.046738401041666724 0.2201166666666666
3 0.3324981770833333 0.25594344907407407 0.0516578125 0.0741186574074074
3 0.387267859375 0.28571388888888893 0.03984196875 0.08454814814814816
1 0.4354044427083333 0.33017496296296295 0.05903805208333335 0.1355685925925926
3 0.4866528645833334 0.3083092592592592 0.05493802083333339 0.10349814814814817
3 0.6125182291666665 0.23286604166666663 0.06559791666666671 0.09190030555555553
2 0.4988729739583333 0.4108062037037037 0.07117928125000006 0.11444729629629632
2 0.5641398802083333 0.35495612962962964 0.06887767708333327 0.0976673703703703
4 0.7986515625 0.19241990740740744 0.029518749999999965 0.06997129629629628
1 0.7521553593749999 0.1582340694444445 0.03634193750000006 0.06646813888888893
3 0.7071014947916666 0.21499193055555554 0.050264937499999954 0.14901041666666667
5 0.6759919296875 0.15524768518518517 0.0482307343749999 0.039358333333333335
3 0.6564137708333334 0.11896729166666667 0.03531295833333334 0.04194874999999999
1 0.6230221067708333 0.12172037037037037 0.04232650520833327 0.05976666666666667
1 0.1532992734375 0.5250357453703703 0.076448328125 0.15164517592592588
1 0.48579557291666664 0.1741439814814815 0.04449531250000002 0.08618611111111113
3 0.5223657552083333 0.16039814814814818 0.03422265625000011 0.0707962962962963
1 0.5842781250000002 0.10176990740740739 0.03982291666666657 0.06416018518518518
3 0.7364143229166668 0.16703525 0.04044531249999998 0.07079616666666666
