3 0.15204410416666667 0.35787175925925924 0.054817374999999995 0.08600648148148148
1 0.10495625 0.39160060185185186 0.04263854166666667 0.09364468518518518
3 0.05780807291666667 0.42427728240740736 0.0598578125 0.09605099074074074
5 0.1606403671875 0.44364509722222223 0.046066140625 0.06897832407407407
2 0.08814688802083334 0.5758018935185185 0.06641768229166667 0.14577230555555556
3 0.19433317708333334 0.632653175925926 0.07215760416666667 0.1224492037037037
3 0.35340732291666666 0.13338194444444446 0.02787922916666667 0.04810462962962963
1 0.3706268229166667 0.11791469444444444 0.027878645833333333 0.06105062962962963
4 0.4005576432291667 0.11258514351851852 0.027055546875 0.04596675
1 0.33936823437499997 0.15962083333333332 0.06047813541666667 0.07434351851851852
3 0.38948619791666667 0.1493362824074074 0.045918229166666664 0.057522120370370376
3 0.44155416666666664 0.12668680555555556 0.043458333333333335 0.058683351851851855
4 0.2779700520833333 0.30539351851851854 0.045918229166666664 0.15597592592592593
4 0.3197885416666667 0.2492708333333333 0.03443854166666667 0.0903787037037037
3 0.38636542968750004 0.2268510925925926 0.056076692708333334 0.08163333333333334
1 0.48049959635416667 0.17457778240740743 0.041872859374999995 0.08233147222222223
3 0.5256013020833333 0.16610187037037036 0.045918229166666664 0.05786746296296296
3 0.36078728125000004 0.44241997685185186 0.07051727083333333 0.2988341203703704
3 0.49115666406249997 0.3075822453703703 0.057386244791666666 0.10014302777777778
3 0.4846026041666667 0.38629722222222224 0.0672375 0.1428574074074074
3 0.5698796875000001 0.25437324074074075 0.05575833333333333 0.09183685185185185
1 0.7712035078125 0.26798600925925925 0.04926886979166667 0.16871538888888887
3 0.7556357317708333 0.16683057407407406 0.04680375520833333 0.05268770370370371
5 0.6727861979166666 0.15889212962962962 0.050018229166666664 0.04081574074074074
5 0.6481869791666667 0.12536435185185188 0.030338541666666666 0.03498611111111111
3 0.6217918984375 0.12153316666666666 0.044786921874999996 0.06597070370370371
3 0.5690598958333334 0.09916101851851852 0.02951875 0.06115388888888889
3 0.6137559895833334 0.23520251388888888 0.04643697916666667 0.1059190462962963
3 0.4452088359375 0.19192455092592592 0.050401078125000005 0.0873898425925926
3 0.7127697916666667 0.2140484537037037 0.06657916666666666 0.14712346296296297
1 0.73672578125 0.1714602824074074 0.047290104166666666 0.07300906481481481
1 0.8940450833333333 0.5858371203703703 0.14002141666666665 0.3190276111111111
