3 0.15169453125000001 0.35641403240740743 0.055757812500000004 0.0830904537037037
1 0.10495619270833333 0.3894546805555556 0.039358447916666664 0.09221408333333334
1 0.07001412239583334 0.4132224398148148 0.041852276041666664 0.07680252777777778
2 0.09183671875 0.569970699074074 0.0705171875 0.14577287962962962
3 0.1926931536458333 0.6319243101851851 0.07215744270833334 0.12390693518518518
3 0.26403048697916665 0.5787169722222222 0.09675680729166666 0.1603493888888889
3 0.352554890625 0.13146280092592594 0.029363104166666668 0.05053621296296296
1 0.37185677083333335 0.11643100925925925 0.028698958333333333 0.06472042592592593
4 0.4004440833333333 0.11240953703703703 0.02682842708333333 0.047827925925925927
3 0.3870260416666666 0.14830413425925926 0.047558333333333334 0.05988260185185185
3 0.44117140104166663 0.12502751388888889 0.04105321875 0.0597895462962963
3 0.33126806770833334 0.25291574074074075 0.047558333333333334 0.07725925925925926
3 0.4563138020833334 0.19169074074074074 0.043458854166666665 0.08309074074074074
3 0.5216819895833333 0.16472314814814815 0.03807960416666667 0.06122407407407408
3 0.3804666666666667 0.2667638888888889 0.047558333333333334 0.09620925925925926
1 0.4308946848958333 0.3301748333333333 0.046738328125 0.12099107407407406
1 0.48214295572916666 0.3032070231481482 0.05083799479166666 0.10495632407407407
3 0.57766953125 0.261566662037037 0.050018229166666664 0.07453519444444444
3 0.6163153776041667 0.23068385185185186 0.04980365104166666 0.0813054074074074
4 0.8019314114583334 0.19387741666666666 0.02459928125 0.05539331481481481
1 0.7699526041666667 0.2699969768518518 0.05083854166666667 0.1661001574074074
1 0.75396328125 0.15891146296296296 0.03197864583333333 0.06782292592592593
3 0.707742171875 0.1288020462962963 0.03301351041666666 0.07162412962962963
5 0.6747619817708334 0.15597685185185187 0.05069063020833333 0.043731481481481475
5 0.6494169270833333 0.12487048148148147 0.029519270833333333 0.03250364814814815
3 0.622123953125 0.12390648148148146 0.04545103125 0.06122407407407408
2 0.1504828125 0.5314734583333333 0.06920625 0.14449197222222224
1 0.3719008255208333 0.21841794444444446 0.042502953125 0.09208972222222223
1 0.5814781979166667 0.1017699074074074 0.03795621875 0.06858425925925926
1 0.74201475 0.1686949074074074 0.04417883333333333 0.07190277777777777
