2 0.16030664583333334 0.36713095833333337 0.061493125 0.07331771296296297
2 0.15948436197916666 0.5320647175925927 0.07133752604166667 0.1399520462962963
2 0.08978697916666666 0.5772597222222222 0.061497916666666666 0.14868796296296297
3 0.19351302604166667 0.6290086990740741 0.07707707291666667 0.13848406481481482
3 0.26157083333333336 0.5918365740740741 0.090196875 0.18367314814814814
3 0.38756854166666665 0.15031510185185185 0.04621247916666667 0.05947975925925926
3 0.44237421875 0.12630931481481483 0.041818229166666665 0.06014075925925926
3 0.2894494791666667 0.35204074074074077 0.057397916666666667 0.22011666666666665
1 0.42872971875 0.3265305555555556 0.05434785416666667 0.12827962962962963
1 0.48542265625 0.30539398148148145 0.05411822916666666 0.09766759259259258
3 0.5226008203125 0.16537610648148146 0.03499747395833333 0.060840712962962964
3 0.5130768385416666 0.38572762962962964 0.08482763541666666 0.14754785185185185
3 0.6101834270833333 0.23979583333333332 0.06584810416666667 0.08892129629629629
3 0.64430059375 0.1089681898148148 0.029519270833333333 0.05500839814814815
5 0.6740158854166667 0.15736767129629628 0.05083802083333333 0.04291845370370371
4 0.8072614583333333 0.2011662037037037 0.043458333333333335 0.049562037037037036
1 0.77031371875 0.2634228888888889 0.05602632291666666 0.17286348148148148
3 0.3550609609375 0.13221777777777777 0.030337151041666666 0.05647096296296296
1 0.3399178619791667 0.16326527777777777 0.04071183854166667 0.07288611111111111
3 0.6998451119791667 0.12805994907407406 0.035258734375 0.06727869444444444
3 0.7092747083333334 0.2160723101851852 0.055757875 0.14674639814814813
3 0.0748390625 0.48640925925925926 0.0659875 0.12875555555555557
1 0.06236579166666667 0.4234619444444444 0.05874445833333333 0.10014277777777778
3 0.3323498776041667 0.25608005092592595 0.051502328124999996 0.07153063888888889
1 0.6222697916666667 0.1221962962962963 0.045159375 0.0672962962962963
1 0.31111723697916666 0.1482300925925926 0.03235615104166666 0.059734259259259265
1 0.37240736458333334 0.11615038888888889 0.02675610416666667 0.05973440740740741
4 0.4010302161458333 0.11393792129629629 0.025511473958333333 0.04867230555555556
1 0.5861448098958334 0.10121666666666666 0.04355621354166667 0.06084074074074074
3 0.7336145937499999 0.16592916666666668 0.0410676875 0.07079722222222222
