1 0.10249635416666666 0.3823015972222222 0.040998958333333335 0.11796513888888889
2 0.09470651041666667 0.5830902777777778 0.07461718749999999 0.1341101851851852
3 0.1947429895833333 0.6377551851851853 0.06969735416666666 0.12973777777777779
4 0.37226666666666663 0.12062855092592593 0.02459895833333333 0.053204009259259256
1 0.34191786458333334 0.16109818055555555 0.035467364583333334 0.06555919444444444
3 0.38928719791666666 0.14757651388888887 0.0438505 0.06339337962962963
4 0.2779700520833333 0.3075800925925926 0.045918229166666664 0.15743425925925925
2 0.38784609375 0.22886296296296296 0.0491984375 0.09037962962962963
3 0.38784609375 0.28771539351851855 0.055757812500000004 0.08329917592592592
3 0.38210625 0.43221574074074076 0.0754375 0.26093333333333335
1 0.43171458333333335 0.32725972222222227 0.04673854166666667 0.11516018518518518
1 0.4891066640625 0.30512668518518515 0.061486244791666665 0.10095437037037037
3 0.48542265625000003 0.3892129629629629 0.06559739583333334 0.1516037037037037
3 0.6227677083333333 0.2332361111111111 0.04673854166666667 0.08163333333333334
1 0.7827003255208334 0.2789337314814815 0.06485377604166667 0.17885820370370373
5 0.6469942057291667 0.12234642592592593 0.030853817708333335 0.036442833333333334
3 0.62187 0.11953362962962963 0.0433025 0.06414014814814815
5 0.6707361979166666 0.15889212962962962 0.0409984375 0.04081574074074074
3 0.26280052083333333 0.5422740740740741 0.09921666666666668 0.1516037037037037
5 0.15611588541666668 0.46423472222222223 0.05954947916666666 0.10157314814814815
1 0.50432115625 0.1692476851851852 0.037956250000000004 0.0840712962962963
1 0.3073838463541667 0.14159305555555557 0.03608959895833333 0.06858425925925926
3 0.72863671875 0.16980088425925927 0.051023437500000005 0.07853982407407407
3 0.8984709817708334 0.6001430555555556 0.13921683854166667 0.32188796296296296
