2 0.148384921875 0.368075925925926 0.05569796875 0.07725925925925926
1 0.10251582291666667 0.39381443518518516 0.03604022916666667 0.09234990740740741
5 0.15087462760416667 0.467372162037037 0.060677828125 0.10784875000000001
2 0.08527682291666666 0.5860055555555556 0.06887760416666668 0.11953333333333334
1 0.34356770833333333 0.1616512777777778 0.039358333333333335 0.064453
3 0.3886661458333333 0.1490074861111111 0.044278124999999995 0.059076916666666666
4 0.2779700520833333 0.309037962962963 0.045918229166666664 0.15743518518518518
4 0.32142864583333336 0.25072916666666667 0.03771875 0.0903787037037037
3 0.3845661458333334 0.22959166666666667 0.06231770833333334 0.08309074074074074
3 0.33886770572916664 0.330175 0.05039896354166666 0.14431481481481484
3 0.38456640625 0.4227407407407408 0.07543697916666667 0.26239074074074076
1 0.43171458333333335 0.32653069444444444 0.04673854166666667 0.11661824074074074
3 0.4919767161458333 0.30654389814814814 0.055746140625 0.10092757407407407
3 0.48296280729166674 0.3935861111111111 0.06887751041666666 0.15451851851851853
5 0.67319609375 0.15816342592592592 0.0491984375 0.045189814814814815
5 0.6471705781249999 0.12282229166666667 0.029878343749999998 0.03549110185185185
3 0.62319821875 0.12165402314814815 0.0459589375 0.06838026851851851
1 0.48978020833333336 0.17237314814814816 0.049808333333333336 0.07792222222222223
4 0.5102322916666667 0.17090691666666666 0.042311458333333336 0.05641561111111111
1 0.3101838046875 0.1482300925925926 0.03297822395833334 0.055310185185185184
3 0.34876250000000003 0.13274335648148147 0.035467708333333334 0.0486725462962963
1 0.37209632812500004 0.11615056481481481 0.028622968749999998 0.05530998148148148
4 0.400096875 0.11172592592592592 0.024889583333333333 0.04867222222222223
1 0.5755669270833332 0.10232291203703704 0.039823437499999996 0.06526528703703703
1 0.7345478463541666 0.16703518518518518 0.041689723958333334 0.07079629629629629
1 0.7650374999999999 0.263274537037037 0.046667708333333335 0.19026574074074074
