3 0.15456441666666668 0.3505833009259259 0.050018041666666666 0.0830908055555556
1 0.05862786458333334 0.4212824074074074 0.05493802083333334 0.08454814814814816
3 0.06969739583333334 0.4825069444444444 0.062317708333333326 0.13119537037037035
2 0.08896692708333331 0.5750731481481481 0.06969739583333331 0.1355685185185185
1 0.19269296874999997 0.4854228657407408 0.05903802083333331 0.13702649074074078
3 0.19310322916666672 0.629008875 0.06969770833333332 0.12099150925925928
3 0.26362068229166663 0.5852771851851851 0.09921636458333334 0.155977111111111
3 0.35118234114583324 0.13221778240740742 0.031595880208333385 0.05204617592592593
1 0.37185677083333335 0.11791469444444444 0.02869895833333338 0.06326301851851851
1 0.3399323828125 0.1621785601851852 0.041927265625000015 0.0721447314814815
3 0.3878796588541667 0.14737400925925925 0.04807918229166663 0.06244712962962962
3 0.44252942968750003 0.12723990277777775 0.043315036458333366 0.05757715740740739
3 0.29253434375 0.35131203703703706 0.06192702083333333 0.23615185185185184
3 0.3340953020833333 0.25594344907407407 0.053383739583333305 0.0741186574074074
4 0.4427841145833334 0.19606388888888887 0.05083802083333335 0.07725925925925924
3 0.3894859375 0.28935857407407406 0.03771875000000004 0.07434396296296295
1 0.43622441406249995 0.3309039861111111 0.06067799479166673 0.13119573148148145
3 0.485832734375 0.3097671296296296 0.05657796874999998 0.1064138888888889
3 0.6153882812500001 0.2303208333333333 0.06477760416666681 0.08746388888888887
4 0.8083552395833333 0.2018805277777778 0.0461905625 0.04756637037037037
1 0.7532167916666667 0.15637335648148148 0.034219072916666704 0.06938387962962965
3 0.7053028203125 0.21697199074074072 0.0454231197916665 0.13748379629629628
5 0.6739497239583334 0.15544490277777778 0.05070569791666676 0.04479537962962965
3 0.6563867187499999 0.12026203703703704 0.03689843750000013 0.04227407407407408
1 0.6223781666666668 0.12390694444444444 0.044942604166666796 0.0641398148148148
1 0.5822982057291666 0.10170854166666667 0.036316203124999905 0.0576448611111111
2 0.4958345833333333 0.41022736574074065 0.06674205208333331 0.12263541666666669
1 0.15168986458333336 0.5271816388888889 0.07644839583333334 0.15021449999999997
2 0.5646904453125 0.3512459259259259 0.08148369270833336 0.12305259259259257
1 0.4804826822916667 0.17473430092592596 0.036525781249999945 0.08028325000000004
4 0.40103020833333336 0.11061954629629629 0.026756250000000037 0.044247944444444444
3 0.7361033854166666 0.1664824722222222 0.043556770833333404 0.06969061111111115
