5 0.1521046875 0.46100233333333335 0.056578125 0.08652540740740741
2 0.08978671874999998 0.5860060185185186 0.07297760416666667 0.12536388888888889
3 0.19146302083333333 0.631924074074074 0.07625729166666666 0.12973703703703704
1 0.308154859375 0.17389176388888888 0.03638715625 0.07787202777777777
1 0.3464375 0.1625361111111111 0.03853854166666667 0.05976666666666667
1 0.371446875 0.11864339814814816 0.027879166666666667 0.06472042592592593
3 0.3849763020833334 0.14609174537037037 0.035258854166666666 0.057670212962962965
4 0.2771502604166667 0.29664722222222223 0.0491984375 0.1676388888888889
3 0.32511848958333334 0.24635555555555552 0.04017864583333333 0.09620925925925926
2 0.3845661458333333 0.22011666666666665 0.04263854166666667 0.08454814814814815
3 0.5221709244791667 0.16771911111111112 0.04129981770833333 0.06721664814814815
3 0.3296283854166667 0.339650462962963 0.0409984375 0.13119537037037038
3 0.3833361979166667 0.431487037037037 0.07461718749999999 0.26239074074074076
5 0.48337291666666665 0.3058117222222222 0.056578125 0.06934937037037037
3 0.5374908854166667 0.2813412037037037 0.0664171875 0.08746388888888888
3 0.5780794270833333 0.2580174074074074 0.055757812500000004 0.07871703703703703
3 0.6219479166666666 0.2325074074074074 0.04673854166666667 0.08309074074074074
3 0.4854229166666667 0.3862972222222222 0.0672375 0.1516037037037037
3 0.5685680911458333 0.1020412037037037 0.030175765625 0.06413981481481482
5 0.6449070312499999 0.11987069444444445 0.03197864583333333 0.034310462962962966
5 0.6740158854166667 0.15962083333333332 0.05083802083333333 0.03935833333333333
3 0.707225 0.2159916759259259 0.051658333333333334 0.14586031481481482
1 0.7825025078125 0.2793141574074074 0.06773834895833333 0.18473451851851852
1 0.15611588541666668 0.3512160416666667 0.05150260416666667 0.09585125
3 0.4851312213541667 0.17532478703703702 0.041838598958333334 0.06965783333333332
3 0.7364145833333333 0.16869454166666667 0.03920104166666667 0.06747758333333333
3 0.9081512291666666 0.5530975509259259 0.13751391666666668 0.28982341666666667
