2 0.14962240364583332 0.36734675925925925 0.05161355729166668 0.07871759259259258
1 0.10249635416666666 0.39235656481481485 0.037718749999999995 0.09515661111111105
5 0.15169453125000001 0.4673587638888889 0.05575781249999999 0.10782195370370368
2 0.08363697916666665 0.5860060185185186 0.07215729166666665 0.12244907407407409
3 0.256240984375 0.5539356481481481 0.09593678125 0.1749268518518519
1 0.34396334374999993 0.16147520833333337 0.03771874999999998 0.06410086111111113
3 0.3886661458333333 0.14936843518518517 0.044278124999999946 0.05967020370370369
4 0.2787901041666666 0.3075800925925926 0.044278124999999974 0.15451944444444443
4 0.3201984375 0.25510231481481477 0.03361875000000006 0.09037870370370371
3 0.3845661458333334 0.2303208333333333 0.06231770833333338 0.08746388888888887
3 0.4415543463541666 0.18950416666666667 0.040178484375000066 0.0874638888888889
3 0.3370080729166667 0.33236136574074066 0.04591822916666667 0.1516031944444445
3 0.38210629687500003 0.4293002083333333 0.07215719791666668 0.26384856481481495
1 0.43376458333333334 0.3250726851851852 0.050838541666666674 0.1137027777777778
3 0.4919825520833333 0.3083092592592592 0.05411822916666663 0.10349814814814817
3 0.483372875 0.38848396296296295 0.07133758333333327 0.15306122222222218
5 0.6731960937500001 0.15670555555555551 0.049198437500000004 0.03935925925925927
5 0.64695703125 0.12223197222222221 0.029519270833333403 0.034310462962962966
3 0.6226018645833336 0.12278657407407408 0.04715164583333345 0.06847685185185183
1 0.3098727864583334 0.1482302685185185 0.031111718749999955 0.055309259259259266
3 0.3484514401041667 0.133849375 0.03608982812499999 0.050884583333333344
1 0.3714739583333333 0.1167034861111111 0.028622916666666734 0.058628212962962965
4 0.3994744791666667 0.11061944444444444 0.027378125000000017 0.04203518518518517
1 0.5755669270833333 0.10232314814814814 0.038578645833333286 0.06305370370370371
3 0.7140141822916667 0.21460155092592592 0.06782371875 0.14601726851851848
1 0.7339257812500002 0.16924775 0.04044531249999998 0.07522116666666669
1 0.7715706692708334 0.2605090648148148 0.05849029687500007 0.18915887037037038
