3 0.16071427864583335 0.3469388888888889 0.040998526041666664 0.08454814814814815
1 0.061421510416666665 0.4220115740740741 0.057397916666666667 0.08892129629629629
3 0.06887734375000001 0.48469351851851855 0.0639578125 0.12682222222222223
2 0.08445703125 0.5794461805555555 0.07379739583333333 0.13556828703703702
3 0.19269322916666667 0.6311953981481481 0.07215729166666666 0.13411111111111113
3 0.26403048697916665 0.5838191712962962 0.09675680729166666 0.14723017592592594
3 0.3064305 0.1472237546296296 0.02671608333333333 0.0555094537037037
3 0.3510980833333333 0.1297375 0.03142736458333333 0.049562037037037036
4 0.3706268229166667 0.11660661574074074 0.027878645833333333 0.06285925
4 0.3997066354166667 0.11046117592592594 0.027058854166666667 0.042274074074074075
1 0.34004568229166665 0.16127378703703704 0.04170066666666667 0.07254757407407408
3 0.38819077604166663 0.1479271064814815 0.047456947916666666 0.06355332407407407
3 0.44128496093749997 0.12392131944444444 0.04207056770833333 0.06200193518518519
3 0.29026979166666667 0.3476675925925926 0.052478125 0.22886296296296296
3 0.3353681536458334 0.2572885601851852 0.052477973958333334 0.07142843518518519
3 0.522685078125 0.16482300925925925 0.03482895833333333 0.06637168518518519
3 0.3880210078125 0.2870000925925926 0.037308109374999995 0.07614611111111111
1 0.43417473958333336 0.3352773148148148 0.05493802083333333 0.13119537037037038
3 0.4882927213541667 0.308703212962963 0.05329794270833333 0.1052462037037037
3 0.61308140625 0.23204196296296298 0.06355681249999999 0.08713688888888889
2 0.4984912682291667 0.4149002638888889 0.07369503645833334 0.1101743611111111
2 0.5596302083333333 0.35349861111111114 0.0713375 0.10058240740740741
1 0.769344890625 0.2642129537037037 0.04837864583333333 0.1788683888888889
1 0.7526933359375 0.15765515740740738 0.034021515625 0.06752270370370371
3 0.7062606927083334 0.21464025462962966 0.04972971875 0.14609467592592593
5 0.6747848489583333 0.15743425925925925 0.04903544791666667 0.043731481481481475
3 0.6564137682291666 0.12073825 0.037969390625 0.045490666666666665
1 0.6230999479166667 0.12171990740740739 0.040842604166666664 0.06268240740740741
2 0.15651829947916665 0.5193134074074074 0.08127694270833333 0.1516454074074074
1 0.5845893229166667 0.10177013425925925 0.041690104166666665 0.06415973148148148
3 0.7361033854166666 0.16703525 0.04480052083333333 0.07079616666666667
