3 0.16481432291666664 0.35422731481481484 0.05903802083333331 0.09037870370370374
1 0.1082359375 0.3889565092592593 0.04755833333333334 0.10838512962962965
5 0.15661432291666663 0.46169037037037036 0.045918229166666644 0.1022076296296296
1 0.08937682291666667 0.5648689814814815 0.07871718749999997 0.17346944444444443
3 0.1906432265625 0.6216844444444444 0.07625729687499998 0.15896259259259254
3 0.3074890625 0.17346944444444448 0.036079166666666634 0.07288703703703703
1 0.3443877604166667 0.16107870370370367 0.03115885416666663 0.06559814814814813
3 0.3790931588541666 0.14723055555555553 0.03390534895833331 0.06122407407407409
3 0.4405636875 0.12425815740740742 0.03853523958333334 0.06122499999999999
4 0.2779700520833333 0.3017492083333333 0.04591822916666667 0.16034973148148146
3 0.3255286458333334 0.2514578703703704 0.04263854166666672 0.08892129629629629
2 0.3875649088541666 0.2256463796296296 0.049923203124999975 0.08765638888888887
3 0.45836354166666665 0.1938777777777778 0.05247812500000002 0.08454814814814816
3 0.5223216145833334 0.16690972222222222 0.040998437500000054 0.06268240740740738
3 0.33044817708333335 0.3411078703703703 0.04427864583333327 0.13411018518518525
3 0.3853861979166666 0.28571435185185184 0.050838020833333296 0.07871759259259258
3 0.3837464817708333 0.42930033796296296 0.07871745312500002 0.24927104629629643
5 0.48624270833333333 0.30685138888888885 0.05575833333333329 0.06268240740740735
1 0.43581458333333334 0.33516827777777786 0.04345833333333336 0.099125
3 0.53462109375 0.2791546296296297 0.06067760416666659 0.09183703703703706
3 0.5145317708333333 0.22230324074074073 0.05165833333333332 0.0714287037037037
3 0.5764395833333334 0.2580175925925926 0.05739791666666664 0.07580185185185181
3 0.6219479166666666 0.23615185185185184 0.04673854166666658 0.07580185185185184
3 0.6244078359375 0.1202625 0.043458380208333244 0.06559722222222221
5 0.6470553020833333 0.12136488425925926 0.02869895833333326 0.03493756481481481
5 0.6740161458333332 0.1596212962962963 0.0524781249999999 0.04227407407407408
3 0.7076348958333333 0.2195950092592593 0.0524781249999999 0.13876083333333333
3 0.7355140625 0.16733204166666663 0.04263854166666666 0.06475258333333332
1 0.7605555234375 0.16740948611111112 0.03696417187500008 0.047208361111111104
3 0.48583528125000003 0.3917444814814815 0.0657126145833334 0.1542054814814815
1 0.4838030755208333 0.1776858148148148 0.04051051562499997 0.0791024444444444
1 0.3070726484375 0.1393803611111111 0.03546720312499995 0.06858372222222224
1 0.7821486822916667 0.2793141435185186 0.0672015312500001 0.18030976851851857
3 0.9069068411458334 0.551991212962963 0.13378034895833343 0.28982312962962964
