3 0.16071427864583335 0.3469388888888889 0.04099852604166664 0.08454814814814816
1 0.06142151041666667 0.4220115740740741 0.05739791666666668 0.08892129629629632
3 0.06887734375000001 0.48469351851851855 0.06395781249999999 0.12682222222222228
2 0.08445703124999998 0.5794461805555555 0.07379739583333333 0.13556828703703697
3 0.19269322916666667 0.6311953981481481 0.07215729166666668 0.13411111111111115
3 0.26403048697916665 0.5838191712962962 0.0967568072916667 0.14723017592592605
3 0.3064305 0.1472237546296296 0.026716083333333293 0.0555094537037037
3 0.3510980833333333 0.1297375 0.03142736458333329 0.04956203703703702
4 0.37062682291666676 0.11660661574074073 0.027878645833333295 0.06285924999999998
4 0.3997066354166667 0.11046117592592594 0.027058854166666653 0.04227407407407408
1 0.34004568229166665 0.16127378703703704 0.041700666666666684 0.07254757407407408
3 0.38819077604166663 0.1479271064814815 0.04745694791666662 0.06355332407407409
3 0.4412849609374999 0.12392131944444444 0.04207056770833327 0.06200193518518519
3 0.29026979166666667 0.3476675925925926 0.05247812500000002 0.22886296296296293
3 0.33536815364583344 0.2572885601851852 0.05247797395833332 0.07142843518518516
3 0.522685078125 0.16482300925925925 0.034828958333333424 0.06637168518518521
3 0.3880210078125 0.2870000925925926 0.03730810937499995 0.07614611111111115
1 0.43417473958333336 0.3352773148148148 0.05493802083333333 0.13119537037037035
3 0.4882927213541667 0.30870321296296305 0.053297942708333323 0.10524620370370373
3 0.61308140625 0.23204196296296298 0.06355681249999989 0.08713688888888887
2 0.4984912682291667 0.41490026388888895 0.07369503645833338 0.11017436111111112
2 0.5596302083333333 0.35349861111111114 0.07133749999999998 0.10058240740740743
1 0.769344890625 0.2642129537037037 0.0483786458333333 0.17886838888888892
1 0.7526933359375 0.15765515740740738 0.0340215156249999 0.06752270370370371
3 0.7062606927083334 0.21464025462962966 0.04972971875000003 0.14609467592592593
5 0.6747848489583333 0.15743425925925925 0.049035447916666544 0.043731481481481475
3 0.6564137682291665 0.12073825 0.037969390625000085 0.04549066666666664
1 0.6230999479166667 0.12171990740740739 0.040842604166666754 0.06268240740740741
2 0.15651829947916665 0.5193134074074074 0.08127694270833334 0.15164540740740737
1 0.5845893229166668 0.10177013425925925 0.04169010416666659 0.06415973148148149
3 0.7361033854166666 0.16703525 0.044800520833333364 0.07079616666666666
