2 0.15333463541666661 0.36370277777777776 0.060677604166666683 0.07725925925925926
1 0.05862786458333333 0.419825 0.05657760416666666 0.08746296296296299
3 0.07256744791666667 0.48615185185185184 0.06313802083333334 0.11807592592592592
2 0.08609687499999999 0.5779884259259259 0.06559791666666666 0.13848425925925925
3 0.1877734375 0.6224490925925924 0.08199687500000001 0.1428573703703704
3 0.2632105338541667 0.5852768657407408 0.10003622395833336 0.16180737962962954
3 0.3555008541666666 0.132620625 0.029519270833333285 0.0506394722222222
1 0.37261778125 0.11791469444444444 0.027176937500000047 0.06326301851851851
1 0.3423380208333333 0.16223018981481482 0.03853854166666668 0.06339843518518518
3 0.38804391145833333 0.14903330092592593 0.045918749999999994 0.061340935185185186
3 0.44442421875 0.12575621759259265 0.04591822916666667 0.05460978703703704
3 0.2939594869791667 0.3462097222222223 0.06149769270833338 0.21720092592592596
3 0.33441973437500006 0.2514578703703704 0.05058113541666665 0.0714287037037037
3 0.5228076822916666 0.16472314814814815 0.0351065104166666 0.06122407407407411
3 0.38456640625 0.2886296296296296 0.04591822916666667 0.07580185185185184
1 0.43376458333333334 0.33892129629629625 0.054117708333333306 0.13265370370370366
1 0.48542265625000003 0.3119537037037037 0.054118229166666684 0.11078703703703707
3 0.8056213541666666 0.18221592592592595 0.04673854166666658 0.07288666666666664
1 0.7705748385416666 0.27140322222222224 0.0524781249999999 0.162275462962963
4 0.7687229166666666 0.1836736111111111 0.02377916666666664 0.055393518518518536
1 0.7530189739583333 0.15765515740740738 0.03461470833333327 0.06752270370370371
1 0.7142091197916667 0.21652724537037038 0.05657798958333326 0.14765626851851854
5 0.6755895677083336 0.15816342592592592 0.04742601041666662 0.04518981481481482
3 0.6557496588541665 0.12046101851851852 0.037969390625000085 0.047297481481481475
1 0.6256785416666666 0.12244907407407409 0.04763937499999985 0.06705555555555556
1 0.1500805390625 0.5185981342592592 0.06840142187499997 0.16165923148148154
4 0.38086614583333334 0.23553703240740742 0.05113645833333334 0.09799260185185191
3 0.44738663802083334 0.19358391666666666 0.04977880729166664 0.08185809259259261
1 0.5842783854166667 0.10121675 0.038578645833333286 0.06084057407407406
3 0.7379703124999999 0.16537638888888886 0.03235625000000013 0.06305277777777779
