2 0.15374453125 0.36443148148148147 0.059857812499999996 0.06997037037037031
1 0.0582178984375 0.4234691898148148 0.05575795312499999 0.08892087962962959
3 0.07051744791666667 0.4876092592592593 0.06723802083333336 0.12390740740740736
2 0.16440416666666663 0.5269680555555557 0.06805729166666667 0.13848425925925925
2 0.08691692708333333 0.5809037037037037 0.06887760416666669 0.14431481481481473
3 0.2636205026041667 0.5838193148148149 0.09593683854166671 0.1530613703703703
3 0.35272340625 0.1329464861111111 0.033433541666666615 0.05350358333333333
1 0.3732990572916667 0.11698410648148148 0.027058854166666653 0.0614018425925926
1 0.3409499921875 0.16763842592592593 0.03740310937500002 0.06705462962962962
3 0.3883886744791667 0.14978766203703703 0.04581668229166667 0.06063726851851854
3 0.44128490885416666 0.12723990277777775 0.044559609375000045 0.05757715740740739
3 0.2914997552083333 0.345481199074074 0.0631379895833334 0.22157463888888887
3 0.33290824218750004 0.25655972222222223 0.04755815104166672 0.08163240740740739
3 0.38189304166666665 0.23274806018518518 0.050411083333333315 0.08940352777777776
3 0.5237345989583334 0.1645665555555556 0.03771822916666666 0.06143399999999999
1 0.4362244791666666 0.33819212962962963 0.05739791666666676 0.11370277777777786
1 0.48296276041666675 0.3046648148148148 0.04919843749999995 0.1020407407407408
3 0.6153880208333331 0.23177824074074072 0.07133750000000004 0.08746388888888887
1 0.7724124401041667 0.2722559027777778 0.055758213541666754 0.1595560462962963
1 0.7530189739583333 0.15783756481481478 0.03461470833333327 0.06997129629629628
3 0.6998451354166666 0.12755092592592593 0.03853854166666662 0.06851296296296294
5 0.6731450052083333 0.15670555555555554 0.0490962604166666 0.04810555555555556
3 0.6551565104166668 0.12028631481481482 0.03607864583333331 0.04222551851851853
1 0.6228457343749999 0.1209428472222222 0.04135103125000015 0.06715134259259257
3 0.38063312239583336 0.2782546481481482 0.04345478645833332 0.0729613703703704
1 0.44738663802083334 0.19303101851851853 0.04977880729166664 0.08517685185185186
1 0.5852114765625002 0.10121689351851852 0.041689546875000025 0.06305325
3 0.7301922057291667 0.16648240740740738 0.050401005208333176 0.06526481481481483
3 0.7697040781250001 0.18694705555555557 0.02488940624999998 0.06415959259259262
3 0.7952158333333333 0.1803098518518518 0.03360041666666665 0.084071037037037
