2 0.09265677083333333 0.5743439814814815 0.07543750000000002 0.1457731481481482
3 0.26280071875000005 0.5473759259259259 0.10249647916666668 0.1530611111111111
1 0.34643750000000006 0.16180740740740743 0.03361875000000006 0.05830925925925922
1 0.3714467838541667 0.11713389814814813 0.029518932291666702 0.061701425925925917
3 0.3907161458333333 0.14897987499999998 0.041818750000000016 0.054755175925925936
4 0.2763302083333333 0.309037962962963 0.04755833333333337 0.1632648148148148
3 0.32388854166666664 0.2492708333333333 0.04263854166666672 0.09037870370370368
2 0.38948619791666667 0.22886296296296296 0.04919843749999995 0.08746296296296295
3 0.3370080729166667 0.3330902777777777 0.04591822916666667 0.12973796296296292
3 0.38825598958333335 0.28644305555555555 0.05493802083333333 0.08308981481481478
3 0.3812864583333333 0.42930000000000007 0.07543750000000007 0.25510185185185197
1 0.43253463541666665 0.3287171296296296 0.04673802083333332 0.1122453703703704
1 0.48950902343749997 0.306851337962963 0.062290963541666675 0.09766769444444444
3 0.48460286458333335 0.39067037037037033 0.06559739583333334 0.15160370370370368
3 0.5735697239583334 0.2572885324074074 0.06149805208333324 0.08892108333333335
3 0.6211278645833331 0.2361513888888889 0.043458854166666686 0.07871759259259263
1 0.7834213385416666 0.2803911388888889 0.06465621875000001 0.17594338888888883
5 0.6731960937500001 0.15889212962962962 0.049198437500000004 0.03790092592592592
3 0.7059947916666667 0.21678030092592593 0.0524781249999999 0.1393128055555556
5 0.64681809375 0.12223197222222221 0.030501593749999976 0.034310462962962966
3 0.6227679036458333 0.12099120370370371 0.04509830729166661 0.06122499999999999
5 0.1545065104166667 0.4613731481481481 0.05954947916666664 0.10443518518518526
1 0.10018776041666667 0.38054374074074065 0.06035364583333333 0.1173106666666667
3 0.4718490833333334 0.17119247222222225 0.0365257916666667 0.08264468518518521
3 0.5232990572916667 0.1570794537037037 0.04231197916666656 0.07522129629629633
1 0.5740113854166666 0.10232291203703704 0.03795639583333331 0.065265287037037
3 0.9000621718749999 0.6028761203703704 0.13751392708333346 0.3230088703703704
