1 0.10290651041666667 0.3804666666666667 0.0450984375 0.10787222222222229
5 0.15298018489583332 0.46228371296296294 0.058106296875 0.08908816666666665
2 0.09101666666666668 0.5809037037037039 0.07707708333333334 0.13265370370370366
3 0.1914631067708333 0.6341106481481481 0.07625711979166665 0.13411018518518514
1 0.34233776041666675 0.16472314814814815 0.03689843749999996 0.06122407407407411
1 0.371446875 0.11861758333333333 0.027879166666666677 0.06245640740740741
3 0.3862062499999999 0.14832994907407407 0.03279895833333336 0.05772184259259261
4 0.27674026562500004 0.30174953703703705 0.05001842708333341 0.16618055555555555
3 0.32347864583333336 0.24781342592592595 0.04345833333333336 0.09037870370370366
2 0.3718567708333333 0.21865879629629628 0.041818750000000016 0.09621018518518515
3 0.4852533177083334 0.17721628703703704 0.04425133333333336 0.0758021111111111
3 0.5219114817708334 0.16472314814814815 0.043458380208333244 0.06122407407407411
3 0.3296283854166667 0.341837037037037 0.04099843749999999 0.13556851851851845
3 0.3833361979166667 0.2835273148148148 0.05985781250000001 0.08892129629629626
3 0.3812864583333333 0.43148657407407404 0.07543750000000007 0.25072870370370376
1 0.4322653359375 0.3294462962962963 0.057679630208333305 0.1282796296296296
5 0.4838759765625 0.30941551851851856 0.05102486979166668 0.07072548148148151
3 0.5362609375 0.28134120370370364 0.06723750000000006 0.09037870370370368
3 0.5784893229166668 0.25947528703703704 0.05493802083333345 0.08163333333333335
3 0.6219479166666666 0.2339648148148148 0.04673854166666658 0.08309074074074074
3 0.4850127604166667 0.3870263888888889 0.06969739583333326 0.15014537037037035
3 0.5684521822916667 0.1020412037037037 0.030339062499999868 0.06413981481481482
3 0.6219476562500001 0.11953379629629629 0.04509843750000009 0.06413981481481479
5 0.64695703125 0.12099120370370371 0.029519270833333403 0.03498611111111112
5 0.6731960937500001 0.15816342592592592 0.049198437500000004 0.0364435185185185
3 0.7072249999999999 0.21813760185185188 0.05165833333333332 0.13870724074074073
1 0.7565490859375001 0.16329109259259258 0.0359134322916668 0.05393518518518518
1 0.7828978828125001 0.28001411111111113 0.06819206770833344 0.17890983333333335
3 0.5153518229166667 0.22084583333333335 0.05493802083333333 0.0714287037037037
3 0.456276921875 0.19098703703703704 0.049892510416666626 0.08154444444444449
3 0.7345479270833333 0.16814144444444445 0.0429343541666667 0.06858377777777779
3 0.9078401927083334 0.5508848749999999 0.13564705208333325 0.2898228425925926
