1 0.11110598958333334 0.3766064027777778 0.050018229166666664 0.11801967592592594
5 0.153334375 0.45522536574074074 0.052478125 0.08069393518518518
2 0.09306666666666666 0.5845479027777778 0.07461770833333332 0.13119493518518519
3 0.1926931536458333 0.6290086481481482 0.07215744270833334 0.12682222222222223
1 0.371446875 0.11768699537037038 0.02951875 0.06502000925925926
1 0.3082391171875 0.17346944444444445 0.042778015625000006 0.07871666666666666
1 0.34274791666666665 0.15889212962962962 0.04263854166666667 0.05830833333333333
3 0.38517864062499996 0.14938451388888888 0.03730311458333333 0.05983097222222223
4 0.2771502604166667 0.30685138888888885 0.045918229166666664 0.16180833333333333
3 0.32593828125 0.24562638888888888 0.0368984375 0.08892129629629629
2 0.38825625 0.22578476388888888 0.05329791666666666 0.09501699074074074
3 0.4559036458333333 0.19314861111111112 0.047558333333333334 0.0714287037037037
3 0.5206815104166667 0.16472314814814815 0.0409984375 0.06705555555555556
3 0.32798836458333336 0.339650462962963 0.04427847916666667 0.13119537037037038
3 0.38950153125 0.28571435185185184 0.057397916666666667 0.0816324074074074
3 0.3833364583333333 0.43075833333333335 0.07297708333333335 0.25510185185185186
1 0.43552241666666663 0.33381944444444445 0.05599379166666667 0.12536481481481482
3 0.53667109375 0.2793590046296296 0.06477760416666667 0.09142828703703704
3 0.5780794270833333 0.2558310185185185 0.055757812500000004 0.08308981481481481
3 0.6223578125000001 0.2339648148148148 0.04591875 0.08309074074074074
3 0.48583281250000004 0.389212962962963 0.06805729166666666 0.1428574074074074
3 0.5686497395833334 0.10276990740740741 0.0303390625 0.06268240740740741
3 0.6215377604166666 0.11953333333333334 0.0409984375 0.06122407407407408
5 0.6453171875 0.12119018055555557 0.03279895833333333 0.03458815740740741
5 0.6748359375 0.15743425925925925 0.04591875 0.04081666666666667
3 0.73510390625 0.1690962962962963 0.04017864583333333 0.06705555555555556
1 0.7823892083333334 0.2787610648148148 0.06547601041666666 0.17920353703703704
1 0.48725867447916665 0.3025750046296296 0.06679202604166666 0.11587962037037038
3 0.48479940624999995 0.1735538287037037 0.04383139583333333 0.07319975
3 0.7073498437500001 0.21459216203703707 0.05472114583333333 0.1516454351851852
3 0.9078401927083334 0.5525439814814815 0.13564705208333333 0.2931416666666667
