3 0.10454609375 0.37755092592592593 0.035258854166666666 0.09620925925925926
2 0.09306666666666666 0.5794458611111111 0.07461770833333331 0.14139901851851847
3 0.19351302083333338 0.6362972222222223 0.0705177083333333 0.12973703703703693
1 0.3452078125 0.16180740740740743 0.04263854166666666 0.06122407407407411
3 0.38989609375 0.1475765185185185 0.04509843749999997 0.06053214814814816
4 0.2775602239583333 0.309037962962963 0.046738156249999996 0.1632648148148148
2 0.3890760416666667 0.2259476851851852 0.053297916666666605 0.08746388888888887
3 0.4440004973958333 0.1938773148148148 0.05655099479166671 0.08163240740740739
3 0.3370080729166666 0.3228861111111111 0.050838020833333296 0.1355685185185185
3 0.39071609375 0.28644312037037034 0.0565780208333333 0.08017487037037038
3 0.38087646354166677 0.4300291944444444 0.07133697916666666 0.2536435185185185
1 0.4345845442708333 0.33236157407407413 0.049198255208333326 0.11661759259259265
1 0.49034256510416674 0.3104953703703703 0.060677838541666654 0.10204074074074075
3 0.48460286458333335 0.38921300462962966 0.06559739583333334 0.15451860185185184
3 0.6223578125000001 0.2332361111111111 0.0475583333333334 0.08163333333333332
5 0.6465471354166666 0.12172037037037037 0.03033906249999999 0.03352777777777776
3 0.6215379453125001 0.11953379629629629 0.042638390625000015 0.06413981481481479
5 0.6731960937500001 0.15597638888888887 0.049198437500000004 0.046647222222222215
3 0.7070952656249999 0.21567410185185182 0.05303844791666658 0.14373759259259264
1 0.7827003255208334 0.27986725925925926 0.06485377604166681 0.1792035370370371
3 0.2635461432291667 0.5443490972222222 0.0973712552083333 0.1530758796296296
1 0.5064988489583333 0.16592916666666666 0.03733415625000003 0.08185833333333331
1 0.5749447916666667 0.1039821712962963 0.041067708333333286 0.06858380555555556
3 0.7348589453125001 0.1675886666666667 0.044800859375 0.0674782222222222
3 0.9012875 0.6022889768518517 0.14324062499999995 0.3204577870370371
