2 0.15825442708333334 0.3578719027777778 0.05083802083333334 0.08600619444444449
2 0.09101692708333334 0.5706996944444445 0.0787171875 0.13848394444444428
3 0.193103125 0.6355682916666666 0.07133749999999998 0.1311948981481481
1 0.34412568489583334 0.1625361111111111 0.03988300520833334 0.06851296296296294
1 0.37175964322916666 0.1187931898148148 0.029295973958333357 0.0583828425925926
3 0.39030624999999997 0.1465013888888889 0.0475583333333334 0.06559722222222222
3 0.4386844557291667 0.12609305555555556 0.03935849479166661 0.05685092592592593
4 0.28657968749999996 0.27186574074074077 0.03361875000000006 0.08309074074074074
4 0.32060859375000006 0.25072916666666667 0.03935885416666659 0.09037870370370368
2 0.3874361979166666 0.2237611111111111 0.05493802083333333 0.08309074074074074
3 0.3361880208333333 0.3330907407407408 0.0475583333333334 0.1530611111111111
3 0.3882713229166666 0.2827986111111111 0.058217708333333285 0.08163240740740736
3 0.38210629687500003 0.4300291666666667 0.07215719791666668 0.2594750000000001
1 0.43089479166666667 0.33236157407407413 0.046738541666666696 0.12244907407407413
3 0.49402841406250003 0.30734051851851857 0.052970994791666705 0.10252081481481477
3 0.4858328125 0.38994166666666674 0.06641770833333335 0.15014629629629625
1 0.5256013020833333 0.27186574074074077 0.049198437500000004 0.11224444444444447
5 0.6736059895833333 0.15962083333333332 0.0483786458333333 0.039358333333333315
5 0.6467402526041667 0.12223197222222223 0.03034591145833332 0.036671740740740755
3 0.622123953125 0.12026249999999997 0.045451031250000065 0.06268240740740738
5 0.15852994791666666 0.46065797222222227 0.05954947916666664 0.11158775925925929
3 0.6203270182291668 0.23831759259259258 0.05256992187500001 0.08722777777777779
4 0.40134114583333336 0.1117259259259259 0.02488958333333334 0.044248148148148134
1 0.5758780703125 0.10287592592592593 0.03795635937500007 0.06415925925925924
1 0.7121473802083335 0.2129425925925926 0.0665791354166668 0.14712407407407407
