2 0.15497447916666665 0.36443148148148147 0.05739791666666665 0.08746296296296295
1 0.10413619791666667 0.39164125925925924 0.03935885416666667 0.09372599999999996
2 0.09224687499999999 0.5889212962962963 0.07133749999999998 0.12244814814814807
3 0.19433300520833333 0.637026162037037 0.07051732291666667 0.13411063888888886
1 0.3714485260416667 0.11845341666666669 0.029918208333333318 0.05976666666666668
1 0.34643776041666663 0.16107870370370367 0.04673802083333332 0.06559814814814813
3 0.3894862083333333 0.14723055555555553 0.04591825000000007 0.06122407407407409
2 0.38784609375000006 0.22740555555555556 0.04919843749999995 0.09329444444444443
3 0.316508734375 0.2507287777777778 0.03935857291666665 0.09329429629629626
3 0.43950416666666664 0.19023333333333334 0.0475583333333334 0.08600555555555556
3 0.3357778645833333 0.33527685185185185 0.04509843749999997 0.15451851851851853
3 0.3874361979166666 0.28498564814814814 0.05493802083333333 0.080175
3 0.38292630208333345 0.42930046296296304 0.07051718750000008 0.26093240740740753
1 0.4329447916666666 0.33236157407407413 0.0475583333333334 0.10495648148148148
3 0.4858328125000001 0.3935856481481481 0.06805729166666664 0.1574342592592592
3 0.4919613854166666 0.30612268518518515 0.05899568750000004 0.099125
1 0.5276513020833333 0.27040787037037045 0.053298437500000045 0.11516018518518517
5 0.6740161458333332 0.16035 0.0475583333333334 0.04081666666666666
5 0.6456458177083333 0.12223197222222223 0.03214169791666658 0.036671740740740755
3 0.6222798958333333 0.12278630555555554 0.042482708333333244 0.06611570370370372
5 0.15571354166666668 0.4656648148148148 0.06035416666666667 0.11301851851851863
4 0.4004078125 0.11172588425925925 0.029244791666666714 0.04424823148148149
1 0.5724557994791667 0.1039824074074074 0.041067567708333405 0.06637222222222222
1 0.7133918671875 0.21349535648148152 0.06782355729166649 0.1482296574074074
