2 0.14919717708333333 0.36297361111111115 0.055682895833333364 0.0728861111111111
1 0.10290651041666667 0.39161399999999996 0.035258854166666666 0.09081025925925922
5 0.1521046875 0.4518953703703704 0.056578125 0.07580185185185188
2 0.0873268828125 0.5750727129629629 0.06477772395833334 0.13265272222222224
3 0.19474307291666668 0.6333817175925925 0.07297739583333333 0.12682175
1 0.3452078125 0.16253657407407404 0.04263854166666666 0.06559722222222225
3 0.38932194531250003 0.14810271296296296 0.04395014062500001 0.059479759259259246
4 0.2779700520833333 0.3097666666666667 0.04591822916666667 0.1530611111111111
4 0.3218385416666667 0.2521865740740741 0.04017812499999991 0.0845472222222222
3 0.3853861979166667 0.22886296296296296 0.060677604166666656 0.08746296296296295
3 0.5280611979166667 0.16738367129629628 0.040998437500000054 0.060431064814814806
3 0.43089479166666667 0.3199708333333333 0.056578125000000055 0.13848425925925925
3 0.4874726562500001 0.39067037037037033 0.0713369791666666 0.15160370370370368
3 0.49443830208333334 0.3079606481481481 0.052181322916666655 0.10662229629629626
3 0.6153880208333333 0.23469398148148146 0.04345833333333336 0.09621018518518522
3 0.7127696354166666 0.2145937222222222 0.06657909374999989 0.14600161111111107
5 0.6731958333333333 0.15670555555555554 0.0475583333333334 0.04227407407407408
3 0.6228661640625002 0.12099120370370371 0.04529482812500009 0.06122499999999999
1 0.4924366145833333 0.17591510648148148 0.045823645833333336 0.06847719444444446
1 0.31018398437499994 0.14767696296296293 0.03173411458333331 0.05420348148148146
3 0.34876250000000003 0.13384953703703703 0.03671145833333333 0.04867314814814817
4 0.3994744791666667 0.11061954629629629 0.027378125000000017 0.044247944444444444
1 0.5758781328125 0.10232314814814814 0.04293435937500002 0.06305370370370371
1 0.7693930286458333 0.26438055555555556 0.05537876562499993 0.1814166666666667
