3 0.10536626822916668 0.37609322685185176 0.03689871354166665 0.10495613888888893
2 0.09347682291666667 0.5838189814814815 0.07379739583333335 0.13265277777777765
3 0.19269322916666667 0.6384842592592592 0.07215729166666668 0.13411111111111104
1 0.3443877604166667 0.1632652777777778 0.04099843749999999 0.06997129629629628
3 0.39030625 0.14504351851851854 0.04263854166666666 0.05976666666666668
4 0.27837994791666676 0.3083092592592593 0.05001822916666665 0.1618074074074074
2 0.3870263020833333 0.22448981481481484 0.05411822916666663 0.08454814814814814
3 0.3833364244791666 0.4285712777777778 0.07461745312500004 0.2536440185185185
1 0.43253463541666665 0.33381944444444445 0.04673802083333332 0.1195333333333334
1 0.4915724322916667 0.3075802268518518 0.061497989583333336 0.09912526851851858
3 0.48542291666666676 0.389212962962963 0.06723750000000006 0.15451851851851853
3 0.6231776041666668 0.23396527777777779 0.0475583333333334 0.08017500000000002
3 0.6228661640625002 0.12171990740740739 0.04529482812500009 0.06268240740740741
5 0.6470723072916668 0.12164165277777778 0.02968180208333339 0.035491101851851836
5 0.6727859375 0.1574347222222222 0.04673854166666658 0.03790092592592592
3 0.7323835859375 0.1651196527777778 0.04233907812499993 0.06917736111111113
3 0.71091484375 0.21562247222222222 0.059038020833333364 0.14584672222222222
1 0.78156915625 0.278757662037037 0.06587164583333328 0.18142273148148144
3 0.2636205729166667 0.5422740740740741 0.09921614583333337 0.15160370370370368
5 0.15571354166666665 0.4670958333333333 0.05874479166666669 0.11301944444444448
1 0.33250598958333344 0.30685377314814805 0.05519843749999994 0.12461097222222219
3 0.3882778072916667 0.28469253703703706 0.05713501041666671 0.08583714814814808
1 0.5058768229166667 0.16869444444444445 0.03484531250000007 0.08075185185185187
1 0.5743224036458333 0.1039824074074074 0.03982290104166661 0.06637222222222222
3 0.9008852447916667 0.6015736481481482 0.15531105208333335 0.31616588888888897
