2 0.14595494791666666 0.3615162037037037 0.05083802083333334 0.08163240740740742
1 0.10331640625 0.39162786111111114 0.039358854166666644 0.08797675925925927
5 0.1513403411458333 0.44387746759259256 0.054826609374999995 0.07142839814814815
2 0.08691692708333333 0.5794458333333333 0.06559739583333332 0.12973796296296292
1 0.3431578125 0.16253657407407404 0.03525833333333329 0.06559722222222225
4 0.2763302083333333 0.30685138888888885 0.044278124999999946 0.16763796296296296
4 0.32060859375 0.2514578703703704 0.03607864583333331 0.08308981481481478
2 0.3841868359375 0.22667638888888889 0.04847993229166671 0.09475277777777778
1 0.49198255208333336 0.17940882407407407 0.04427864583333339 0.07310337037037035
3 0.5305275286458333 0.1668563888888889 0.039345984374999844 0.06158888888888891
3 0.4931514270833333 0.30968581481481483 0.05493802083333333 0.1064138888888889
3 0.48460286458333335 0.3884842592592592 0.07051718749999995 0.14431481481481478
3 0.61333828125 0.23412831018518515 0.04427864583333327 0.1006553796296296
5 0.6736059895833333 0.16034953703703705 0.0483786458333333 0.046647222222222215
5 0.6489663619791666 0.1257380324074074 0.02815704687500009 0.03660002777777778
3 0.6230221067708333 0.12172037037037037 0.04232650520833327 0.05976666666666667
3 0.5708304296875002 0.10058333333333333 0.028140026041666624 0.06122407407407408
1 0.3098726562499999 0.14657076851851852 0.03360052083333335 0.05641587037037039
3 0.3465846354166667 0.133849375 0.03360052083333329 0.050884583333333344
4 0.4010302083333333 0.11172588425925925 0.025511458333333317 0.04424823148148149
3 0.7118362630208334 0.21404861111111112 0.06595690104166678 0.14712314814814817
1 0.7684596822916667 0.2671462962962963 0.051023343750000075 0.17367222222222223
2 0.8831813307291667 0.5915592592592592 0.13116952604166673 0.30758203703703707
