3 0.15456441666666668 0.3505833009259259 0.050018041666666666 0.08309080555555555
1 0.058627864583333335 0.4212824074074074 0.05493802083333333 0.08454814814814815
3 0.06969739583333334 0.4825069444444444 0.06231770833333334 0.13119537037037038
2 0.08896692708333333 0.5750731481481481 0.06969739583333333 0.1355685185185185
1 0.19269296874999997 0.4854228657407408 0.05903802083333333 0.13702649074074075
3 0.1931032291666667 0.629008875 0.06969770833333334 0.12099150925925925
3 0.26362068229166663 0.5852771851851851 0.09921636458333333 0.1559771111111111
3 0.3511823411458333 0.13221778240740742 0.031595880208333336 0.052046175925925926
1 0.37185677083333335 0.11791469444444444 0.028698958333333333 0.06326301851851852
1 0.3399323828125 0.1621785601851852 0.041927265625 0.07214473148148148
3 0.3878796588541667 0.14737400925925925 0.04807918229166666 0.06244712962962962
3 0.44252942968750003 0.12723990277777777 0.04331503645833333 0.0575771574074074
3 0.29253434375 0.35131203703703706 0.06192702083333333 0.23615185185185186
3 0.3340953020833333 0.25594344907407407 0.05338373958333333 0.07411865740740742
4 0.44278411458333333 0.19606388888888887 0.05083802083333333 0.07725925925925926
3 0.3894859375 0.28935857407407406 0.03771875 0.07434396296296297
1 0.43622441406249995 0.3309039861111111 0.06067799479166667 0.1311957314814815
3 0.485832734375 0.3097671296296296 0.05657796875 0.10641388888888889
3 0.61538828125 0.23032083333333334 0.06477760416666667 0.08746388888888888
4 0.8083552395833333 0.2018805277777778 0.0461905625 0.04756637037037037
1 0.7532167916666667 0.15637335648148148 0.03421907291666667 0.06938387962962964
3 0.7053028203125 0.21697199074074072 0.04542311979166667 0.13748379629629628
5 0.6739497239583334 0.15544490277777778 0.05070569791666667 0.04479537962962963
3 0.6563867187499999 0.12026203703703704 0.0368984375 0.042274074074074075
1 0.6223781666666667 0.12390694444444444 0.044942604166666664 0.06413981481481482
1 0.5822982057291666 0.10170854166666667 0.036316203124999995 0.05764486111111111
2 0.4958345833333333 0.4102273657407407 0.06674205208333334 0.12263541666666666
1 0.15168986458333336 0.5271816388888889 0.07644839583333334 0.1502145
2 0.5646904453125 0.3512459259259259 0.08148369270833333 0.1230525925925926
1 0.4804826822916667 0.17473430092592596 0.03652578124999999 0.08028325
4 0.40103020833333336 0.11061954629629629 0.02675625 0.044247944444444444
3 0.7361033854166666 0.1664824722222222 0.043556770833333334 0.06969061111111112
