2 0.14961486979166666 0.36661805555555554 0.05323807291666668 0.07726018518518521
1 0.10290625 0.39236996296296306 0.036898958333333336 0.09518340740740738
5 0.1512846953125 0.4504375 0.06313790104166667 0.07288611111111115
2 0.08486692447916666 0.5765305555555555 0.06969740104166666 0.11807592592592586
1 0.3444021640625 0.16366178240740742 0.04017835937500003 0.06626162037037035
3 0.38866613020833335 0.15011368055555555 0.044278124999999946 0.06128930555555556
4 0.27837994791666676 0.3053936666666667 0.0450984375 0.15889229629629628
4 0.32224869791666666 0.25437314814814815 0.03607864583333331 0.08600555555555556
3 0.38415625000000003 0.22667638888888889 0.06149791666666668 0.08600648148148146
1 0.4321245416666667 0.32944612037037035 0.04591822916666667 0.11661759259259259
3 0.48993255989583334 0.3075803472222221 0.05493800520833337 0.10204115740740742
3 0.48419276302083336 0.3877550925925926 0.06641759895833334 0.15160277777777778
5 0.6736059895833333 0.15816342592592592 0.05001822916666659 0.04518981481481482
3 0.622123953125 0.12244907407407409 0.045451031250000065 0.06997037037037038
3 0.33907703385416677 0.3341123194444444 0.05607490104166673 0.1604364722222222
1 0.4924366145833333 0.1741441064814815 0.045823645833333336 0.07438030555555551
4 0.5267214036458333 0.17201342592592594 0.04666780729166664 0.05199166666666668
1 0.6465096354166666 0.11629305555555557 0.032541145833333354 0.05548981481481482
1 0.3111171874999999 0.14767685185185186 0.03360104166666667 0.05420370370370372
3 0.34907349479166666 0.13274335648148147 0.03608946874999995 0.0486725462962963
1 0.37209632812500004 0.11725672685185184 0.028622968750000054 0.05973469444444447
4 0.40040797395833333 0.11172581481481482 0.026756250000000037 0.04424722222222224
1 0.5752557291666668 0.10287615277777779 0.03795624999999987 0.0663717685185185
3 0.7130806692708334 0.21515484722222222 0.06720116145833342 0.14491154629629635
1 0.7644151041666667 0.26216805555555556 0.04293437499999998 0.18362870370370366
