3 0.1521044270833333 0.35787175925925924 0.0549380208333333 0.08600648148148148
1 0.10454635416666666 0.38946807870370376 0.03853854166666668 0.09510210185185183
3 0.05780781250000001 0.42274074074074075 0.05657812500000001 0.09329444444444449
2 0.08896692708333331 0.5830902777777778 0.06969739583333331 0.12828055555555556
1 0.31076901041666666 0.14795925925925926 0.032798437500000034 0.05393518518518521
3 0.347166859375 0.13259481018518518 0.03725407291666668 0.05280023148148149
1 0.3726784765625001 0.11587791203703704 0.028702786458333365 0.061401842592592584
4 0.40149099479166667 0.11005833333333331 0.025188843749999988 0.04810555555555553
1 0.34684765624999997 0.1638475925925926 0.03607864583333331 0.05947296296296295
3 0.38771731770833334 0.1492089074074074 0.04617578124999996 0.059479759259259246
3 0.44155426302083334 0.12666099074074075 0.04345852604166668 0.05863172222222224
4 0.27797004947916665 0.30247777777777785 0.04591823437499999 0.1530611111111111
4 0.32101875 0.25072863425925923 0.03361875000000006 0.08746310185185183
1 0.48131938541666663 0.17638505555555561 0.04085601041666666 0.0835847592592593
3 0.52683125 0.16610187037037036 0.04509791666666671 0.06007985185185184
3 0.36119726822916665 0.4511661805555555 0.07133724479166675 0.2900874722222221
3 0.49115666406249997 0.30830925925925917 0.05738624479166668 0.10058333333333339
3 0.5711096354166666 0.24854212962962963 0.06313802083333352 0.08892129629629629
3 0.4846026041666667 0.38556851851851853 0.07215729166666662 0.1384833333333334
3 0.7703625 0.269294087962963 0.04837812499999986 0.16469437962962963
3 0.7551270572916666 0.16683057407407403 0.046576635416666554 0.052687703703703716
5 0.6731960937500001 0.15889212962962962 0.049198437500000004 0.04081574074074073
5 0.6493829557291666 0.1271954398148148 0.029451328125000013 0.0371535648148148
3 0.62187 0.12099120370370371 0.04330250000000006 0.06413981481481482
1 0.5717783020833332 0.10378721759259259 0.034955562499999954 0.06376912037037039
5 0.15289701822916665 0.44778259722222225 0.05793986979166664 0.07725332407407405
4 0.3871755208333333 0.22904351851851854 0.05976979166666663 0.08736666666666669
3 0.44614218750000006 0.19413703703703705 0.05226770833333341 0.09181481481481478
3 0.7115251015625002 0.21349535648148152 0.06657896354166665 0.1482296574074074
1 0.7407702994791666 0.1692477824074074 0.042934401041666584 0.06858406481481483
