3 0.15251458333333334 0.35641388888888886 0.055758333333333354 0.08600555555555553
1 0.10413619791666667 0.39018338425925925 0.03935885416666667 0.09367149074074074
3 0.05862786458333334 0.42419814814814816 0.05985781250000001 0.09329444444444449
2 0.08732708333333333 0.5736151296296297 0.0713375 0.12973766666666675
3 0.26280075260416663 0.5481051342592593 0.08281724479166662 0.1632656574074074
3 0.3483270703125 0.13221778240740742 0.03708555729166664 0.05425856481481483
1 0.37230666406249996 0.11809030092592591 0.027799171875000007 0.0614018425925926
4 0.4023107864583333 0.11661805555555554 0.026828427083333335 0.04664722222222224
1 0.3464377604166667 0.16690957407407406 0.03689843750000001 0.05685122222222224
3 0.3890608255208333 0.148230087962963 0.04512939062499998 0.05530973148148151
3 0.44108714322916676 0.12558061111111107 0.043710671874999996 0.06089574074074072
1 0.31076901041666655 0.14797873611111115 0.029519270833333344 0.05480702777777777
4 0.27674010416666667 0.30685138888888885 0.046738541666666696 0.15597685185185184
4 0.3197888020833333 0.24927129629629632 0.03115885416666663 0.08746296296296292
1 0.48214285937500007 0.17532468055555558 0.03719008333333331 0.0838252685185185
3 0.52683125 0.1659258009259259 0.04509791666666671 0.057515324074074066
3 0.36078728125000004 0.4475216990740741 0.07051727083333338 0.2944603055555556
3 0.5678066953124999 0.25314925 0.06318348437500015 0.09196827777777777
1 0.7700152109374999 0.27004860648148155 0.04915652604166662 0.16841580555555555
3 0.7550134973958331 0.16720806481481482 0.0455592864583334 0.055655074074074086
5 0.6748359374999999 0.15670555555555554 0.0524781249999999 0.036442592592592596
5 0.6497150104166667 0.1257380324074074 0.030115437499999943 0.03423874999999999
3 0.6227678932291667 0.12300307407407408 0.04283493229166666 0.06413981481481482
1 0.5720748984374999 0.10046863425925925 0.030628963541666585 0.061556731481481476
3 0.49155148958333333 0.30830925925925917 0.05981547916666668 0.10058333333333339
4 0.3868434895833333 0.22314074074074075 0.060433854166666676 0.08500555555555563
1 0.7096583619791665 0.21460192592592595 0.06284589062499997 0.14822977777777774
1 0.7389033854166667 0.1686946851851852 0.04791197916666666 0.06969025925925926
