2 0.15866432291666668 0.36370281944444444 0.06149739583333336 0.06559806481481477
2 0.15948436979166666 0.5327989398148149 0.06641771874999995 0.14431508333333334
2 0.08855677083333333 0.5823615740740741 0.07051770833333332 0.14723055555555556
3 0.19392317708333331 0.6333817037037037 0.0680578125 0.13556896296296297
3 0.2636205026041667 0.5903791666666667 0.09593683854166671 0.18075833333333338
3 0.2906796875 0.3505828703703704 0.056578125000000055 0.2317787037037037
3 0.3544913307291668 0.1327450648148148 0.029502578124999998 0.05531312962962964
1 0.37353661197916666 0.11864339814814816 0.02901459895833334 0.06029564814814815
4 0.40153716666666667 0.1144458564814815 0.025742041666666715 0.047475787037037046
3 0.4419071953125 0.1286571203703704 0.043315036458333366 0.0539351851851852
3 0.3872719453125001 0.14991179629629628 0.04680567187499995 0.060885537037037016
1 0.3396067447916667 0.1632652777777778 0.040089604166666605 0.06997129629629628
3 0.5230107161458333 0.1644167638888889 0.034177682291666636 0.06113441666666667
1 0.4366345625 0.3367347222222222 0.05493787500000001 0.1195342592592593
1 0.48706250000000006 0.3102285416666667 0.05247812500000008 0.10257439814814814
3 0.6084031614583334 0.2412537037037037 0.06064694791666672 0.08309074074074077
3 0.5124818281250001 0.38932196296296295 0.08199698958333332 0.1372439259259259
3 0.6564443177083333 0.11953379629629629 0.03514365625000006 0.04664722222222223
3 0.6998907916666667 0.13031443981481483 0.03525885416666673 0.07178767592592594
5 0.6732002317708333 0.15789962037037036 0.049190161458333395 0.04757701851851855
4 0.8072611979166667 0.19852809259259255 0.041818229166666755 0.05192344444444446
3 0.7088629817708334 0.21622256481481483 0.05821429687499986 0.14704690740740747
3 0.7312578958333333 0.16464399999999998 0.035824916666666574 0.07486322222222226
1 0.6240961119791668 0.12244907407407409 0.042834932291666544 0.06122407407407408
3 0.07282708333333333 0.4856939814814816 0.06518229166666666 0.13018611111111117
1 0.06357308333333332 0.42346197685185183 0.06115904166666666 0.09728160185185189
3 0.3319473958333333 0.254649537037037 0.04747812500000001 0.06294722222222225
2 0.38783945833333333 0.22373081481481477 0.057113291666666656 0.09090909259259256
1 0.3111171875 0.14601767129629625 0.032356249999999954 0.0575220648148148
1 0.5845894218750001 0.10066365277777778 0.04168990625000006 0.061946768518518526
1 0.7532149687499999 0.16039814814814818 0.030489312500000074 0.06858333333333336
1 0.7718819661458334 0.265486662037037 0.06035664062499997 0.1747788796296296
