1 0.10413619791666667 0.38667477314814824 0.03935885416666667 0.08951549074074071
2 0.0873270078125 0.5779883564814815 0.06641785937500001 0.13265310185185197
1 0.3442589843750001 0.1612996018518518 0.04074088541666665 0.05932487037037038
3 0.44115879166666666 0.12613370833333332 0.04181822916666669 0.059789546296296285
4 0.2779700520833333 0.30685138888888885 0.04591822916666667 0.15889166666666668
4 0.3201986979166667 0.2507287037037037 0.035258854166666666 0.09329444444444446
2 0.38784609375000006 0.2259472222222222 0.055757812499999976 0.09329444444444446
1 0.48788281249999993 0.17760155092592592 0.04263854166666666 0.07893391666666666
3 0.5263777916666667 0.1675592777777778 0.045098437500000026 0.06299466666666666
3 0.49481778385416664 0.3115510416666666 0.0513308489583333 0.10521939814814817
3 0.4846026041666667 0.3892125 0.06723750000000012 0.1399416666666666
5 0.6731960937500001 0.15816342592592592 0.05083802083333318 0.04518981481481482
5 0.6497150104166667 0.12660512037037033 0.028787218749999965 0.035972925925925936
3 0.622534109375 0.12021414351851853 0.04463071874999992 0.06569393518518518
3 0.57010915625 0.10190068981481482 0.02833810416666651 0.06442084259259259
5 0.15008046875000003 0.4477826296296296 0.06035364583333336 0.07439214814814805
3 0.61463203125 0.2320873472222222 0.04643697916666672 0.09657345370370367
1 0.31018385416666666 0.14712407407407405 0.03173437500000003 0.05530925925925924
3 0.3484512604166667 0.13163701851851853 0.037333937500000046 0.048672259259259276
4 0.40227460677083327 0.11117278703703704 0.0230226614583333 0.045354425925925916
3 0.7124583984375 0.21349573148148152 0.06471263020833339 0.14601738888888893
1 0.7684594973958334 0.26327453703703696 0.05226795312500011 0.18362870370370363
2 0.8835835677083334 0.5937055555555556 0.13036505208333318 0.30329074074074064
