3 0.15128463541666667 0.3564143518518519 0.05493802083333333 0.080175
1 0.10536614583333333 0.3909259490740741 0.04181875 0.09515662037037037
3 0.057397916666666667 0.4205537037037037 0.057397916666666667 0.09183703703703704
5 0.15661458333333333 0.44460648148148146 0.052478125 0.06705555555555556
2 0.08609687499999999 0.5830904814814815 0.06231770833333334 0.13702644444444445
3 0.19474296875 0.6253643518518519 0.06969739583333333 0.12536388888888889
3 0.266080578125 0.5393583750000001 0.09429657291666667 0.14577213888888887
3 0.34693121875000005 0.13528331481481484 0.03788535416666667 0.05596485185185185
1 0.3111791666666667 0.14780266666666664 0.03361875 0.056667277777777775
1 0.37185677083333335 0.11788887962962963 0.028698958333333333 0.05436183333333333
4 0.40108083854166665 0.1107875 0.02436853125 0.04664722222222222
1 0.3455877109375 0.16690972222222222 0.03683896354166667 0.06268240740740741
3 0.3878308776041666 0.14810271296296296 0.046402901041666667 0.05947975925925926
3 0.44046490885416667 0.12613370833333334 0.043710671875 0.05536476851851852
4 0.2783800364583333 0.3083092592592592 0.04509826041666667 0.15306111111111112
4 0.3201984375 0.2521865740740741 0.03853854166666667 0.08454722222222223
4 0.3870295390625 0.22842326851851852 0.05740491145833333 0.08376507407407408
3 0.4446220364583333 0.19279569907407407 0.047558333333333334 0.08470643518518518
1 0.4799911692708333 0.1750655740740741 0.04085600520833333 0.08330705555555555
3 0.5264213541666666 0.16618071296296297 0.047558333333333334 0.05830894444444445
3 0.49237128124999996 0.3083092592592592 0.05817589583333334 0.10349814814814816
3 0.4850127604166667 0.3848393518518518 0.07133697916666668 0.13994166666666666
1 0.7703263281249999 0.26836350000000003 0.05102322916666667 0.16947037037037035
3 0.7562724869791667 0.16517128240740742 0.04801918229166667 0.05821867592592593
5 0.67319609375 0.15889212962962962 0.0491984375 0.04081574074074074
5 0.6485631640625 0.125262287037037 0.031090911458333332 0.03352777777777778
3 0.6222020546875001 0.11948543981481481 0.043966609375 0.06423652777777777
3 0.5694697916666667 0.09843185185185185 0.027059375 0.05969555555555555
3 0.5727497395833333 0.25364444444444445 0.06477760416666667 0.09037962962962963
3 0.6133177526041665 0.23208703703703704 0.043808421875 0.1028037037037037
3 0.7130808489583333 0.21294243518518519 0.06595705208333333 0.14491142592592593
1 0.7376589635416667 0.16980070370370373 0.04666748958333333 0.0719022962962963
