2 0.14718463541666665 0.36661805555555554 0.05001822916666665 0.06851388888888889
1 0.10331640625 0.3901971388888889 0.039358854166666644 0.09369899999999998
5 0.15176557031250001 0.44606388888888887 0.058895942708333315 0.06705555555555552
2 0.0881469765625 0.573615162037037 0.06477792187500002 0.12390671296296298
1 0.34602760416666667 0.16253657407407404 0.039358333333333384 0.06268240740740738
3 0.38787965625000004 0.14827831944444445 0.044345770833333374 0.06204336111111109
4 0.27879001302083334 0.30830910648148147 0.049198098958333394 0.16180771296296292
4 0.3197885416666667 0.2514578703703704 0.034438541666666704 0.0918361111111111
3 0.5297274739583333 0.1666549675925926 0.039411197916666654 0.05897365740740741
3 0.49484650781250006 0.3112245370370371 0.05000655729166663 0.10349907407407412
3 0.48460286458333335 0.38556851851851853 0.06559739583333334 0.1384833333333334
5 0.67114609375 0.158162962962963 0.05001822916666659 0.042274074074074054
5 0.6481869791666667 0.12609305555555556 0.030338541666666666 0.03935833333333332
3 0.6226119505208333 0.12244907407407409 0.04314681770833341 0.06122407407407408
3 0.570731390625 0.10082031018518517 0.029582572916666786 0.06004769444444447
3 0.18589043489583332 0.6223177777777777 0.09012850520833332 0.16022925925925915
2 0.38750729166666675 0.2243208333333333 0.053792708333333356 0.08972870370370369
1 0.49409686458333335 0.17768597685185183 0.04383127083333331 0.06965767592592592
1 0.31080598958333344 0.14657083333333332 0.03173385416666665 0.05641574074074073
3 0.3468958333333333 0.1327435 0.032978124999999935 0.050885222222222214
4 0.4010301380208333 0.11227866203703701 0.02551159895833332 0.04535378703703704
3 0.7127695963541666 0.21294263425925924 0.06409023437500008 0.14491119444444442
1 0.7681484687500001 0.26825237500000004 0.0504010729166667 0.17367224999999994
2 0.8839859296874999 0.5937054768518518 0.1311697760416666 0.3061520092592593
