2 0.15292447916666668 0.36297361111111115 0.056578125 0.08746388888888885
2 0.15948436979166666 0.5291543240740739 0.06641771874999995 0.14868764814814814
3 0.26362051822916666 0.5889211249999999 0.09921625520833335 0.17492743518518533
3 0.3550764375 0.13332397685185185 0.027879166666666677 0.05647095370370369
1 0.37431666666666674 0.11698410648148146 0.02869895833333332 0.059189453703703716
4 0.4021956822916667 0.10987128703703702 0.027059072916666694 0.0449638148148148
3 0.2894192578125 0.3447155277777778 0.05739806770833331 0.2287729814814815
3 0.33208828125 0.25668299074074075 0.049198437500000004 0.07604746296296293
3 0.4409467135416667 0.12723990277777777 0.04263854166666672 0.055364768518518515
3 0.38799321875000004 0.1492605509259259 0.04660759375 0.061795435185185196
3 0.5223216145833333 0.16545185185185185 0.036078645833333374 0.06268148148148145
3 0.3838519322916667 0.2775654027777778 0.04667382291666667 0.07730534259259261
1 0.434584375 0.3374637546296297 0.05247812500000002 0.1180761944444444
1 0.48665260416666667 0.31268194444444447 0.04673854166666664 0.11516018518518523
3 0.60933540625 0.23688009259259257 0.0657918020833332 0.08892129629629626
4 0.8069619921875 0.19469026388888888 0.04121981770833341 0.03982300925925925
1 0.7724770182291666 0.2664511574074074 0.0604110052083333 0.17007046296296294
3 0.7269041666666667 0.1625361111111111 0.03197916666666659 0.06851296296296294
3 0.6563864583333334 0.11807592592592592 0.0385385416666665 0.04373148148148148
5 0.6731503541666667 0.15889212962962962 0.05083802083333318 0.04664722222222224
3 0.6987987760416666 0.1309211712962963 0.034805885416666626 0.07013991666666666
1 0.5835426744791666 0.10276990740740741 0.038805140625000095 0.06559722222222224
3 0.07121774739583334 0.49213148148148145 0.06357283854166668 0.1316166666666668
1 0.062365776041666675 0.4213162037037037 0.06035386458333334 0.09585092592592594
4 0.3808661458333333 0.2331758796296296 0.05379270833333341 0.09563157407407404
1 0.6229338541666666 0.12219629629629628 0.04648750000000004 0.06493518518518518
1 0.3378734479166667 0.15984490740740737 0.041067687500000005 0.0696898148148148
3 0.7084140520833333 0.21570794444444447 0.05786768749999993 0.14601774074074075
1 0.7541483385416666 0.15873871296296296 0.03608938541666665 0.0719022037037037
