3 0.15408648177083334 0.3578719166666667 0.05234205729166667 0.07725987037037037
1 0.10454635416666667 0.3887934259259259 0.036898958333333336 0.09661403703703704
3 0.05944793489583333 0.42419814814814816 0.05657808854166667 0.09329444444444444
2 0.08609713541666666 0.5794458333333333 0.0787171875 0.1413990740740741
3 0.19351328125 0.6304666666666666 0.07379739583333333 0.11807592592592593
3 0.26116065625 0.543731662037037 0.08281717708333333 0.15743417592592593
3 0.347577015625 0.13192407407407408 0.03682991666666667 0.05102037037037037
1 0.3714740026041667 0.11806448611111112 0.027378317708333332 0.06356260185185185
4 0.40129317708333334 0.11297361111111111 0.02230427083333333 0.04810462962962963
1 0.34239227864583327 0.16444257870370368 0.038251942708333334 0.06561082407407408
3 0.38784609375 0.14941712962962964 0.0491984375 0.06268240740740741
3 0.44128496093749997 0.12794279166666667 0.04455950520833333 0.05898293518518518
4 0.27879010416666666 0.2988337962962963 0.04591875 0.16326574074074074
4 0.32101875 0.2514578703703704 0.03361875 0.09475277777777778
3 0.44593719791666664 0.1916912037037037 0.0489441875 0.080175
3 0.5267586432291667 0.16572437962962963 0.04659332812500001 0.06153725925925926
3 0.3611970963541667 0.4387754861111111 0.07297752604166667 0.31778421296296294
5 0.575209375 0.2674925925925926 0.061497916666666666 0.05685185185185185
1 0.7712180286458333 0.2709275694444444 0.051728765625 0.1657489351851852
3 0.7570344557291667 0.16648230092592592 0.039028432291666665 0.05641593518518518
4 0.6727861979166666 0.15670555555555554 0.0450984375 0.03935925925925926
5 0.6481530078125 0.12487048148148147 0.03191122395833333 0.034864925925925924
3 0.6229440052083333 0.11979852777777777 0.04381092708333333 0.06250142592592593
3 0.5691903255208334 0.09985416666666667 0.031420234375 0.05685092592592593
3 0.4168454869791667 0.2968526574074074 0.05793993229166667 0.1874106111111111
1 0.48243020833333333 0.30185990277777774 0.04265 0.0972820462962963
2 0.3805341145833333 0.22550185185185184 0.04914427083333333 0.08028333333333333
1 0.3117395833333333 0.1476773148148148 0.031111458333333335 0.056415740740740745
3 0.7127695963541666 0.2129426435185185 0.064090234375 0.1471242314814815
1 0.7382811145833333 0.17090694444444443 0.04791197916666667 0.07632685185185185
