2 0.0947067109375 0.5750726851851852 0.07133761979166665 0.1501453703703703
3 0.2611606953125 0.5502916666666666 0.10249631770833334 0.15889259259259259
1 0.34464888020833334 0.16180740740740743 0.03719598958333338 0.06122407407407411
3 0.3890607083333333 0.147959037037037 0.04509843749999997 0.0626819259259259
4 0.2783802083333333 0.30612222222222224 0.046738541666666696 0.16909629629629633
3 0.32347864583333336 0.2492708333333333 0.04345833333333336 0.09621018518518515
2 0.3878462786458333 0.22813425925925926 0.05247827604166666 0.09475185185185185
3 0.44597241406250004 0.18950416666666667 0.044461421875000025 0.0874638888888889
3 0.3341380208333334 0.3345481481481481 0.04345833333333336 0.13265370370370366
3 0.38579635416666663 0.28644305555555555 0.05165833333333332 0.08308981481481478
3 0.38251640624999994 0.42711342592592594 0.07461718749999999 0.2594750000000001
1 0.4310431822916667 0.32271444444444447 0.05851448958333337 0.14757481481481483
1 0.49033661197916667 0.308309050925926 0.05902634895833335 0.10349856481481479
3 0.4858328125 0.3921282407407407 0.06641770833333335 0.15160277777777778
3 0.5747994791666665 0.25510185185185186 0.05739791666666664 0.08454814814814814
3 0.6227677083333333 0.23177824074074072 0.04673854166666658 0.07871759259259258
3 0.5209754973958333 0.16107236574074071 0.04322599479166674 0.0743571203703704
3 0.6236081145833334 0.12099120370370371 0.0451391458333332 0.06705462962962962
5 0.645517 0.12171990740740742 0.03319858333333319 0.03644351851851854
5 0.6736059895833333 0.15889212962962962 0.0483786458333333 0.04373240740740743
3 0.7047651041666666 0.21622719907407406 0.05329791666666672 0.14263139814814818
1 0.7827710182291666 0.28042035648148145 0.06595685937499998 0.1803097314814815
1 0.09978536197916667 0.3776824074074074 0.05472094270833335 0.12303333333333331
5 0.1581275520833333 0.46709565277777776 0.05230712500000001 0.10729573148148154
1 0.4794863697916666 0.17060190740740744 0.04914392708333336 0.09799248148148147
3 0.7342367291666666 0.16924795833333334 0.04231195833333328 0.06415963888888888
3 0.8994401171875 0.6017700694444444 0.13751356770833317 0.32743393518518515
