2 0.14554479166666665 0.3688046296296296 0.048378125 0.07288703703703704
1 0.10413640104166667 0.3923972175925926 0.03771886458333333 0.09237671296296297
3 0.06354791666666666 0.4132652777777778 0.03853854166666667 0.09183611111111112
5 0.15134796614583335 0.46494989351851856 0.056451296874999994 0.1058654537037037
2 0.08404687500000001 0.5903787037037037 0.07625729166666666 0.11953333333333334
0 0.25870078125 0.5488336620370371 0.1057765625 0.1763845277777778
1 0.3445853177083334 0.1631345 0.0409984375 0.06299466666666666
3 0.3903052942708333 0.1464434212962963 0.042640453125 0.0627983425925926
4 0.2779700520833333 0.3090381111111111 0.045918229166666664 0.15451944444444443
4 0.3193786458333333 0.25364444444444445 0.03361875 0.09329444444444444
2 0.38784635416666663 0.2252185185185185 0.052478125 0.08600555555555556
3 0.3382377604166667 0.32944629629629624 0.05493802083333333 0.1516037037037037
3 0.382516453125 0.4271136203703704 0.07297751041666665 0.25947538888888894
1 0.43376458333333334 0.3258018518518519 0.05083854166666667 0.11224444444444445
3 0.49157265624999996 0.3075800925925926 0.0598578125 0.09621018518518518
3 0.48501272656250005 0.3877550925925926 0.06969746354166667 0.15743425925925925
5 0.6723760416666666 0.15962083333333332 0.05083854166666667 0.045189814814814815
5 0.6478990546875 0.12244907407407409 0.029762692708333333 0.03498518518518518
3 0.6224560078125001 0.11917189351851852 0.046115140625 0.07069325
1 0.574874953125 0.10192650462962963 0.03622907291666667 0.0666848611111111
3 0.43774199739583336 0.12555294444444443 0.035467328124999996 0.060840407407407406
1 0.31018385416666666 0.14159305555555557 0.032978125 0.06858425925925926
3 0.34876255729166666 0.13219025925925926 0.03546759375 0.04977874074074074
1 0.37240726562500004 0.11780968055555555 0.029244843750000003 0.05641582407407408
4 0.40071881249999997 0.11061973148148148 0.026133854166666668 0.04203518518518519
1 0.7109028854166667 0.2140488287037037 0.0640900625 0.14712358333333334
