3 0.15251458333333334 0.35641388888888886 0.05575833333333333 0.08600555555555556
1 0.10413619791666667 0.39018338425925925 0.039358854166666665 0.09367149074074074
3 0.058627864583333335 0.42419814814814816 0.0598578125 0.09329444444444444
2 0.08732708333333333 0.5736151296296297 0.0713375 0.12973766666666667
3 0.26280075260416663 0.5481051342592593 0.08281724479166666 0.1632656574074074
3 0.3483270703125 0.13221778240740742 0.03708555729166666 0.054258564814814815
1 0.37230666406249996 0.11809030092592591 0.027799171874999997 0.0614018425925926
4 0.4023107864583333 0.11661805555555554 0.02682842708333333 0.04664722222222222
1 0.3464377604166667 0.16690957407407406 0.0368984375 0.05685122222222223
3 0.3890608255208333 0.14823008796296297 0.045129390625 0.05530973148148148
3 0.4410871432291667 0.1255806111111111 0.043710671875 0.060895740740740736
1 0.3107690104166666 0.14797873611111112 0.029519270833333333 0.054807027777777774
4 0.27674010416666667 0.30685138888888885 0.04673854166666667 0.15597685185185187
4 0.3197888020833333 0.24927129629629632 0.03115885416666667 0.08746296296296295
1 0.482142859375 0.17532468055555558 0.03719008333333333 0.08382526851851851
3 0.52683125 0.16592580092592593 0.04509791666666666 0.05751532407407407
3 0.36078728125000004 0.4475216990740741 0.07051727083333333 0.2944603055555556
3 0.5678066953124999 0.25314925 0.063183484375 0.09196827777777777
1 0.7700152109374999 0.27004860648148155 0.04915652604166666 0.16841580555555555
3 0.7550134973958332 0.16720806481481482 0.045559286458333334 0.05565507407407408
5 0.6748359374999999 0.15670555555555554 0.052478125 0.03644259259259259
5 0.6497150104166667 0.1257380324074074 0.0301154375 0.03423875
3 0.6227678932291667 0.12300307407407408 0.04283493229166667 0.06413981481481482
1 0.5720748984374999 0.10046863425925925 0.030628963541666665 0.061556731481481476
3 0.49155148958333333 0.3083092592592592 0.059815479166666664 0.10058333333333333
4 0.3868434895833333 0.22314074074074072 0.06043385416666667 0.08500555555555556
1 0.7096583619791667 0.21460192592592595 0.062845890625 0.14822977777777777
1 0.7389033854166667 0.1686946851851852 0.04791197916666667 0.06969025925925926
