2 0.15292447916666668 0.3651603333333333 0.058217708333333326 0.06851388888888889
1 0.05780783072916667 0.4227402777777778 0.05329788020833335 0.0874638888888889
3 0.0692875 0.4927115740740741 0.0631375 0.12244907407407413
2 0.08732708333333333 0.5809037037037037 0.06641770833333334 0.13848333333333324
3 0.19064322916666665 0.6297375000000001 0.07133749999999998 0.12828055555555545
3 0.2644406510416666 0.5911080462962963 0.1008563020833333 0.1705542777777778
3 0.3546365442708333 0.13332397685185185 0.02869704687499996 0.05647095370370369
1 0.3734966145833333 0.117738625 0.027058854166666653 0.06291087962962964
1 0.338618875 0.16002754166666666 0.04263854166666666 0.0693254537037037
3 0.38805852604166674 0.1488572314814815 0.046738208333333316 0.06098879629629628
3 0.4425865572916667 0.12575621759259265 0.04591822916666667 0.05903456481481481
3 0.29436953125 0.3454808935185185 0.062318229166666586 0.21865858333333332
3 0.3352319895833332 0.2558310185185185 0.05056606249999991 0.0714287037037037
3 0.4447279453125 0.1918651111111111 0.04695035937500004 0.08505764814814815
3 0.5234353932291665 0.16605024074074073 0.03830620312500006 0.06440137037037034
3 0.38931785937499996 0.284125 0.03574196875000002 0.084702074074074
1 0.43376458333333334 0.3367347222222222 0.055758333333333354 0.12244907407407413
1 0.48665260416666656 0.3061226851851852 0.05165833333333332 0.09621018518518522
1 0.770984734375 0.2658979027777778 0.05165833333333344 0.17117634259259265
1 0.7530189739583333 0.15838432407407407 0.03461470833333327 0.06898103703703702
1 0.7196142135416665 0.21632536111111111 0.06782356250000016 0.1472525
5 0.6735473645833333 0.15541764814814815 0.04990097916666668 0.03901840740740744
3 0.6565221588541665 0.11896729166666667 0.03662755729166681 0.04194874999999999
1 0.6241943802083334 0.1206660787037037 0.047951260416666724 0.06187525
1 0.5821003880208333 0.10170854166666667 0.03422290104166663 0.0576448611111111
1 0.1174890625 0.6680971712962963 0.09978541666666665 0.21459249074074077
1 0.20037578125 0.4713875 0.06276822916666672 0.1874101851851851
1 0.48114677864583333 0.17178287037037038 0.03785435937500002 0.07910277777777773
4 0.4016523515625 0.11006620370370371 0.02426720312499994 0.049778703703703686
3 0.7379700520833333 0.16648240740740738 0.03484531250000013 0.06526481481481483
