3 0.15169453125000001 0.35714259259259257 0.05411822916666666 0.08454814814814815
1 0.10331614583333334 0.39234316203703706 0.03771875 0.10085226851851851
3 0.058627864583333335 0.4205537037037037 0.05657760416666667 0.09475185185185185
5 0.15251458333333331 0.4446064814814815 0.06395729166666667 0.06997037037037036
2 0.08732708333333333 0.5750731481481481 0.0713375 0.1355685185185185
3 0.19392317708333331 0.6304662037037038 0.07461718749999999 0.11516018518518518
3 0.2685405625 0.5400876851851851 0.09101654166666666 0.15306166666666668
1 0.3107690104166666 0.14739982407407407 0.029519270833333333 0.0536492037037037
3 0.3479026536458333 0.13460577777777777 0.03748119270833334 0.05682216666666667
1 0.371446875 0.11588888888888889 0.02951875 0.05976666666666667
4 0.4005576432291667 0.11115308796296296 0.027055546875 0.04531502777777778
1 0.34932111718750003 0.16610187037037036 0.04430577604166666 0.05786746296296296
3 0.3895695 0.14830413425925926 0.04739120833333333 0.05988260185185185
3 0.44179363541666666 0.1255806111111111 0.0422976875 0.05425857407407408
4 0.2779700520833333 0.30903796296296293 0.045918229166666664 0.16035
4 0.32183854166666664 0.2514578703703704 0.036898958333333336 0.09183611111111112
4 0.3870295390625 0.2274050925925926 0.05740491145833333 0.0816324074074074
3 0.44319427083333335 0.19169074074074074 0.048378125 0.07725925925925926
1 0.47973721614583337 0.1752044212962963 0.041676317708333334 0.08594602777777778
3 0.5267941197916667 0.16680475925925925 0.046812802083333334 0.057060851851851856
3 0.36078728125000004 0.44387739814814814 0.07051727083333333 0.2930026111111111
3 0.49237128124999996 0.3027878888888889 0.05817589583333334 0.09828688888888888
3 0.48624270833333333 0.38702592592592594 0.06559791666666666 0.14431481481481484
3 0.5706997395833333 0.2514574074074074 0.06067760416666667 0.08600555555555556
1 0.7706945729166667 0.26851329166666665 0.04904227083333333 0.1675575648148148
3 0.7550134973958332 0.16630329166666666 0.045559286458333334 0.053845527777777784
5 0.6740158854166667 0.15743425925925925 0.05083802083333333 0.03498518518518518
5 0.6485971354166666 0.12487048148148147 0.03115885416666667 0.03250364814814815
3 0.6233541614583333 0.12007575925925927 0.04299061458333333 0.06305588888888888
3 0.57028984375 0.09898494907407407 0.027058854166666667 0.05858936111111111
3 0.6146319739583334 0.23364475462962964 0.04818917708333333 0.09968826851851852
3 0.7133919661458333 0.21515464814814814 0.06533481770833334 0.14491107407407408
1 0.73828125 0.17145996296296295 0.047912500000000004 0.07522081481481481
1 0.8847907708333334 0.580829912037037 0.12312232291666667 0.33190302777777775
