3 0.09921640625 0.3688047731481482 0.05083802083333334 0.10787193518518523
2 0.09388645833333334 0.5809037037037037 0.0713375 0.11807592592592586
3 0.19269296875 0.637026162037037 0.06887760416666668 0.13411063888888886
1 0.3433056328125 0.1626106203703704 0.038242901041666735 0.06637168518518521
1 0.37045448177083334 0.11864339814814813 0.026583744791666676 0.06250803703703703
3 0.39112604166666665 0.14577268518518519 0.04263854166666672 0.058308333333333344
4 0.27756015624999997 0.3083087962962964 0.04509843749999997 0.15597685185185184
2 0.38743619791666656 0.2244898148148148 0.05165781250000005 0.08746296296296295
3 0.43659820312500003 0.19416468518518518 0.041891093749999976 0.085121962962963
3 0.38866614583333337 0.28571435185185184 0.0573979166666667 0.07871759259259258
3 0.38210625 0.43075787037037044 0.07543750000000002 0.2580175925925927
1 0.4349944401041667 0.3279884212962963 0.04837846354166668 0.11370278703703704
1 0.4911413333333333 0.30685138888888885 0.0606357916666667 0.09766759259259264
3 0.48542265625000003 0.3884842592592592 0.06887760416666673 0.1530611111111111
3 0.6215377604166666 0.2354226851851852 0.04427864583333327 0.07726018518518521
3 0.6232760598958332 0.1202625 0.04447503645833327 0.06559722222222221
5 0.6466621510416668 0.12026203703703704 0.030189708333333343 0.03352777777777781
5 0.6731960937500001 0.15889212962962962 0.049198437500000004 0.04373240740740743
3 0.7059950520833332 0.21622719907407406 0.05411822916666663 0.14263139814814818
1 0.7830114427083334 0.279314162037037 0.06547601041666672 0.18030973148148155
3 0.26113203125 0.5429185740740741 0.10219947916666668 0.14735359259259262
5 0.15611588541666668 0.46781157407407403 0.05794010416666665 0.111587962962963
3 0.5773948906249999 0.25311543981481477 0.06308417708333328 0.10436171296296293
3 0.33557253385416674 0.3325546296296296 0.05432264062500002 0.1635518518518518
1 0.5749445312500001 0.10287600925925926 0.03857864583333317 0.06415909259259259
3 0.7348588541666667 0.1681416666666667 0.04355624999999996 0.06637222222222221
3 0.900482765625 0.6030042592592593 0.14163103124999996 0.31902711111111115
