2 0.1476030677083333 0.36588935185185184 0.04921446875000003 0.0728861111111111
1 0.10376102083333333 0.3916681990740741 0.041749510416666656 0.09091865740740733
3 0.06477786458333333 0.4118074074074074 0.036078645833333346 0.09475185185185185
5 0.157434375 0.464456875 0.05575833333333337 0.11346310185185189
2 0.08978685937499999 0.574344023148148 0.06805747916666664 0.12244897222222227
3 0.19433307291666668 0.6333819444444444 0.07051718750000001 0.13265277777777776
1 0.3439776640625 0.16293307870370374 0.03853842187500002 0.06480421296296297
3 0.39030610156249995 0.1464434212962963 0.04919821354166665 0.06279834259259261
3 0.43794145052083333 0.12317777777777776 0.04084418229166668 0.06268148148148146
4 0.2779700520833333 0.309037962962963 0.04591822916666667 0.15743518518518515
4 0.32142864583333336 0.2514574074074074 0.03771875000000004 0.08600555555555556
2 0.38743619791666656 0.22521851851851854 0.05165781250000005 0.08600555555555557
3 0.4395041666666667 0.19023287037037037 0.03771875000000004 0.08892129629629629
3 0.3874361145833333 0.2806122453703704 0.05657777083333334 0.07434402777777781
3 0.38251640625 0.43002910648148146 0.07297760416666664 0.2594751203703704
1 0.43417473958333336 0.330175 0.05493802083333333 0.10932962962962965
3 0.48952265625 0.3053935185185185 0.05575781250000003 0.10349814814814821
3 0.5698796510416668 0.24999991666666666 0.06559784375 0.09475201851851851
3 0.4850127604166667 0.3884837962962963 0.06641718750000004 0.15597685185185184
5 0.6727859375 0.15816342592592592 0.04673854166666658 0.039358333333333335
5 0.6465843098958334 0.12237081944444445 0.030034026041666686 0.034588157407407394
3 0.6217918984375002 0.12299103703703704 0.0447869218749999 0.06888644444444443
1 0.5726126145833333 0.10191042592592593 0.03826481250000005 0.06387825925925926
