2 0.16194427083333332 0.35564538425925923 0.056578125 0.08754256481481482
1 0.10536640624999999 0.3945431435185185 0.0450984375 0.09094608333333334
2 0.08937682291666667 0.5663265046296296 0.06887760416666668 0.15597662037037036
3 0.19269322916666667 0.6362972222222223 0.07215729166666666 0.1355685185185185
1 0.3706142135416667 0.11879318981481482 0.027853427083333333 0.060595231481481486
1 0.3452078125 0.16035 0.04263854166666667 0.06705555555555556
3 0.3890762239583333 0.1472304953703704 0.045098281250000004 0.058309379629629635
4 0.2845297552083333 0.2696791666666667 0.03279909375 0.0903787037037037
4 0.32101848958333334 0.2492708333333333 0.04017864583333333 0.0903787037037037
2 0.3890760416666667 0.2244898148148148 0.05329791666666666 0.08746296296296295
3 0.33659791666666666 0.3330902777777778 0.04673854166666667 0.15014537037037037
3 0.38784609375 0.2835273148148148 0.055757812500000004 0.08892129629629629
3 0.38128645833333336 0.43002916666666663 0.07051770833333333 0.26238981481481477
1 0.4354046067708333 0.3323614814814815 0.052477963541666665 0.11370255555555556
3 0.489942046875 0.30393564814814816 0.05659659375 0.09766759259259258
3 0.4850127604166667 0.39285694444444447 0.0664171875 0.14723055555555553
1 0.5260114583333333 0.2733235740740741 0.048378125 0.11516025925925925
5 0.6723760416666666 0.15816296296296298 0.047558333333333334 0.042274074074074075
5 0.6470518776041667 0.1215032685185185 0.030969161458333335 0.03757561111111111
3 0.6228661640625001 0.1221234861111111 0.045294828125 0.06479006481481482
5 0.15651824479166668 0.4599427638888889 0.06357294791666666 0.11874108333333334
3 0.62164140625 0.23676018518518518 0.05344635416666667 0.09034259259259259
2 0.3136062994791667 0.14546475 0.036089807291666665 0.05862861111111111
4 0.3997856770833333 0.11172574074074075 0.025511979166666664 0.042035555555555555
1 0.5749446380208333 0.10342916666666666 0.038578432291666666 0.06526574074074074
1 0.7109028046875 0.21460198148148146 0.06284543229166667 0.1526552962962963
