3 0.16021338802083335 0.3432944074074074 0.044916567708333334 0.08309074074074074
1 0.10290624999999999 0.39160060185185186 0.04181875 0.09364468518518518
1 0.05739791666666667 0.42136200462962964 0.05575833333333333 0.09022043518518519
3 0.0692875 0.48396481481481485 0.0631375 0.12827962962962963
2 0.08281718750000001 0.5758018518518518 0.07215729166666666 0.1428574074074074
3 0.18695330208333333 0.6217198796296297 0.081996875 0.14723055555555553
1 0.3095390625 0.14687254166666666 0.028698958333333333 0.06144419444444444
3 0.35140920052083335 0.13294648611111112 0.030805130208333333 0.051291194444444445
1 0.3722666666666667 0.11588935185185185 0.027879166666666667 0.05393611111111111
4 0.4015897734375 0.11176291666666666 0.026630869791666668 0.048598055555555554
1 0.33932466927083327 0.1599919861111111 0.04314269270833333 0.07219636111111111
3 0.38907604166666665 0.14865581018518517 0.048378125 0.058373564814814816
3 0.44196432291666665 0.12409692592592592 0.0409984375 0.05792837037037037
3 0.29026953125 0.35495601851851855 0.05083802083333333 0.22594722222222222
3 0.33577796093750006 0.25218653703703703 0.050018421875 0.07288618518518518
3 0.5228974036458334 0.16403927314814815 0.034404307291666665 0.06259182407407407
3 0.38825625 0.291545 0.036898958333333336 0.07288592592592594
1 0.4332015078125 0.333090287037037 0.05524421354166666 0.11516016666666666
3 0.48950902343749997 0.30661135185185184 0.06229096354166667 0.10106248148148149
3 0.6131657109374999 0.23048433333333332 0.06689288020833332 0.08713688888888889
2 0.5001592994791666 0.412613462962963 0.07211130729166666 0.11806181481481481
2 0.5649598958333333 0.3542273148148148 0.0672375 0.10495648148148147
1 0.7691535078125 0.2640885138888889 0.050879932291666666 0.17640712037037037
1 0.7524809973958333 0.1589632361111111 0.035690661458333335 0.07013886111111112
3 0.7053581119791666 0.2147438472222222 0.046738421875 0.1440894722222222
5 0.6747697838541667 0.1554042638888889 0.049065578125 0.03613041666666667
3 0.6564137682291666 0.11955761111111111 0.037969390625 0.04076811111111111
1 0.6226900520833333 0.12219598611111111 0.04166239583333333 0.06257378703703703
2 0.14766625520833332 0.5228898842592592 0.06518251041666666 0.15021467592592594
1 0.38385486979166666 0.2190082962962963 0.06773890625 0.09799298148148149
1 0.5830335937500001 0.10066365277777778 0.037333854166666666 0.061946768518518526
3 0.7348588541666667 0.16703518518518518 0.04355625 0.07079629629629629
