2 0.15989427083333335 0.35349872222222223 0.04919791666666666 0.09475255555555555
1 0.10659609375 0.3938005787037037 0.04427864583333333 0.0894609537037037
1 0.0877369921875 0.5655978009259259 0.065597890625 0.15451921296296298
3 0.1857234375 0.6297375 0.086096875 0.16326574074074074
1 0.34494547656249996 0.1625361111111111 0.04152258854166667 0.05976666666666667
2 0.3866161458333333 0.22448981481481484 0.051658333333333334 0.08454814814814815
3 0.33877312760416667 0.33527685185185185 0.046168703125 0.14577222222222222
3 0.39028970052083334 0.28644305555555555 0.061158796875000004 0.08892129629629629
3 0.3829263020833334 0.43075804629629627 0.07379739583333333 0.25801666666666667
1 0.43376458333333334 0.3290435740740741 0.05083854166666667 0.11159214814814815
3 0.4907239010416667 0.3061226851851852 0.06308009375 0.1078712962962963
3 0.4862428177083334 0.389212962962963 0.07051728125 0.15451851851851853
1 0.5260111979166667 0.27551018518518516 0.05493802083333333 0.11370185185185186
5 0.6727859375 0.15743425925925925 0.04673854166666667 0.043731481481481475
5 0.6461369791666666 0.12164165277777778 0.02951875 0.03785237962962963
3 0.6217918984375 0.1202625 0.044786921874999996 0.06268240740740741
5 0.15692055729166665 0.46280370370370366 0.05954944791666667 0.11301851851851852
3 0.38516303385416667 0.14657083333333332 0.041067734375 0.06526574074074074
2 0.3136061380208333 0.14712400925925928 0.034845015624999996 0.05752235185185185
4 0.40071901041666663 0.11117250000000001 0.027378645833333333 0.040929074074074076
1 0.5743223958333332 0.10066342592592592 0.037334375 0.06194722222222223
