1 0.05872516666666667 0.4220656296296296 0.05146320833333333 0.09183703703703704
3 0.06805755208333333 0.4897958333333334 0.06231822916666666 0.12828055555555556
2 0.086831296875 0.5816328703703704 0.06904886458333334 0.14868796296296297
1 0.19269296874999997 0.4890671296296296 0.05903802083333333 0.13848425925925925
3 0.1926930625 0.6319242962962962 0.07379720833333334 0.13265325925925928
3 0.26403048697916665 0.5809035740740741 0.09675680729166666 0.1472298888888889
3 0.35268532291666665 0.13108406944444445 0.03135502083333333 0.058628324074074076
1 0.37071299218750003 0.11477171759259258 0.026411401041666668 0.06803900925925925
4 0.40035982552083327 0.11176291666666666 0.024170973958333335 0.048598055555555554
1 0.33931014843749996 0.1603982314814815 0.040682796874999996 0.06858407407407408
3 0.44197884375 0.1264849212962963 0.043458333333333335 0.06049197222222222
3 0.29231661197916664 0.34925167592592593 0.06478344270833333 0.2286096111111111
3 0.33290816145833335 0.25291555555555556 0.05083819791666667 0.06851333333333333
1 0.4818345208333333 0.17390325462962963 0.033822104166666665 0.07958428703703704
4 0.4419642708333333 0.19096203703703704 0.04591833333333333 0.08163333333333334
3 0.38907604166666665 0.2933972037037037 0.036898958333333336 0.06318925925925926
1 0.4351353880208333 0.33527718055555555 0.05193952604166666 0.1137030462962963
1 0.4907524322916667 0.3097671296296296 0.059857635416666666 0.10641388888888889
3 0.6133380208333333 0.23396527777777779 0.0672375 0.08892129629629629
1 0.49821016927083334 0.39367224074074075 0.065495546875 0.16117625925925924
4 0.8108641744791666 0.19601565740740742 0.039637796875 0.03362424074074074
1 0.7712180286458333 0.2629306898148148 0.051728765625 0.17851625
1 0.7532313125000001 0.15579444444444446 0.03667896875 0.06822605555555555
5 0.673577765625 0.1574347222222222 0.043402406250000004 0.03790092592592593
3 0.6555735494791667 0.1216416574074074 0.03699340104166667 0.04493620370370371
1 0.6232659401041667 0.12026203703703701 0.04449527604166667 0.05976666666666667
1 0.14927578385416668 0.5343348796296297 0.07322968229166667 0.16452098148148148
3 0.5229881510416666 0.16537602314814814 0.035467447916666665 0.0608405462962963
1 0.5830336927083334 0.10121675 0.03857844791666667 0.060840574074074075
3 0.70903615625 0.21460169444444446 0.05537872916666667 0.14822994444444443
3 0.73423671875 0.16537638888888886 0.043556770833333334 0.07190277777777777
