2 0.15251458333333331 0.36588935185185184 0.06395729166666667 0.0728861111111111
1 0.05903777864583333 0.42274032407407414 0.055757776041666665 0.09037861111111112
3 0.07051757291666666 0.4876094351851853 0.06723777083333334 0.12973738888888894
2 0.159484375 0.5167638888888889 0.06313750000000003 0.1355685185185185
2 0.08773697916666666 0.5794458333333331 0.06559791666666667 0.1501453703703704
3 0.26444064322916666 0.5852768657407408 0.09593649479166665 0.16180737962962954
3 0.35396787500000004 0.13332397685185185 0.03218907291666664 0.05425856481481483
1 0.37308671874999993 0.11643100925925927 0.02623906249999995 0.05808325925925928
1 0.34239227864583327 0.16399444444444441 0.037007473958333335 0.0597666666666667
3 0.3876194947916666 0.14827831944444445 0.045918229166666616 0.06204336111111109
3 0.44128496093749997 0.1272137824074074 0.04455950520833329 0.057524916666666676
3 0.29295957031250003 0.3469384259259259 0.057857682291666636 0.21574351851851845
3 0.3336300833333334 0.2514574074074074 0.04572266666666671 0.07725925925925924
3 0.38148288541666664 0.2320193564814815 0.051231395833333394 0.09086093518518523
3 0.52314140625 0.16472314814814812 0.03607864583333325 0.058309259259259276
3 0.3796770208333333 0.27839820370370366 0.04919791666666657 0.07580185185185184
1 0.4362244791666667 0.33819259259259266 0.05247812500000002 0.11661851851851844
1 0.49198255208333325 0.30758009259259256 0.055757812499999976 0.10495648148148154
3 0.6141580729166665 0.2332361111111111 0.07379739583333335 0.09037962962962962
1 0.7704968515625 0.270695236111111 0.051926651041666716 0.16307187962962966
1 0.7530189739583333 0.15760352777777778 0.03585917708333343 0.06963183333333334
3 0.7002550312500001 0.1273580416666667 0.03279895833333318 0.06587487962962962
5 0.6755895677083336 0.15816342592592594 0.04742601041666662 0.04810462962962966
3 0.6559056015625 0.11970803703703702 0.03765750520833322 0.045189814814814794
1 0.6230999479166667 0.12317792592592593 0.04349904166666683 0.06268240740740741
1 0.5845893229166667 0.10066365277777778 0.04293385416666666 0.061946768518518526
1 0.7211698854166666 0.2217922037037037 0.07093456249999998 0.13384922222222223
3 0.730192125 0.16537592592592593 0.04915637499999998 0.06747777777777776
3 0.7728153645833333 0.18915925925925922 0.029867187500000014 0.06415925925925926
1 0.8057936796875 0.18971255555555555 0.04355639062500008 0.08738970370370369
