2 0.1476030677083333 0.36588935185185184 0.049214468750000004 0.07288611111111111
1 0.10376102083333333 0.3916681990740741 0.04174951041666666 0.0909186574074074
3 0.06477786458333333 0.4118074074074074 0.03607864583333333 0.09475185185185185
5 0.157434375 0.464456875 0.05575833333333333 0.11346310185185185
2 0.08978685937499999 0.574344023148148 0.06805747916666666 0.12244897222222222
3 0.19433307291666668 0.6333819444444444 0.0705171875 0.13265277777777776
1 0.3439776640625 0.16293307870370374 0.038538421875 0.06480421296296297
3 0.39030610156249995 0.1464434212962963 0.04919821354166667 0.0627983425925926
3 0.43794145052083333 0.12317777777777776 0.04084418229166666 0.06268148148148148
4 0.2779700520833333 0.309037962962963 0.045918229166666664 0.15743518518518518
4 0.32142864583333336 0.2514574074074074 0.03771875 0.08600555555555556
2 0.3874361979166666 0.2252185185185185 0.051657812500000004 0.08600555555555556
3 0.4395041666666667 0.19023287037037037 0.03771875 0.08892129629629629
3 0.3874361145833333 0.2806122453703704 0.05657777083333334 0.07434402777777778
3 0.38251640625 0.43002910648148146 0.07297760416666667 0.2594751203703704
1 0.43417473958333336 0.330175 0.05493802083333333 0.10932962962962962
3 0.48952265625 0.3053935185185185 0.055757812500000004 0.10349814814814816
3 0.5698796510416667 0.24999991666666666 0.06559784375000001 0.09475201851851851
3 0.4850127604166667 0.3884837962962963 0.0664171875 0.15597685185185187
5 0.6727859375 0.15816342592592592 0.04673854166666667 0.03935833333333333
5 0.6465843098958334 0.12237081944444445 0.030034026041666665 0.03458815740740741
3 0.6217918984375 0.12299103703703704 0.044786921874999996 0.06888644444444444
1 0.5726126145833333 0.10191042592592593 0.0382648125 0.06387825925925926
