3 0.10454609375 0.37755092592592593 0.035258854166666666 0.09620925925925926
2 0.09306666666666666 0.5794458611111111 0.07461770833333332 0.14139901851851852
3 0.19351302083333335 0.6362972222222223 0.07051770833333333 0.12973703703703704
1 0.3452078125 0.16180740740740743 0.04263854166666667 0.06122407407407408
3 0.38989609375 0.1475765185185185 0.0450984375 0.06053214814814815
4 0.27756022395833335 0.309037962962963 0.04673815625 0.1632648148148148
2 0.3890760416666667 0.2259476851851852 0.05329791666666666 0.08746388888888888
3 0.4440004973958333 0.19387731481481482 0.05655099479166667 0.0816324074074074
3 0.3370080729166666 0.3228861111111111 0.05083802083333333 0.1355685185185185
3 0.39071609375 0.28644312037037034 0.05657802083333333 0.08017487037037037
3 0.3808764635416667 0.4300291944444444 0.07133697916666668 0.2536435185185185
1 0.4345845442708333 0.3323615740740741 0.04919825520833333 0.11661759259259259
1 0.4903425651041667 0.31049537037037034 0.06067783854166667 0.10204074074074074
3 0.48460286458333335 0.38921300462962966 0.06559739583333334 0.15451860185185184
3 0.6223578125 0.2332361111111111 0.047558333333333334 0.08163333333333334
5 0.6465471354166666 0.12172037037037037 0.0303390625 0.03352777777777778
3 0.6215379453125001 0.11953379629629629 0.042638390625 0.06413981481481482
5 0.67319609375 0.15597638888888887 0.0491984375 0.04664722222222222
3 0.7070952656249999 0.21567410185185185 0.05303844791666667 0.1437375925925926
1 0.7827003255208334 0.27986725925925926 0.06485377604166667 0.17920353703703704
3 0.2635461432291667 0.5443490972222222 0.09737125520833333 0.15307587962962962
1 0.5064988489583333 0.16592916666666666 0.03733415625 0.08185833333333332
1 0.5749447916666667 0.1039821712962963 0.04106770833333333 0.06858380555555556
3 0.7348589453125001 0.1675886666666667 0.044800859375 0.06747822222222222
3 0.9012875 0.6022889768518518 0.14324062499999998 0.32045778703703703
