3 0.1566145052083333 0.3542276018518519 0.05247828124999998 0.08454850000000001
1 0.10331640625000002 0.38527140277777777 0.04591822916666667 0.1095986018518519
5 0.15415468750000005 0.46526691666666664 0.052478124999999994 0.08074842592592588
1 0.09224661458333333 0.5728865740740743 0.07789739583333333 0.14868796296296294
3 0.19146319791666666 0.6333818657407408 0.07461735416666665 0.1326529351851853
3 0.30420937500000006 0.17419861111111112 0.03279895833333336 0.080175
1 0.34315781250000005 0.16180740740740743 0.03853854166666668 0.06705555555555559
3 0.38005651041666666 0.14443245370370372 0.03525885416666661 0.06762596296296296
3 0.440746984375 0.12388066666666667 0.0381686458333333 0.06268240740740741
4 0.2763302083333333 0.30539351851851854 0.045918749999999994 0.1676388888888889
3 0.32470859374999994 0.25 0.044278645833333324 0.09183703703703704
2 0.388733828125 0.22533329166666666 0.05358926041666668 0.09175276851851856
3 0.45672369791666667 0.1946064814814815 0.04919843749999995 0.07725925925925926
3 0.5227315104166667 0.169825 0.04181822916666664 0.06268148148148145
3 0.3288083359375 0.341837037037037 0.0426385364583334 0.13556851851851845
3 0.3845661458333334 0.28352777777777777 0.05247812500000002 0.08600555555555553
3 0.3849764296874999 0.4307582222222222 0.08117734895833326 0.2551016296296297
5 0.4833729166666666 0.30758009259259256 0.05165833333333332 0.06413981481481477
3 0.5333908854166667 0.2791545046296297 0.05493802083333345 0.08600580555555558
3 0.5768494791666666 0.25655972222222223 0.05657812499999994 0.08163240740740739
3 0.6223578125000001 0.23469398148148146 0.045918749999999994 0.07871759259259258
3 0.48431409895833333 0.39212843981481477 0.06617492708333342 0.15160317592592587
3 0.6215380208333333 0.12099135648148147 0.04263854166666654 0.06122469444444443
5 0.6469942057291667 0.12136488425925926 0.029525598958333413 0.03493756481481481
5 0.6744260416666666 0.15889212962962962 0.04673854166666658 0.04664722222222224
3 0.7068306536458332 0.21956821296296297 0.0541498489583334 0.13870724074074073
1 0.7615879140625 0.16545202314814814 0.0373883281250001 0.04810521296296294
5 0.4357565338541667 0.3390557083333333 0.044259848958333355 0.08583673148148152
1 0.48347097395833327 0.1776858564814815 0.04383096874999997 0.07674124999999997
1 0.30520598958333334 0.1388272592592593 0.03297864583333331 0.06968992592592592
3 0.7354810807291668 0.16814162037037034 0.0460451302083334 0.06415935185185183
1 0.7830821953125001 0.28097325925925926 0.06657897395833329 0.17920392592592596
3 0.9062846354166666 0.5503319444444444 0.13378072916666664 0.29314166666666663
