1 0.10331640625 0.39019725 0.03607864583333333 0.08797675925925925
2 0.09101666666666668 0.5816324074074074 0.0754375 0.1370259259259259
3 0.193513125 0.6377553287037036 0.0705175 0.13556897222222222
1 0.3449799973958333 0.16253657407407404 0.043032265624999996 0.06559722222222222
3 0.3880497135416666 0.14687460648148148 0.04632546875 0.06485078703703703
4 0.2783802083333333 0.30320694444444446 0.04673854166666667 0.16326574074074074
2 0.38620625 0.2274050925925926 0.052478125 0.08746388888888888
3 0.3870261302083333 0.2827989629629629 0.057397739583333336 0.08454837037037037
3 0.3804664453125 0.4300291666666667 0.07379731770833334 0.2653064814814815
1 0.4333544270833334 0.32871759259259264 0.050018229166666664 0.11807592592592593
1 0.4907314375 0.30758009259259256 0.061455583333333334 0.10495648148148147
3 0.48460286458333335 0.39067037037037033 0.0639578125 0.15451851851851853
3 0.6219479166666666 0.2332361111111111 0.048378125 0.08163333333333334
5 0.6473671875 0.12099120370370371 0.028698958333333333 0.03790092592592593
3 0.6219478411458332 0.12171990740740739 0.04181859895833333 0.06268240740740741
5 0.6662263020833332 0.15962083333333332 0.038539062500000006 0.03935833333333333
1 0.7822901692708334 0.2745605833333334 0.06567408854166666 0.1876045
3 0.2648505208333333 0.5459180555555555 0.098396875 0.14723055555555553
5 0.15651822916666666 0.4656648148148148 0.05713541666666667 0.11015740740740741
1 0.15209219791666667 0.3526467962962963 0.053111437500000004 0.09012907407407407
3 0.3343614270833334 0.33190260185185183 0.06035416666666667 0.16595185185185185
1 0.5727669270833332 0.10177013425925925 0.039200520833333335 0.06415973148148148
3 0.7305034036458334 0.1709070787037037 0.051023401041666666 0.07632743518518519
3 0.8988733567708334 0.6008583888888889 0.14002152604166668 0.32331851851851856
