2 0.15456458333333334 0.3651606481481482 0.056578125 0.0714287037037037
1 0.05739791666666667 0.4234694444444444 0.054117708333333334 0.09475185185185185
2 0.0848671875 0.5867342592592593 0.06641770833333334 0.14431481481481484
2 0.15907421875 0.5313412037037036 0.06067760416666667 0.14723055555555553
3 0.26321051562500003 0.589650175925926 0.09511686458333334 0.16763853703703704
3 0.35459028125000003 0.1334739259259259 0.02970047916666667 0.05677085185185185
3 0.3872093385416667 0.14941666666666667 0.04673854166666667 0.05976666666666667
3 0.4425149088541666 0.12723990277777777 0.042099609375 0.0575771574074074
3 0.292131984375 0.349125 0.06112230208333334 0.22011666666666665
3 0.3345481953125 0.25072895370370374 0.04427860937500001 0.08163283333333334
3 0.38046640625 0.23177824074074072 0.0491984375 0.09621018518518518
3 0.5229881093750001 0.16482300925925925 0.03671183333333334 0.0641592962962963
3 0.3829263020833333 0.27551018518518516 0.045918229166666664 0.06997037037037036
1 0.43581450520833337 0.33746344907407405 0.053298104166666666 0.11516013888888889
1 0.49116249999999995 0.31049537037037034 0.060678125 0.11078703703703704
1 0.7731689895833334 0.2711886666666667 0.05529365625 0.1632648148148148
3 0.7346940104166666 0.16618055555555555 0.0409984375 0.07580185185185186
5 0.67114609375 0.15962083333333332 0.050018229166666664 0.04810462962962963
3 0.6574877734375001 0.11896729166666667 0.03582138020833334 0.04194875
1 0.6227880625 0.12234654629629631 0.044122812500000004 0.06559814814814816
3 0.6988141067708333 0.1280326898148148 0.031556338541666666 0.06722417592592592
1 0.7096848958333333 0.21469188425925925 0.05821770833333333 0.1484103240740741
3 0.6153880208333332 0.23032083333333334 0.0713375 0.08746388888888888
1 0.5837547526041666 0.10058333333333333 0.040869921875 0.06122407407407408
3 0.07202239583333334 0.48640925925925926 0.06196354166666666 0.12875555555555557
1 0.33974010416666667 0.16261064814814816 0.039822916666666666 0.07079722222222222
1 0.37209635416666664 0.11670370370370371 0.024889583333333333 0.06084074074074074
1 0.7529037083333334 0.1581861111111111 0.03608970833333334 0.06415925925925926
