1 0.10741614583333334 0.37740302314814816 0.052478125 0.11961291666666667
5 0.15907421875 0.46453819907407407 0.04427864583333333 0.10218082407407407
2 0.08773697916666666 0.5670555555555556 0.07707708333333334 0.1428574074074074
3 0.19146310677083334 0.6355685185185185 0.07625711979166666 0.13411111111111113
1 0.3050291666666667 0.17643805092592593 0.031159375 0.07853982407407407
1 0.3422796770833333 0.15908721296296296 0.035258854166666666 0.06374964814814815
3 0.3801852890625 0.1458903240740741 0.033600661458333334 0.06390453703703704
3 0.439941453125 0.12450023148148148 0.03977970833333333 0.060947370370370374
4 0.27756015624999997 0.30458047222222223 0.0450984375 0.1605186851851852
3 0.32552864583333335 0.2507287037037037 0.04263854166666667 0.09329444444444444
3 0.45754374999999997 0.19096203703703704 0.05083854166666667 0.07871666666666666
3 0.5223216145833334 0.16836712962962963 0.0409984375 0.05685092592592593
3 0.331678125 0.33892129629629625 0.04181875 0.12973703703703704
3 0.3857963541666667 0.2855694768518519 0.05329791666666666 0.0790073425925926
3 0.51166171875 0.22303194444444444 0.0491984375 0.07288611111111111
3 0.3837463541666667 0.43294575462962964 0.07871770833333333 0.2593106759259259
1 0.4343780989583334 0.3347661157407407 0.04633130208333334 0.10014739814814815
5 0.4858325520833333 0.3083092592592592 0.050018229166666664 0.06559814814814816
3 0.5292911197916667 0.27405244907407406 0.05165828125 0.10495621296296297
3 0.5747995026041667 0.26239087499999997 0.06231766145833333 0.0816330648148148
3 0.62071796875 0.23396486111111112 0.0491984375 0.07725916666666666
3 0.48501273437500003 0.39067037037037033 0.06477765625 0.15451851851851853
3 0.6235877604166666 0.12317777777777776 0.0450984375 0.06559814814814816
5 0.6461369791666666 0.12099109722222223 0.027879166666666667 0.03206965740740741
5 0.6744260416666666 0.15743425925925925 0.048378125 0.04081666666666667
3 0.7069316145833333 0.21819165740740742 0.0538846875 0.13881535185185184
3 0.7363338541666666 0.16989610648148148 0.04263854166666667 0.06545593518518518
1 0.7595088723958333 0.16690972222222225 0.036568536458333335 0.045189814814814815
1 0.7826222395833332 0.279875287037037 0.06814823958333333 0.18143198148148149
2 0.38485092447916663 0.22196006944444446 0.05644919270833334 0.10389652777777779
1 0.483471125 0.17886658796296295 0.042502854166666666 0.07910271296296296
1 0.3080059895833333 0.1382744814814815 0.0348453125 0.06858437037037036
3 0.9072179583333334 0.5525444537037038 0.13440258333333333 0.2909296111111111
