3 0.1566145052083333 0.35422760185185187 0.05247828125 0.0845485
1 0.10331640625 0.38527140277777777 0.045918229166666664 0.10959860185185186
5 0.15415468750000003 0.46526691666666664 0.052478125 0.08074842592592592
1 0.09224661458333333 0.5728865740740742 0.07789739583333333 0.14868796296296297
3 0.19146319791666666 0.6333818657407408 0.07461735416666666 0.1326529351851852
3 0.304209375 0.17419861111111112 0.03279895833333333 0.080175
1 0.3431578125 0.16180740740740743 0.03853854166666667 0.06705555555555556
3 0.38005651041666666 0.14443245370370372 0.035258854166666666 0.06762596296296296
3 0.440746984375 0.12388066666666667 0.038168645833333334 0.06268240740740741
4 0.2763302083333333 0.30539351851851854 0.04591875 0.1676388888888889
3 0.32470859375 0.25 0.04427864583333333 0.09183703703703704
2 0.388733828125 0.22533329166666666 0.053589260416666666 0.09175276851851852
3 0.45672369791666667 0.1946064814814815 0.0491984375 0.07725925925925926
3 0.5227315104166667 0.169825 0.041818229166666665 0.06268148148148148
3 0.3288083359375 0.341837037037037 0.042638536458333334 0.1355685185185185
3 0.3845661458333334 0.28352777777777777 0.052478125 0.08600555555555556
3 0.38497642968749995 0.4307582222222222 0.08117734895833334 0.2551016296296297
5 0.48337291666666665 0.30758009259259256 0.051658333333333334 0.06413981481481482
3 0.5333908854166667 0.27915450462962965 0.05493802083333333 0.08600580555555555
3 0.5768494791666667 0.25655972222222223 0.056578125 0.0816324074074074
3 0.6223578125000001 0.23469398148148146 0.04591875 0.07871759259259259
3 0.48431409895833333 0.39212843981481477 0.06617492708333333 0.15160317592592593
3 0.6215380208333333 0.12099135648148147 0.04263854166666667 0.06122469444444444
5 0.6469942057291667 0.12136488425925926 0.029525598958333333 0.03493756481481482
5 0.6744260416666666 0.15889212962962962 0.04673854166666667 0.04664722222222222
3 0.7068306536458333 0.21956821296296297 0.05414984895833333 0.13870724074074076
1 0.7615879140625 0.16545202314814814 0.037388328125 0.04810521296296296
5 0.4357565338541667 0.3390557083333333 0.044259848958333334 0.08583673148148148
1 0.4834709739583333 0.1776858564814815 0.043830968750000004 0.07674125
1 0.30520598958333334 0.1388272592592593 0.032978645833333334 0.06968992592592592
3 0.7354810807291667 0.16814162037037036 0.04604513020833333 0.06415935185185186
1 0.7830821953125001 0.28097325925925926 0.06657897395833333 0.17920392592592593
3 0.9062846354166666 0.5503319444444444 0.13378072916666667 0.2931416666666667
