1 0.10782604166666668 0.3884841712962963 0.043458333333333314 0.10058350925925928
5 0.15538437500000002 0.4660094722222222 0.04837812499999998 0.09367846296296305
2 0.09224661458333333 0.5699708333333333 0.07789739583333333 0.16618055555555547
3 0.191053125 0.6311953703703704 0.07543749999999999 0.13702592592592588
3 0.30404059895833335 0.1737161574074074 0.03313651041666669 0.07530842592592596
1 0.34315781250000005 0.16035 0.03361875000000006 0.06122407407407409
3 0.37841640625000006 0.14647603703703704 0.035258854166666666 0.06413981481481482
3 0.43992884374999996 0.12447441666666666 0.039358333333333384 0.058683351851851855
4 0.2775600651041667 0.30466481481481483 0.04673820312500002 0.1690962962962963
3 0.32429843750000004 0.24854212962962963 0.04345833333333342 0.08892129629629629
2 0.3884120364583333 0.22803173148148148 0.05165812499999998 0.08163333333333332
3 0.45672369791666667 0.1946064814814815 0.05083802083333335 0.07434444444444442
3 0.5219114583333333 0.16618101851851852 0.04181874999999995 0.0641398148148148
3 0.33085833333333337 0.33892129629629625 0.041818750000000016 0.12973703703703707
3 0.3882778958333333 0.2856598333333333 0.05552575000000003 0.08163240740740736
3 0.5141218750000001 0.22157453703703703 0.0524781249999999 0.06997129629629634
3 0.38579639062500004 0.4300289907407407 0.0811770833333334 0.250728537037037
1 0.4362244791666666 0.3352773148148148 0.0475583333333334 0.10495648148148148
5 0.4825528645833333 0.30758009259259256 0.046738020833333255 0.06997129629629625
3 0.5354409739583335 0.2791546296296296 0.055757989583333396 0.09475185185185185
3 0.5772596354166667 0.2558310185185185 0.059038020833333364 0.08017499999999997
3 0.6227679687500001 0.23688009259259263 0.05001822916666671 0.08017500000000005
3 0.48516207812499995 0.39067037037037033 0.0661185520833333 0.15160370370370368
3 0.6244077552083332 0.12099120370370371 0.0467384270833333 0.06705462962962962
5 0.6477770833333333 0.12099120370370371 0.029518750000000083 0.03206944444444446
5 0.6744260416666668 0.15670555555555554 0.05165833333333344 0.04227407407407408
3 0.7084549479166669 0.21956821296296297 0.05083802083333318 0.13870724074074073
3 0.7346459244791668 0.169825 0.044374817708333465 0.06851296296296294
1 0.7621901119791665 0.16690957407407406 0.038484203124999894 0.048104870370370346
3 0.15893230729166669 0.3590846203703703 0.058744822916666654 0.10586594444444444
1 0.48347097395833327 0.17945711111111115 0.04383096874999997 0.08264503703703707
1 0.3073837656249999 0.1388275833333333 0.03484496874999999 0.06747816666666667
1 0.7824599609375 0.28097325925925926 0.06533450520833337 0.17920392592592596
3 0.9072179583333334 0.5530974074074074 0.13440258333333333 0.28761074074074067
