1 0.10495625 0.3930991296296296 0.04263854166666667 0.09664174074074074
2 0.09388671875 0.5889212962962963 0.06969739583333333 0.12244814814814815
3 0.193513125 0.6362976018518518 0.0705175 0.1326526111111111
1 0.3712364479166667 0.11894344444444445 0.02909789583333333 0.06532051851851851
1 0.34602757552083335 0.16399398148148148 0.04427818229166667 0.06268240740740741
3 0.39030624999999997 0.1465013888888889 0.047558333333333334 0.05393611111111111
3 0.31691874999999997 0.24781296296296293 0.03853854166666667 0.09329444444444444
2 0.38825625 0.22376064814814814 0.051658333333333334 0.08892129629629629
3 0.38743619531249995 0.2835547824074074 0.05985781770833333 0.08309032407407407
3 0.3829263020833333 0.43294444444444447 0.06887760416666668 0.25364444444444445
1 0.43704453125 0.32288657407407406 0.055757812500000004 0.12973796296296294
3 0.4928043020833333 0.30685138888888885 0.05248152083333334 0.10058240740740741
3 0.48460286458333335 0.38921249999999996 0.06887760416666668 0.14868796296296297
3 0.7957817708333333 0.19752222222222224 0.036898958333333336 0.05976666666666667
5 0.6736059895833334 0.15962083333333332 0.04837864583333333 0.03935833333333333
5 0.6459778723958334 0.12209358796296296 0.03147758854166667 0.036394972222222224
3 0.6236862161458333 0.1202625 0.043654723958333336 0.06268240740740741
5 0.15933463541666668 0.4663805555555555 0.057940104166666666 0.11445
3 0.33951529947916664 0.3286603518518519 0.053446484375 0.15887833333333334
4 0.40009687499999996 0.1111726851851852 0.028622916666666668 0.04535462962962963
1 0.5730780338541666 0.10176981481481483 0.03982309895833334 0.06637148148148149
1 0.7146362552083333 0.21349549999999998 0.06408998958333333 0.15044233333333334
