2 0.16512630208333334 0.3565152777777777 0.0634151041666667 0.10102500000000003
3 0.06712109375 0.5121631435185185 0.06176822916666666 0.14877813888888888
3 0.12353589583333333 0.6632502314814814 0.09553445833333334 0.19326527777777766
3 0.2804264270833333 0.5629575416666668 0.1128294270833333 0.1654465648148149
3 0.31089843749999996 0.17642777777777777 0.042002083333333336 0.0746703703703704
3 0.3504302083333333 0.15519766203703703 0.042002083333333336 0.07320643518518516
2 0.38666744791666663 0.14787685185185187 0.043649479166666616 0.055637037037037054
3 0.29442726822916665 0.3451459166666666 0.05682671354166671 0.25105294444444437
3 0.33601770833333333 0.2532943657407407 0.05106145833333334 0.07906280555555556
2 0.4632593749999999 0.1918009259259259 0.06012083333333328 0.09077592592592591
1 0.5180270260416667 0.15666203703703704 0.04941446874999998 0.08784814814814815
3 0.38872613281249996 0.28468640277777774 0.05106164062499996 0.08328206481481477
1 0.44835417447916665 0.3191800925925925 0.07148855729166671 0.13177129629629622
2 0.5785596354166667 0.25402622222222215 0.07494531249999987 0.09809688888888889
2 0.5217331614583334 0.379209375 0.08153367708333328 0.1551976574074074
1 0.5826776041666667 0.10395324074074076 0.03706041666666664 0.05856574074074073
5 0.6473278645833334 0.12225462962962963 0.03459010416666667 0.03660370370370369
1 0.6716234374999999 0.14714490740740743 0.051885416666666725 0.0688138888888889
1 0.7107429687500001 0.2144949074074074 0.05929739583333339 0.13909166666666664
2 0.7515098958333333 0.15812592592592595 0.03376666666666684 0.07320555555555554
2 0.7663341666666666 0.2679355138888889 0.05682645833333334 0.1727673240740741
1 0.8021596354166667 0.20351412037037037 0.0477671875000001 0.07320601851851846
1 0.8206901041666669 0.19619305555555555 0.028825000000000146 0.06149351851851853
1 0.19997308593750004 0.614449037037037 0.10863716145833337 0.2103000740740741
1 0.0832885625 0.5786837268518519 0.06035420833333333 0.14163069444444454
1 0.4844096015624999 0.3036503194444444 0.044178713541666664 0.10508825000000002
1 0.5332551015625 0.26327417592592595 0.06844604687500003 0.0995572037037037
3 0.33227317708333337 0.30973448148148147 0.05351197916666658 0.11283192592592592
2 0.4824302630208333 0.16452070833333335 0.034603015624999976 0.07439191666666665
1 0.44541296875 0.12017169444444446 0.04586885416666663 0.06866957407407408
3 0.3186695859375 0.13519351851851852 0.03218895312500004 0.06437777777777778
2 0.7361034947916667 0.1714601064814815 0.043556552083333484 0.07743349074074075
