2 0.162940625 0.35768240740740737 0.06234270833333333 0.11083148148148148
2 0.14027073697916667 0.5232998703703704 0.065176234375 0.14987381481481482
2 0.21076041666666664 0.45843826851851854 0.061634375 0.17884135185185185
1 0.442065625 0.11712850925925926 0.04108958333333333 0.07304775925925926
1 0.2950644192708333 0.34005025 0.060216994791666666 0.2267005
1 0.33650833333333335 0.25629722222222223 0.056675 0.07178888888888889
3 0.38648203906249995 0.28382369444444444 0.054607828125 0.07394553703703705
1 0.5146804687500001 0.22229212962962963 0.05171614583333333 0.0894212962962963
1 0.4888224947916667 0.30289675925925924 0.06092584375 0.10705277777777779
1 0.53699609375 0.27392916666666667 0.059508854166666666 0.09445833333333334
1 0.5547072578125001 0.34886662037037036 0.08501243229166668 0.1385387962962963
1 0.58198203125 0.10327453703703703 0.0389640625 0.06045277777777778
1 0.6251966145833332 0.12342592592592594 0.0531328125 0.06549074074074074
5 0.6471583880208335 0.12090694444444444 0.029045942708333335 0.035263888888888886
1 0.7495276041666666 0.16120909259259258 0.04108958333333333 0.07304781481481482
2 0.7661760130208334 0.2688916666666667 0.055966609375 0.18513888888888888
2 0.58023375 0.25387167592592597 0.06657895833333333 0.10066372222222222
1 0.38304723697916665 0.2217453611111111 0.05633052604166667 0.08869816666666668
1 0.6670355104166668 0.1415931435185185 0.038578312499999996 0.07743408333333333
1 0.5387608307291667 0.08512153240740741 0.03782208854166667 0.05865508333333334
