2 0.15798177083333334 0.37342569444444446 0.06801041666666667 0.0843828703703704
1 0.105557390625 0.3828712962962963 0.04534021875000001 0.09823703703703698
3 0.0722608046875 0.47252746759259256 0.063759640625 0.13649012037037034
3 0.14452161458333332 0.451511337962963 0.06659322916666664 0.12216625
1 0.21040619010416664 0.4615869722222222 0.07084386979166668 0.17506283333333333
3 0.26930435416666665 0.5724182361111111 0.09229258333333332 0.17254387962962964
3 0.31171302083333335 0.17695185185185186 0.042506249999999926 0.07682592592592591
3 0.3474888020833333 0.15491203703703704 0.03896406249999996 0.07556666666666667
2 0.3868072916666667 0.14357685185185187 0.04392291666666672 0.06297222222222221
3 0.44489921875 0.12279583333333333 0.043923437500000044 0.06675092592592592
1 0.29577301302083325 0.3438287037037036 0.0616341822916666 0.22921851851851852
1 0.32942373697916666 0.243073125 0.045340182291666704 0.10075550925925922
1 0.4998031249999999 0.1706550925925926 0.06163437500000004 0.07178796296296297
1 0.52176484375 0.15743055555555557 0.04746510416666669 0.08564259259259259
2 0.33969611197916666 0.3091939814814815 0.053132776041666635 0.10201574074074071
3 0.3712216145833333 0.2707805555555555 0.036839062500000054 0.08564259259259256
1 0.38539034635416675 0.4376574074074075 0.08217868229166671 0.303525925925926
3 0.4491497395833334 0.3287152777777778 0.07226093749999993 0.10579351851851847
1 0.4905936171875 0.30541574074074074 0.041797651041666724 0.1045333333333334
1 0.5384130208333333 0.2657429537037037 0.06517604166666663 0.10327479629629632
2 0.5199937499999999 0.38035275462962964 0.08642916666666658 0.1637277314814814
1 0.5802109375000001 0.10327453703703703 0.035421874999999874 0.060452777777777765
1 0.6205919270833334 0.12153657407407407 0.04250677083333336 0.06675092592592594
5 0.6471583333333333 0.12216666666666666 0.03046250000000015 0.03778333333333333
2 0.7102093749999999 0.21914351851851852 0.06446770833333346 0.14861481481481484
1 0.7541325520833333 0.1593199074074074 0.03187968750000003 0.07430648148148151
1 0.7977015625 0.20277087500000004 0.04675729166666673 0.07052878703703704
1 0.08369114583333334 0.5793992083333332 0.04989270833333335 0.14306137962962956
2 0.5608906484375 0.3519314490740741 0.08047192187500005 0.1373388240740741
1 0.5733638020833334 0.25250374074074083 0.06840156250000007 0.10157400000000004
1 0.7685085572916664 0.26323337500000005 0.059549406249999846 0.1888408240740741
