2 0.16506614583333334 0.3683875 0.07226041666666667 0.09445833333333332
1 0.10661999479166667 0.3891685185185185 0.04604855208333335 0.0881611111111111
3 0.07190651041666667 0.47252746759259256 0.06446822916666667 0.13649012037037034
3 0.14239609374999998 0.4489925925925925 0.06517656249999997 0.1246851851851852
1 0.09068008333333336 0.576826375 0.06517629166666666 0.13350089814814806
3 0.2665359687500001 0.5623426805555556 0.0881726979166667 0.19017610185185188
3 0.31135885416666664 0.1756925925925926 0.04179791666666664 0.07934444444444443
2 0.3499684895833334 0.15869038425925927 0.03967239583333336 0.0730474351851852
2 0.3860989583333333 0.14609556018518519 0.04250624999999998 0.06297260185185183
3 0.44277395833333333 0.12531481481481482 0.0382552083333333 0.06423148148148149
1 0.29577291666666666 0.3413101851851852 0.06305104166666667 0.2241814814814815
2 0.3368624999999999 0.2437027777777778 0.057383333333333356 0.09193888888888888
2 0.3868072916666667 0.22040324074074075 0.05809166666666664 0.10327500000000003
1 0.49944895833333336 0.17191435185185186 0.0609260416666667 0.06926944444444445
1 0.5231817708333335 0.1593199074074074 0.04746562500000007 0.07430648148148151
2 0.3414674479166667 0.3091939814814815 0.05950885416666664 0.09949537037037036
3 0.3935375 0.2846347222222222 0.05879999999999998 0.08564166666666662
2 0.37936875000000003 0.428211574074074 0.06305104166666667 0.30982314814814815
3 0.4491497395833334 0.33471847222222223 0.07226093749999993 0.10268694444444451
1 0.48881468749999996 0.3041564814814815 0.0453241666666667 0.10201481481481481
1 0.5391216145833333 0.26952129629629634 0.05950885416666664 0.11586851851851852
2 0.5741890625 0.2531486111111111 0.07013541666666659 0.10075648148148146
1 0.6046520833333333 0.23047870370370374 0.07438645833333339 0.10831296296296294
2 0.5189310989583333 0.382242013888889 0.08572113541666676 0.15743032407407406
2 0.56072890625 0.3513851851851852 0.08147031250000006 0.13602037037037026
1 0.5805651041666666 0.10201481481481484 0.0347135416666666 0.06045370370370371
1 0.6198833333333333 0.12342592592592594 0.042506249999999926 0.06549074074074074
5 0.6475124999999999 0.1227962962962963 0.02833749999999995 0.03652407407407407
2 0.7105635416666668 0.21914398148148148 0.06375937500000006 0.14357685185185184
1 0.7654677083333332 0.2663729629629629 0.05738333333333342 0.18765740740740738
1 0.07041328125 0.40700985648148147 0.047478645833333326 0.09012843518518524
1 0.5083655885416667 0.2228981666666667 0.03982298958333329 0.08960188888888888
