1 0.1659244791666667 0.35105138888888887 0.05322708333333332 0.09929907407407401
3 0.1442390625 0.41179861111111105 0.06111250000000001 0.150700925925926
2 0.14555338541666665 0.5268691249999998 0.0808265625 0.14252343518518515
2 0.21093742187500003 0.456775462962963 0.059141510416666626 0.17990648148148156
1 0.11401144531250001 0.6717289814814815 0.0913406510416667 0.19626166666666653
2 0.20962317708333333 0.6214953240740742 0.09331197916666666 0.19158879629629638
2 0.2833312604166667 0.5478973935185185 0.10930314583333335 0.2102799722222221
2 0.3101635416666666 0.1752337962962963 0.04074166666666669 0.0771027777777778
3 0.3482768229166667 0.1588787037037037 0.036799479166666656 0.07242962962962965
3 0.44061164062499997 0.1250000277777778 0.036158697916666684 0.058411166666666674
1 0.29669246614583333 0.3452102638888889 0.06242698437500008 0.23481312037037042
1 0.332834375 0.24824768518518514 0.05454166666666668 0.09462685185185185
3 0.46393096875 0.19275700462962964 0.06308389583333328 0.0841121574074074
1 0.49514453125 0.17056064814814811 0.05979843750000005 0.08644907407407411
2 0.52964375 0.16296759259259258 0.04599895833333338 0.07359814814814813
3 0.38753301822916675 0.2737158240740741 0.057483744791666604 0.09416127777777776
1 0.5099299479166667 0.22429903703703707 0.0420557291666667 0.08878511111111115
1 0.4350174453125 0.3204294074074074 0.055198442708333316 0.12684029629629637
2 0.5349007812500001 0.27336435185185187 0.06439843749999999 0.11214907407407403
2 0.5777911406250001 0.2540888888888888 0.06667188541666663 0.1016351851851852
1 0.4539035546875 0.4976635509259259 0.09165641145833335 0.30607476851851845
1 0.5802424479166668 0.10163564814814814 0.036799479166666656 0.06308425925925926
1 0.62295546875 0.12207962962962964 0.04731302083333352 0.06658888888888889
5 0.64694071875 0.12149537037037038 0.028256770833333413 0.037383333333333345
1 0.6745401041666667 0.14427546296296295 0.0545416666666668 0.07593425925925924
1 0.7395955729166666 0.17640185185185187 0.044027604166666734 0.05140185185185186
2 0.7662089869791667 0.27336435185185187 0.057827348958333503 0.1799064814814815
1 0.8007083333333331 0.2038550925925926 0.0361416666666667 0.07593425925925924
1 0.1058208046875 0.38054386111111116 0.03943130729166667 0.10586598148148153
