1 0.1640035625 0.3589421712962963 0.06305120833333332 0.09571767592592598
1 0.06942708333333333 0.41120923611111104 0.05525833333333332 0.10201476851851853
1 0.14593828125 0.512594587962963 0.0694265625 0.16624658333333334
4 0.1168921875 0.6479849537037037 0.07084375000000004 0.21032731481481481
3 0.2738113776041667 0.5585640694444446 0.08572099479166664 0.20025221296296294
1 0.2954188463541667 0.34256905092592593 0.06092584895833332 0.22921958333333334
1 0.33615416666666664 0.25188923611111114 0.055966666666666734 0.08060439814814813
1 0.33402863541666666 0.3154912222222223 0.04888227083333329 0.09445837037037043
3 0.386453125 0.28400499537037044 0.05454999999999994 0.07934517592592592
3 0.4410028645833333 0.3476069768518518 0.0644682291666666 0.09319913888888885
1 0.4895309140625 0.29911843518518516 0.059508703125 0.09949612962962959
1 0.5369962526041668 0.27204036574074064 0.0623425052083333 0.1083122129629629
3 0.4707572916666667 0.5176319444444445 0.12114270833333331 0.329975
1 0.5114925442708332 0.3768833148148148 0.1020149114583333 0.16182707407407407
1 0.5809192708333335 0.1032745601851852 0.036838541666666794 0.057934509259259276
1 0.6223630208333334 0.12279583333333333 0.04604895833333321 0.06675092592592592
1 0.7502361979166667 0.16057962962962968 0.04108906250000004 0.07430740740740742
2 0.7668844010416667 0.27204028703703703 0.055966718749999936 0.18136016666666666
5 0.6478669270833333 0.11901759259259258 0.03187968750000015 0.03400555555555555
2 0.20882503125000001 0.45922762500000003 0.06035422916666668 0.1773966018518518
2 0.5765003177083334 0.25276542592592594 0.06906811458333344 0.10066359259259261
1 0.5217436380208333 0.16095132870370368 0.047912057291666636 0.07411504629629627
1 0.6673466145833336 0.14269953703703703 0.04044531249999998 0.0752212962962963
