2 0.1650658854166667 0.3709066203703704 0.0736776041666667 0.08690212962962965
1 0.10555729166666668 0.3879091712962963 0.04533958333333334 0.0906798055555555
3 0.14345859375 0.4408061064814814 0.06588489583333333 0.10831221296296296
1 0.14345885416666665 0.5239295972222222 0.05596666666666668 0.16372771296296298
1 0.21076041666666664 0.4609569444444445 0.07155208333333336 0.17884166666666676
1 0.08501249999999999 0.5793452685185184 0.05525833333333332 0.13853868518518533
3 0.26608546875 0.5642315694444444 0.08585481250000004 0.18639832407407406
3 0.31171302083333335 0.17443326388888888 0.042506249999999926 0.07430726851851856
3 0.34607213541666665 0.15302288425925925 0.03896406249999996 0.07430687962962962
2 0.38822421874999996 0.14357685185185187 0.039672395833333415 0.06297222222222221
3 0.4424236848958333 0.12405555555555557 0.038972369791666614 0.06423148148148149
1 0.2961272057291667 0.3413097222222222 0.062342567708333324 0.22670092592592594
2 0.3336744166666667 0.24685145833333336 0.04817383333333337 0.09571773148148152
1 0.5005845833333333 0.17254398148148148 0.06036291666666666 0.0730472222222222
2 0.3365080625 0.3104532407407407 0.043923416666666645 0.09445833333333332
3 0.37263844791666667 0.2720402777777778 0.03967272916666668 0.08816203703703704
1 0.3836193567708334 0.433249537037037 0.08288732812500002 0.3098231481481482
3 0.44985807291666663 0.33249391666666667 0.07367760416666667 0.1083119074074074
1 0.4866970520833333 0.3047861111111111 0.036838895833333336 0.10327407407407407
1 0.5373505208333333 0.273299537037037 0.0644677083333334 0.10831203703703707
1 0.47607051302083325 0.5314861111111111 0.14310456770833332 0.35516296296296296
2 0.56072890625 0.35138560185185186 0.08147031250000006 0.13350083333333346
1 0.5823361979166665 0.10390416666666666 0.038255729166666794 0.059193518518518506
1 0.6220088541666667 0.12342546296296296 0.04675729166666673 0.06801018518518516
5 0.6475125 0.12090648148148149 0.029754166666666748 0.03778333333333333
2 0.710209375 0.2210328703703704 0.06588437500000002 0.14735462962962967
1 0.752715625 0.1618388888888889 0.02904583333333347 0.08438333333333332
1 0.7962846354166666 0.20654907407407405 0.0453401041666666 0.07556666666666666
3 0.07322953385416667 0.4749642361111111 0.06115864062499999 0.128755361111111
1 0.5753755520833332 0.2532188194444444 0.07725318749999997 0.10014319444444442
1 0.6054342682291666 0.22676990277777778 0.07217938020833319 0.1106194537037037
3 0.46553124999999995 0.1895564814814815 0.06357291666666663 0.08440555555555557
1 0.5236104166666667 0.15818587037037038 0.05413437499999999 0.08407085185185188
1 0.7361034166666668 0.1698008472222222 0.042311916666666484 0.0741149722222222
