2 0.1649022734375 0.36319231944444447 0.05863191145833333 0.08794760185185185
2 0.12413473958333335 0.6677523009259259 0.09252843749999999 0.20521200925925928
2 0.20521171874999997 0.6237783935185185 0.08977968750000001 0.18892530555555556
3 0.3101080729166667 0.17670972222222223 0.0430578125 0.07654722222222222
2 0.3490432291666667 0.16042355555555557 0.038477083333333335 0.0732897037037037
2 0.38614609375000003 0.14739398148148147 0.0430578125 0.0635175925925926
3 0.44386171875 0.12459305555555554 0.0430578125 0.0635175925925926
1 0.335759375 0.26221488888888894 0.05405104166666667 0.07491837037037037
1 0.52081640625 0.16123796296296297 0.03939322916666667 0.07817592592592593
1 0.33575937499999997 0.31270370370370365 0.06138020833333333 0.10423518518518518
3 0.3852299479166667 0.2866449074074074 0.05588385416666666 0.09120462962962964
2 0.38614609375 0.4201955324074075 0.08153489583333333 0.2866447685185185
1 0.48508749999999995 0.30456003703703705 0.04855416666666667 0.1074922962962963
2 0.57532578125 0.253257462962963 0.06962552083333334 0.09934825925925926
1 0.6220479166666666 0.12296435185185185 0.047638541666666666 0.066775
5 0.6490736979166667 0.12296388888888887 0.030231770833333334 0.040716666666666665
1 0.6696864583333333 0.14820833333333333 0.047638541666666666 0.0684037037037037
1 0.7067894635416666 0.21579814814814816 0.05221898958333333 0.14495185185185186
2 0.7658794895833334 0.2662865740740741 0.05863189583333333 0.18403981481481482
1 0.8171824453125001 0.1938111111111111 0.027483640625000003 0.0684037037037037
2 0.5221906145833333 0.38029310185185183 0.08245102083333333 0.15472324074074073
1 0.5809192708333334 0.10327453703703703 0.03683854166666667 0.06045277777777778
1 0.07926510416666667 0.5736766342592592 0.05874479166666667 0.14592265740740742
3 0.4695548489583334 0.5178827361111111 0.12634094791666667 0.32904139814814815
1 0.5145878802083333 0.22179218981481483 0.04977888541666667 0.08738969444444444
3 0.2820546171875 0.3404862777777778 0.045868890625 0.22031448148148147
1 0.7401479661458333 0.18362825 0.04168968229166667 0.0530972037037037
