2 0.16123776041666668 0.3583060185185185 0.05679947916666667 0.09771944444444447
3 0.06687708333333334 0.5040717592592593 0.06046458333333333 0.12866388888888894
3 0.13100574739583332 0.6563519583333334 0.09344471354166668 0.2052113981481482
3 0.2743791875 0.5667751064814814 0.10352187499999997 0.1563520648148148
3 0.3156046875 0.13517916666666666 0.033896875 0.06188981481481481
3 0.31102421875 0.17670972222222223 0.04489010416666659 0.07654722222222218
1 0.3467528125 0.16042355555555557 0.03572874999999994 0.07328970370370369
2 0.38339765624999994 0.14983703703703705 0.041225520833333286 0.06188888888888887
3 0.44386171875 0.12459305555555554 0.04305781249999991 0.06351759259259263
2 0.38614609375 0.21905556018518516 0.0540515625 0.09934815740740735
2 0.45897812499999996 0.19136805555555556 0.05313541666666666 0.08631944444444443
1 0.5052424479166666 0.21905560185185186 0.03756093749999992 0.09283342592592594
1 0.334843203125 0.3078174444444445 0.059547968749999985 0.10097748148148142
3 0.3852299479166667 0.28583055555555553 0.05588385416666668 0.08631851851851856
3 0.3879783619791667 0.42671032870370373 0.0797026510416666 0.27687250925925916
3 0.43424270833333334 0.3428337962962963 0.04763854166666673 0.10260648148148142
1 0.48508749999999995 0.30944583333333336 0.05038645833333337 0.11726388888888893
2 0.6138028645833332 0.2369706805555556 0.062296354166666505 0.08957654629629633
1 0.46859739583333326 0.5114004629629629 0.1218447916666666 0.338762037037037
2 0.5226486979166667 0.382736175925926 0.07970260416666666 0.14657975925925923
1 0.5831127604166667 0.10423472222222223 0.0375609375000001 0.05863240740740742
1 0.6215899244791667 0.1221499675925926 0.04488994270833331 0.06840363888888885
5 0.6476994791666667 0.12214953703703701 0.031147916666666713 0.03583055555555556
1 0.6706026041666668 0.1490226851851852 0.049470833333333415 0.0700324074074074
2 0.7077056197916668 0.21661203703703708 0.0558835520833334 0.14657962962962967
1 0.7548859374999999 0.1628666666666667 0.034812499999999955 0.06514629629629633
1 0.7654214062500001 0.2703583333333333 0.06138031250000005 0.18566851851851854
2 0.8011502604166665 0.20195462962962962 0.04489010416666671 0.07166111111111112
1 0.8195376640625 0.19679594444444443 0.026697203124999902 0.06134374074074073
1 0.0804720390625 0.5765378935185187 0.05472116145833334 0.13733902777777776
1 0.21848166666666663 0.45135899074074076 0.07805812499999996 0.17310424074074066
2 0.5761892812500001 0.25276527777777774 0.06969002083333334 0.09845092592592593
3 0.2824569609375 0.3433476851851852 0.046673578124999913 0.2288990740740741
2 0.7398367864583333 0.18362845833333333 0.04231184375000012 0.04203567592592595
