1 0.11165409895833332 0.38646597222222223 0.05075194791666667 0.10225601851851851
2 0.14929505989583333 0.35714305555555553 0.039755744791666665 0.08571388888888888
2 0.21400382552083333 0.4556390972222222 0.071052765625 0.1804511203703704
2 0.12265026041666666 0.6691727037037037 0.0981203125 0.2135342962962963
2 0.20554511197916667 0.6233082175925926 0.093045109375 0.1909775462962963
3 0.31170130208333335 0.17518774999999998 0.0431390625 0.07669216666666667
3 0.3819080729166666 0.1421051388888889 0.03975572916666667 0.07067694444444445
1 0.4445018229166667 0.12330833333333334 0.04144739583333333 0.0631574074074074
1 0.2952067421875 0.33909779166666665 0.059210473958333336 0.23308262037037036
1 0.38529140625 0.21879719907407408 0.04990572916666667 0.10977402777777777
1 0.5798403645833333 0.1030074074074074 0.03637239583333333 0.061653703703703704
1 0.6229794270833333 0.12030058333333334 0.0482140625 0.0721807962962963
1 0.6724625 0.1503759259259259 0.05075208333333334 0.0631574074074074
1 0.33665419531249996 0.3120298888888889 0.060902140625 0.10375977777777777
3 0.38529114583333335 0.2849625 0.054981249999999995 0.08571388888888888
3 0.38782884895833336 0.42330833333333334 0.07866521875 0.2842111111111111
2 0.5282427083333333 0.2646615740740741 0.054981249999999995 0.1112787037037037
2 0.5218984375000001 0.3804510601851852 0.081203125 0.15338360185185185
2 0.5616539062499999 0.35714305555555553 0.07105260416666666 0.12180462962962964
2 0.7092574010416667 0.21578957870370372 0.05667269791666667 0.1428569351851852
1 0.7566260416666667 0.16090231481481482 0.036371875000000005 0.06917314814814814
2 0.7659303645833333 0.2721805555555556 0.0600565625 0.18947407407407407
1 0.7989190104166667 0.20451157407407408 0.04144739583333333 0.07518796296296297
1 0.8179510416666668 0.1954884259259259 0.023684374999999997 0.06917314814814814
3 0.26877685156250003 0.5565093287037037 0.090128703125 0.21745356481481481
1 0.07926511979166667 0.576537837962963 0.05713538541666666 0.14306136111111112
2 0.5758780833333332 0.2527655138888889 0.07031241666666667 0.10508843518518518
1 0.3371781015625 0.260371837962963 0.04828328645833333 0.06866928703703704
1 0.3481401432291666 0.15486720833333334 0.037956171875 0.07522113888888889
3 0.6521017526041667 0.11615059722222222 0.034845171875000004 0.04867287962962963
