1 0.16683697916666668 0.36523935185185186 0.05596666666666667 0.08060462962962962
1 0.10909947916666667 0.3803527777777777 0.045339583333333336 0.10327407407407407
1 0.07403177083333333 0.463476125 0.06021770833333333 0.12846336111111112
3 0.14275052083333334 0.44899231481481483 0.07013541666666666 0.10705314814814815
1 0.13637421875 0.5270779305555556 0.058800520833333335 0.16246882407407406
3 0.31065026041666666 0.17569271296296296 0.04038072916666667 0.07682616666666667
3 0.3481973958333333 0.15994974074074075 0.037546875 0.07304762962962963
3 0.4406484375 0.1234258287037037 0.035421875000000005 0.06297202777777777
1 0.29612717968749996 0.34634748148148153 0.062342515625000004 0.23929496296296296
3 0.46083906249999995 0.193325 0.057383333333333335 0.08942037037037037
2 0.3407587447916667 0.3123425925925926 0.04675707291666666 0.10075555555555556
2 0.3946 0.2865237037037037 0.06234270833333333 0.09194
3 0.4427739296875 0.3438287361111111 0.066593203125 0.10075562037037036
1 0.4891767447916667 0.3028967592592593 0.05313265625 0.10453425925925927
1 0.5366419270833334 0.26700231481481485 0.06163385416666667 0.10579351851851852
1 0.4526921536458333 0.5025189814814814 0.09068027604166667 0.2972287037037037
1 0.6227171874999999 0.12342592592592594 0.048173958333333336 0.06549074074074074
1 0.6730164062499999 0.14609583333333334 0.05384114583333333 0.07304722222222222
1 0.8005353802083334 0.20340046296296296 0.04817403125 0.07682685185185185
1 0.06799903125000001 0.40414900000000004 0.053916520833333335 0.10443533333333334
1 0.5608904296875 0.350500712962963 0.10944231770833333 0.1430615185185185
1 0.5783671015625 0.2544246851851852 0.06657933854166667 0.10398211111111111
1 0.4836372395833333 0.1702434212962963 0.0321890625 0.08297612037037037
5 0.6480571458333333 0.1200223101851852 0.02800075 0.034292416666666665
