2 0.16430260416666667 0.3557832314814815 0.06176770833333333 0.0995609074074074
3 0.06547395833333333 0.5121802453703704 0.06012083333333333 0.14588271296296296
1 0.1412427421875 0.4392385092592592 0.07823951562499999 0.14055664814814814
1 0.08647526041666667 0.579062962962963 0.0658859375 0.14787777777777777
1 0.21536420052083335 0.46120058333333336 0.08812225520833333 0.17569546296296298
3 0.12230041145833333 0.6647147037037037 0.09471063541666667 0.1932645925925926
3 0.28042630208333336 0.5680821944444444 0.11447656249999999 0.1581255
3 0.3127832526041667 0.13497433796296296 0.033291828125 0.06680132407407408
3 0.31089843749999996 0.17789166666666667 0.042002083333333336 0.07759814814814815
3 0.35084166666666666 0.1559298287037037 0.037884375 0.06588558333333333
2 0.38707890625 0.1471449074074074 0.04117864583333333 0.05710092592592592
3 0.290722734375 0.34371530092592595 0.05106526041666667 0.24819171296296297
3 0.3356057291666667 0.25549074074074074 0.05188541666666667 0.08345555555555556
3 0.38584358072916664 0.2810098935185185 0.05682674479166667 0.08178552777777778
1 0.4859077786458333 0.30307488425925927 0.051061526041666666 0.11420162037037038
2 0.5773242187500001 0.25549074074074074 0.07741614583333334 0.10688148148148148
2 0.5217330937500001 0.3806734259259259 0.0831806875 0.1493412962962963
1 0.5625 0.35212314814814816 0.07412187499999999 0.12152222222222223
2 0.46449479166666663 0.19180046296296296 0.059296875 0.08491944444444444
1 0.5822658854166666 0.10395304629629631 0.03623697916666667 0.058565351851851855
5 0.6481515625000001 0.12225462962962963 0.026354166666666668 0.0366037037037037
1 0.67285859375 0.14787685185185184 0.052708854166666666 0.07027777777777779
2 0.71033125 0.2166909861111111 0.05847395833333333 0.13762826851851853
2 0.7527453125 0.15739398148148148 0.0362375 0.0688138888888889
1 0.766745921875 0.2657393518518518 0.05765017708333333 0.1859435185185185
1 0.8029831223958334 0.20497800925925924 0.04776728645833333 0.07027824074074074
1 0.8211018229166667 0.19692546296296298 0.0280015625 0.06002870370370371
1 0.44614221354166667 0.3174778287037037 0.060979114583333334 0.12389371296296295
1 0.5329438229166666 0.2643805138888889 0.06657902083333334 0.09955749074074075
1 0.33507317708333334 0.3091814814814815 0.05537864583333333 0.10508888888888888
2 0.4824302630208333 0.1652359861111111 0.034603015625000004 0.07582247222222223
1 0.4442059192708333 0.12088703240740742 0.045064203125 0.06437778703703703
5 0.7407702994791666 0.1847343009259259 0.04293440104166667 0.04867213888888889
