3 0.123947625 0.6705712175925925 0.08976933333333334 0.20497762037037037
3 0.31172213541666666 0.1749632314814815 0.042002604166666666 0.07467090740740741
3 0.3426059895833333 0.15812592592592595 0.03459010416666666 0.07320555555555555
2 0.3870791666666667 0.1500730925925926 0.04611979166666667 0.06002951851851852
1 0.43896406250000003 0.12225509259259261 0.04941458333333334 0.0688138888888889
3 0.29072121093750003 0.3458945 0.05106174479166667 0.24669455555555556
3 0.33684114583333336 0.25475825462962964 0.05435625 0.07613502777777778
2 0.3895497395833333 0.2877011898148148 0.047767187499999995 0.0863838611111111
3 0.43252359114583333 0.3308931435185185 0.05959330729166667 0.12005850925925925
1 0.5386164062500001 0.27525648148148146 0.0642390625 0.1024888888888889
1 0.4698481770833333 0.5241578703703704 0.12271197916666667 0.32210833333333333
2 0.5620880208333333 0.35871157407407406 0.07988645833333334 0.12591574074074074
1 0.6217973958333333 0.12079027777777777 0.04447291666666667 0.0688138888888889
5 0.64856328125 0.12225462962962963 0.03211927083333333 0.0366037037037037
1 0.6728585989583333 0.14641296296296297 0.052708864583333334 0.06735
2 0.7119784010416667 0.21595925925925924 0.06341507291666666 0.1390925925925926
2 0.7539807291666666 0.1595902777777778 0.027178125 0.07613425925925925
2 0.7618044270833334 0.2628111111111111 0.0494140625 0.18008703703703705
1 0.8001007812500001 0.2049781296296296 0.045296354166666664 0.07320625925925926
1 0.15410395052083334 0.35765360185185185 0.053916057291666666 0.1030039074074074
1 0.5786781197916667 0.25110613425925926 0.06844584375 0.10398217592592592
2 0.7348589843750001 0.17035408796296297 0.037334114583333335 0.0752214537037037
