2 0.16261197916666667 0.3607490740740741 0.059547916666666666 0.08957592592592593
3 0.06706327083333334 0.508557037037037 0.06009220833333333 0.14740666666666666
1 0.14245729166666668 0.4421822314814815 0.06321249999999999 0.14495149999999998
2 0.15070234375 0.5268728796296296 0.08519947916666666 0.1449513148148148
1 0.2890369427083333 0.550488425925926 0.09619278125000001 0.20521203703703703
3 0.31102411979166666 0.17541274537037035 0.04305801041666667 0.07395326851851852
1 0.3517916666666666 0.16042355555555557 0.038477083333333335 0.0732897037037037
3 0.38477187500000004 0.14576539814814815 0.04214166666666667 0.07329005555555555
3 0.4443197916666667 0.1254074074074074 0.04214166666666667 0.0651462962962963
1 0.33530130208333336 0.261400462962963 0.053134895833333334 0.07980462962962963
2 0.38614609375 0.2198699074074074 0.050386979166666665 0.10097685185185186
1 0.5203583333333334 0.16042361111111111 0.038477083333333335 0.07654722222222222
1 0.3366755208333333 0.3127034768518518 0.06138020833333333 0.10423473148148148
3 0.38889453125 0.2842018518518518 0.0595484375 0.08957592592592593
1 0.387520359375 0.4210097222222222 0.07878664583333334 0.28501574074074076
3 0.4333265182291666 0.3444625 0.04947074479166667 0.09934907407407408
1 0.4841713541666666 0.3061888888888889 0.04855416666666667 0.11075
3 0.54142890625 0.27361550462962964 0.0659609375 0.10749212037037037
2 0.57532578125 0.2500001157407407 0.07329010416666668 0.09609097222222222
1 0.47042940625 0.5203583333333333 0.12184427083333334 0.3273611111111111
2 0.5212744791666667 0.3786643518518518 0.08061875 0.16123796296296297
2 0.5643323489583333 0.3615634814814815 0.07328969791666666 0.1140065925925926
1 0.6211317708333333 0.12133564814814814 0.04580625 0.07003240740740742
5 0.6490736979166667 0.12459259259259259 0.02839947916666667 0.03745925925925926
1 0.6696864583333333 0.14983703703703705 0.047638541666666666 0.0684037037037037
1 0.708621875 0.21661225 0.059547916666666666 0.14658005555555553
1 0.7617570312499999 0.26384398148148147 0.0485546875 0.19218240740740739
1 0.7984018229166667 0.20439754166666665 0.03939322916666667 0.07654693518518518
1 0.8173587239583333 0.1978828703703704 0.02783619791666667 0.06026018518518519
1 0.6101008906250001 0.23119482407407407 0.07280134375 0.10398257407407407
3 0.2820546015625 0.34263254629629625 0.047478296875000006 0.22746824074074073
2 0.7398369791666667 0.18252222222222222 0.039822916666666666 0.05530925925925926
