2 0.16347890625 0.3682287037037037 0.06341510416666667 0.09516851851851851
2 0.1515375 0.5278184305555556 0.08235729166666667 0.1625183425925926
3 0.12271223958333334 0.6639824166666667 0.09388697916666668 0.19765742592592592
2 0.282485359375 0.5614933425925926 0.10871157291666668 0.19472927777777777
3 0.3125455729166667 0.17862407407407407 0.043649479166666665 0.07906296296296297
3 0.3413708333333333 0.15885787037037036 0.035413541666666666 0.07174166666666666
3 0.43896406250000003 0.12298657407407408 0.0362375 0.06149351851851852
3 0.2911328125 0.3408707083333333 0.048590625 0.23957474999999998
3 0.33642924218750003 0.25841868055555556 0.053532442708333336 0.07467069444444445
1 0.5225568203125001 0.15592962500000002 0.06506240104166666 0.0834555462962963
2 0.39243225781249996 0.28989738425925926 0.04694368229166667 0.09077624999999999
2 0.38543177083333335 0.385797875 0.08400416666666667 0.2386531574074074
3 0.4319638333333333 0.32650052314814815 0.0584735 0.13177117592592594
1 0.4859077265625 0.3016101851851852 0.049414411458333335 0.11420185185185185
1 0.5382046875000001 0.2752560416666667 0.066709375 0.10541763888888889
2 0.6115026041666667 0.22913612037037037 0.07494479166666666 0.10688149999999999
3 0.4694361979166667 0.5153731574074074 0.1235359375 0.33675001851851855
2 0.5213213541666667 0.3836015462962963 0.08071041666666666 0.1405567962962963
2 0.5625 0.35724739814814815 0.07412187499999999 0.12591516666666666
5 0.6473278645833334 0.1215226851851852 0.0296484375 0.03513981481481482
2 0.7321559895833333 0.17349946296296298 0.04282552083333333 0.0805267037037037
2 0.7576867187499999 0.15828555555555554 0.03459010416666666 0.07059703703703704
1 0.8017479166666667 0.20424629629629631 0.048590625 0.07467037037037037
1 0.5761892187500001 0.25000002777777774 0.07466802083333332 0.09955746296296296
1 0.4828325520833333 0.16666666666666666 0.038626562499999996 0.07868333333333333
3 0.8119635729166667 0.18025742592592592 0.03379817708333333 0.07153092592592593
1 0.6710799557291668 0.1432523148148148 0.04791199479166666 0.08075277777777777
1 0.5802336640625001 0.09900416666666666 0.03173399479166667 0.06305277777777778
