1 0.5807677083333334 0.1021648148148148 0.03501354166666667 0.05818703703703704
1 0.6218705729166666 0.12043287037037037 0.047192187499999996 0.07036574074074074
5 0.6488919270833333 0.11975648148148148 0.031207812499999998 0.036535185185185184
1 0.6675406250000001 0.14817314814814814 0.041103125000000004 0.06630555555555555
1 0.69988984375 0.14005416666666667 0.038819270833333336 0.06630648148148148
2 0.7539325520833332 0.15561574074074075 0.031207812499999998 0.06765925925925927
2 0.7653500130208333 0.2726657407407408 0.05708752604166667 0.17997222222222223
2 0.8209151041666668 0.19688762962962963 0.03425208333333333 0.06901229629629631
1 0.7969385416666667 0.20500694444444445 0.041103125000000004 0.06901203703703704
3 0.4384302083333333 0.3335590787037037 0.073071875 0.11502073148148148
1 0.4821973958333333 0.2990527777777778 0.043386458333333336 0.11096111111111111
2 0.5758203124999999 0.25236799074074073 0.07231041666666667 0.09878227777777777
2 0.6108338541666666 0.22801064814814817 0.07535520833333333 0.10148796296296296
3 0.470157453125 0.5174089074074074 0.121025 0.324762962962963
2 0.3318671875 0.3095384398148148 0.04566979166666667 0.10216206481481482
1 0.37982057291666665 0.21853843055555555 0.0578484375 0.09878241666666668
3 0.31207708333333334 0.17861990740740738 0.042625 0.0730712962962963
3 0.3383372838541667 0.1589986111111111 0.031207723958333333 0.07983796296296296
1 0.4375019869791667 0.12110972222222222 0.04076855729166667 0.06901203703703704
3 0.28810045052083333 0.3382949074074074 0.047953265625 0.23545277777777776
2 0.39047708333333336 0.29161018518518517 0.04871458333333333 0.09066296296296296
3 0.270213125 0.5703655879629629 0.09742895833333334 0.17185339814814815
3 0.12292797916666667 0.6935045277777778 0.09362320833333333 0.22327427777777778
3 0.15718034895833333 0.36671157407407406 0.06013201041666667 0.10284166666666666
3 0.3355686770833333 0.25321885185185183 0.053111604166666666 0.07439192592592592
1 0.38236310677083335 0.14491150462962962 0.04417865104166666 0.06858406481481481
2 0.7308143229166666 0.1714601851851852 0.049156770833333335 0.07743333333333334
