2 0.16294088541666665 0.3608310185185185 0.059508854166666666 0.09697685185185186
2 0.21146890364583334 0.4596976203703704 0.06021740104166667 0.17884153703703706
2 0.28337528385416666 0.5516372175925925 0.10909943229166667 0.21410591666666665
3 0.31135854947916664 0.13602009722222222 0.03329644270833333 0.07052908333333333
3 0.31065026041666666 0.17632225 0.04038072916666667 0.0730482037037037
2 0.3478432291666667 0.15869027777777778 0.03683854166666667 0.07304722222222222
1 0.29718978385416667 0.33816108333333333 0.06163397395833334 0.22292216666666667
1 0.3357997395833333 0.258816 0.05384114583333333 0.07682644444444445
1 0.33969616666666663 0.31423186574074075 0.044631624999999994 0.09445817592592592
3 0.38539062500000004 0.28337518055555555 0.056675 0.07556702777777778
1 0.38751586979166663 0.42317361111111107 0.07934534375 0.2846342592592592
4 0.4395859375 0.33683788425925926 0.06730208333333333 0.0918109537037037
1 0.49413567708333334 0.3041564814814815 0.0531328125 0.10201481481481482
1 0.5359333333333333 0.27141018518518517 0.06305104166666667 0.0994962962962963
2 0.55364453125 0.3520152777777778 0.08288697916666667 0.13224166666666667
1 0.5830447916666667 0.10390416666666666 0.04108958333333333 0.05919351851851852
1 0.62448828125 0.12342546296296296 0.05029947916666667 0.06801018518518517
1 0.7512986979166667 0.16183881481481482 0.03754739583333333 0.07430725925925927
2 0.7672386197916666 0.26826177314814814 0.05667515625 0.18136058333333333
5 0.6482210937499999 0.12153657407407407 0.026920312499999998 0.03652314814814815
1 0.2048014453125 0.6266092361111111 0.09576169270833333 0.18884078703703702
2 0.5786780963541667 0.2527654861111111 0.065956859375 0.10066371296296296
2 0.7351701432291667 0.16924771759259258 0.04542325520833333 0.08185826851851852
