2 0.16400338541666667 0.3727962962962963 0.07296927083333334 0.08816111111111116
1 0.10626562499999999 0.3860199074074074 0.042506249999999995 0.09193981481481484
3 0.07261510416666667 0.4737010509259259 0.06305104166666667 0.13128173148148142
3 0.1441671875 0.4426949074074074 0.06588437499999998 0.10705277777777775
1 0.14345881510416666 0.5239291666666668 0.05596674479166668 0.1561712962962962
4 0.18029747135416668 0.6102014027777778 0.09138839062499997 0.15491206481481481
1 0.09245130208333334 0.5755667453703703 0.06871822916666667 0.12594460185185197
3 0.26759862760416664 0.563127074074074 0.08604738020833338 0.1841893333333333
3 0.31100442708333337 0.1782115740740741 0.04108906249999998 0.07682685185185184
1 0.3496143229166666 0.15680092592592593 0.03754739583333334 0.07934444444444444
2 0.387515625 0.14483620833333335 0.04108958333333336 0.06297241666666668
1 0.44197339062499996 0.12342573148148148 0.036654072916666655 0.060453314814814814
1 0.29577306510416673 0.3419393287037037 0.0602174114583334 0.22796013888888889
2 0.3368624999999999 0.24496210648148148 0.057383333333333356 0.0994964351851852
2 0.3846817708333334 0.21725462962962963 0.05667500000000002 0.09697777777777777
1 0.5192547005208333 0.1580606481481482 0.04542311979166662 0.07934537037037039
1 0.5019283854166666 0.17191435185185186 0.06730156249999997 0.06675092592592591
2 0.3389877604166667 0.3117127962962963 0.05029947916666669 0.10957188888888891
3 0.39495442708333334 0.2821156435185185 0.060217187500000095 0.08312387962962965
1 0.38503619791666666 0.433249537037037 0.08288697916666668 0.3098231481481482
3 0.44419088541666674 0.33375277777777773 0.06517656250000001 0.10075555555555564
1 0.4891766901041666 0.30541574074074074 0.04463150520833328 0.1045333333333334
1 0.6053606770833333 0.2285893518518518 0.07296927083333339 0.10957129629629629
1 0.47713333333333335 0.5333751157407406 0.13956249999999995 0.34886689814814814
2 0.5185768229166666 0.3841310185185185 0.08501302083333334 0.14861388888888882
2 0.5600203125000001 0.3513856481481481 0.07863645833333344 0.13350092592592602
1 0.5816278645833334 0.1026449074074074 0.038255729166666794 0.05919351851851852
1 0.6216546874999999 0.12216625462962964 0.04746562500000013 0.06801008333333333
5 0.6443247395833335 0.12279583333333335 0.023378645833333305 0.0314861111111111
2 0.7102093359375 0.2185140509259259 0.06446778645833338 0.14231699074074072
1 0.7360674479166668 0.17191418981481482 0.046756770833333405 0.07682652777777776
1 0.7536803333333334 0.16183895833333334 0.029558583333333388 0.07178875000000001
2 0.5757779166666667 0.25250374074074083 0.07162020833333334 0.10157400000000004
3 0.46593359375 0.18812592592592592 0.06598697916666664 0.08726666666666666
