1 0.16364921875 0.3677583333333333 0.0623421875 0.0881611111111111
4 0.12008030729166667 0.647355324074074 0.07580292708333333 0.21158657407407408
3 0.2731028645833333 0.5560454583333333 0.08572135416666667 0.2052894351851852
3 0.3889325520833333 0.14231750925925926 0.0481734375 0.0755665
3 0.4441908854166667 0.12405536111111112 0.0410890625 0.059194055555555555
1 0.29329332552083337 0.33942052777777776 0.056674807291666664 0.22544105555555555
1 0.33650833333333335 0.2550375 0.05525833333333333 0.07934537037037037
1 0.5207020833333333 0.16435787037037036 0.049590625 0.07934537037037037
3 0.3336743671875 0.3129722222222222 0.05384144270833333 0.0994962962962963
3 0.38716145833333326 0.2877833333333334 0.05596666666666667 0.08690185185185186
1 0.3868072239583333 0.4244328703703704 0.07934492708333334 0.28211574074074075
3 0.4395859375 0.3457175925925926 0.06305104166666667 0.08942037037037037
3 0.48775963541666667 0.3022671296296296 0.060217187500000005 0.10579351851851852
3 0.5366419270833334 0.2720402777777778 0.06588489583333333 0.11083055555555556
1 0.5805651041666666 0.10327453703703703 0.03613020833333334 0.06045277777777778
1 0.6220088541666666 0.12405555555555557 0.046757291666666666 0.06675
1 0.74988203125 0.15994999999999998 0.04038072916666667 0.07556666666666666
2 0.766530234375 0.2714104768518519 0.05667505208333334 0.17758206481481484
1 0.08005338541666666 0.5623426759259259 0.059508854166666666 0.17758164814814817
5 0.6468041666666667 0.11964722222222221 0.02975416666666667 0.03778333333333333
2 0.5774337500000001 0.2533184351851852 0.07217895833333333 0.10177020370370371
1 0.66796875 0.1426990740740741 0.04168958333333333 0.07079629629629629
