2 0.10809739583333335 0.3907710555555556 0.05454166666666667 0.08995322222222223
2 0.16953854166666668 0.34929907407407407 0.048627083333333335 0.11215
1 0.14193922916666668 0.45093472222222225 0.06702708333333333 0.1238324074074074
1 0.07170240104166667 0.47488303703703705 0.06293269791666667 0.13200925925925924
1 0.19910924479166664 0.61273375 0.10251171875 0.20911194444444445
3 0.3108208333333333 0.17757037037037035 0.04074166666666667 0.07476666666666668
3 0.33710572916666665 0.15537407407407408 0.03154166666666667 0.06542037037037036
1 0.3822026041666666 0.14924444444444443 0.03613020833333334 0.07178888888888889
3 0.441264796875 0.12720416666666667 0.03807126041666666 0.06045277777777778
1 0.2954188463541667 0.34068024999999996 0.060925848958333334 0.2229216111111111
1 0.33261170833333337 0.31171296296296297 0.04463175 0.10201481481481482
3 0.37122187500000003 0.27518888888888887 0.042506249999999995 0.09193888888888889
1 0.5054708333333333 0.2216625 0.05455 0.09823611111111111
1 0.43710651041666665 0.32619669444444443 0.06092552083333334 0.12090635185185185
1 0.4959067708333333 0.3041564814814815 0.05525833333333333 0.10201481481481482
3 0.5373505208333333 0.2707805555555555 0.061634375 0.10075555555555556
1 0.4537547057291667 0.5018893518518518 0.09138850520833333 0.29596944444444445
1 0.5805651041666666 0.10201481481481484 0.03613020833333334 0.06297222222222222
1 0.6202377604166666 0.12405555555555557 0.043215104166666664 0.06423148148148149
5 0.6489294270833333 0.1227962962962963 0.031171354166666665 0.03904259259259259
1 0.6680572916666667 0.14294722222222223 0.042506249999999995 0.0743074074074074
1 0.7002911458333334 0.13350138888888888 0.04321458333333333 0.07304722222222222
1 0.7073756354166666 0.21284655092592594 0.061634145833333334 0.1561708796296296
1 0.7537783854166666 0.16246851851851854 0.031171354166666665 0.07052962962962962
1 0.7672385338541667 0.2625946388888889 0.05809168229166666 0.18010038888888888
3 0.7984098958333333 0.20151115277777779 0.046757291666666666 0.07304823148148147
1 0.5768114583333334 0.2555310185185185 0.06844583333333333 0.10176944444444444
