2 0.162940625 0.36460967129629634 0.06375937500000001 0.08186378703703705
2 0.14629256249999997 0.5277076481481482 0.064468 0.13853937037037037
4 0.11724665625000001 0.6561713379629629 0.08572127083333334 0.17632230555555556
3 0.2720403359375 0.5591941620370371 0.08784641145833333 0.19899202777777777
3 0.3095875 0.1763223425925926 0.042506249999999995 0.07556690740740742
2 0.34890572916666673 0.15913462962962963 0.03613020833333334 0.06889888888888888
3 0.4438364583333333 0.12405545833333333 0.041797916666666664 0.061712768518518514
1 0.294001890625 0.34068009259259263 0.058091937499999996 0.2304787037037037
1 0.33650833333333335 0.25566747685185187 0.056675 0.07304791666666667
3 0.3365081171875 0.30856418055555557 0.052424567708333335 0.1032746574074074
3 0.38574479166666664 0.286989212962963 0.057383333333333335 0.08531361111111112
1 0.4406484375 0.3217883611111111 0.07084375000000001 0.12972301851851853
3 0.4700489583333333 0.5195213981481481 0.12539375 0.3261965
1 0.5812736979166666 0.10264498148148148 0.03754739583333333 0.05919366666666667
1 0.6237799479166666 0.12279583333333333 0.04746510416666667 0.06675092592592592
1 0.74988203125 0.15994999999999998 0.04038072916666667 0.07556666666666666
1 0.7275658854166667 0.1675060185185185 0.059508854166666666 0.08312314814814814
2 0.7668843463541666 0.26700231481481485 0.054549942708333334 0.1838787037037037
2 0.8154122395833333 0.19584351851851853 0.03825572916666666 0.06423148148148149
2 0.48223184114583334 0.30033187962962965 0.053512359375 0.11393809259259259
2 0.5753755208333333 0.25178840277777775 0.07081562500000001 0.10586578703703703
1 0.5245436197916666 0.16371712962962964 0.038578385416666666 0.0752212962962963
