1 0.15798177083333334 0.35516383796296286 0.06517604166666667 0.10075545370370362
1 0.10555729166666668 0.3822416666666667 0.042506249999999995 0.09949629629629632
1 0.07190625 0.4741813194444445 0.06305104166666667 0.1347607870370371
3 0.14345859375 0.4496220416666667 0.07296927083333332 0.11838815740740748
1 0.087138 0.5560451759259257 0.06234275 0.18261998148148154
1 0.11760078125 0.6637277777777778 0.09209739583333335 0.2367759259259259
1 0.2897512291666667 0.562342587962963 0.09634754166666666 0.18765739814814825
3 0.31135885416666664 0.17884166666666668 0.04179791666666664 0.07556666666666666
3 0.3365535651041667 0.1561712962962963 0.03126233854166672 0.06549074074074072
1 0.3853903645833333 0.14798472222222225 0.04817343750000003 0.06675092592592591
3 0.44135703125 0.12594444444444444 0.0368390625 0.060453703703703725
1 0.2940018645833334 0.3356425925925925 0.05950877083333328 0.21284629629629626
2 0.38751588541666665 0.22040292592592595 0.052424479166666656 0.10075585185185187
3 0.36980485416666664 0.27329962037037037 0.04533991666666672 0.09319924074074072
1 0.5047622395833333 0.2216625 0.051716145833333255 0.09823611111111114
1 0.38503633593750003 0.4357680555555556 0.08430441145833338 0.3047861111111111
1 0.4934270833333333 0.3047861111111111 0.05596666666666668 0.09823703703703704
1 0.5373505208333333 0.2701509259259259 0.061634374999999866 0.09949629629629629
1 0.444190625 0.3369018518518519 0.06375937499999994 0.10201481481481475
1 0.45162916666666664 0.5006296296296296 0.09138854166666661 0.303525925925926
1 0.5568324713541667 0.36775812037037037 0.08926318229166673 0.17128475925925923
1 0.5798567708333332 0.09949583333333335 0.04038124999999996 0.06801018518518517
1 0.62094609375 0.12342592592592594 0.04321510416666664 0.06549074074074074
5 0.6471583333333334 0.12342592592592594 0.029045833333333347 0.04030185185185186
1 0.7056046874999999 0.21221662500000002 0.06234270833333338 0.15239295370370368
1 0.7318166666666667 0.17254444444444444 0.04959062499999997 0.07556666666666666
1 0.7551953255208333 0.1630981481481481 0.036838567708333395 0.0717888888888889
2 0.7661759296875 0.268891587962963 0.058800223958333335 0.17254428703703706
3 0.7976173776041666 0.20088148148148147 0.048005588541666575 0.0717888888888889
1 0.5783670026041666 0.25608412037037037 0.06906807812499985 0.10287620370370373
