1 0.1640035625 0.3589421712962963 0.06305120833333333 0.09571767592592592
1 0.06942708333333333 0.41120923611111104 0.05525833333333333 0.10201476851851853
1 0.14593828125 0.512594587962963 0.0694265625 0.16624658333333334
4 0.1168921875 0.6479849537037037 0.07084375000000001 0.21032731481481481
3 0.2738113776041667 0.5585640694444445 0.08572099479166666 0.20025221296296297
1 0.2954188463541667 0.34256905092592593 0.060925848958333334 0.22921958333333334
1 0.33615416666666664 0.25188923611111114 0.05596666666666667 0.08060439814814815
1 0.33402863541666666 0.31549122222222226 0.04888227083333333 0.09445837037037037
3 0.386453125 0.28400499537037044 0.05455 0.07934517592592592
3 0.4410028645833333 0.3476069768518519 0.06446822916666667 0.09319913888888888
1 0.4895309140625 0.29911843518518516 0.059508703125 0.09949612962962963
1 0.5369962526041667 0.2720403657407407 0.06234250520833333 0.10831221296296295
3 0.4707572916666667 0.5176319444444445 0.12114270833333333 0.329975
1 0.5114925442708332 0.3768833148148148 0.10201491145833333 0.16182707407407407
1 0.5809192708333334 0.1032745601851852 0.03683854166666667 0.05793450925925926
1 0.6223630208333334 0.12279583333333333 0.046048958333333334 0.06675092592592592
1 0.7502361979166667 0.16057962962962966 0.0410890625 0.0743074074074074
2 0.7668844010416667 0.27204028703703703 0.055966718750000005 0.18136016666666666
5 0.6478669270833333 0.11901759259259258 0.031879687500000004 0.03400555555555555
2 0.20882503125000001 0.45922762500000003 0.06035422916666667 0.17739660185185185
2 0.5765003177083333 0.25276542592592594 0.06906811458333334 0.1006635925925926
1 0.5217436380208333 0.16095132870370368 0.04791205729166667 0.0741150462962963
1 0.6673466145833334 0.14269953703703703 0.040445312500000004 0.0752212962962963
