2 0.16581843229166668 0.3623777777777778 0.06229646874999999 0.08957592592592593
1 0.15528292968750002 0.5162867685185185 0.07054143229166666 0.16612353703703703
3 0.31102421875 0.17422566203703707 0.0430578125 0.0741150462962963
2 0.3490432291666667 0.1620522361111111 0.040309375 0.07328965740740741
3 0.3875203125 0.14576527777777779 0.043973958333333334 0.0635175925925926
3 0.44386171875 0.1254074074074074 0.0430578125 0.0651462962962963
1 0.335759375 0.2548858240740741 0.05221875 0.07654757407407407
1 0.52081640625 0.15879490740740743 0.041225520833333335 0.07328981481481482
1 0.3366755208333333 0.3118893518518518 0.06138020833333333 0.10586388888888888
3 0.38568802083333337 0.28583055555555553 0.056799999999999996 0.08957592592592593
2 0.3833979140625 0.4210098842592592 0.07420625520833334 0.2850160648148148
1 0.4818811953125 0.30700324074074076 0.045806359375 0.1123787037037037
1 0.5318098958333334 0.27442962962962963 0.05221875 0.10912037037037037
2 0.5766999921875 0.2540716435185185 0.07054168229166667 0.10423449074074075
1 0.51715184375 0.37785010185185186 0.08519947916666666 0.15309457407407406
1 0.5771578125 0.10179166666666667 0.040309375 0.06351851851851852
5 0.6490736979166667 0.12214953703703701 0.032064062500000004 0.03908796296296296
1 0.6692283854166666 0.14820833333333333 0.0485546875 0.0684037037037037
1 0.708621875 0.21579814814814816 0.055883333333333333 0.14169444444444446
2 0.7654214296874999 0.2695439814814815 0.057715776041666667 0.18729722222222223
1 0.7988598958333334 0.20358320833333335 0.040309375 0.07491826851851853
1 0.8185566536458334 0.19462546296296296 0.02656747395833333 0.066775
1 0.6223630208333334 0.12279583333333333 0.046048958333333334 0.06675092592592592
1 0.08087444791666668 0.5779685231481482 0.060354104166666665 0.14020028703703705
1 0.1365803984375 0.43473472222222226 0.05911211979166667 0.14823055555555556
4 0.4392974713541667 0.34015494444444444 0.068445984375 0.08517714814814815
1 0.5117880026041667 0.22179218981481483 0.042934411458333335 0.08738969444444444
3 0.28205468749999996 0.34120155555555554 0.047478125 0.22174503703703705
2 0.7413925182291667 0.1841813472222222 0.042933994791666666 0.05199100925925926
