2 0.16400338541666667 0.37090689351851847 0.0743859375 0.08186378703703705
1 0.10768255208333333 0.3835009259259259 0.0439234375 0.0994962962962963
3 0.07263863281249999 0.4738724074074074 0.061586276041666665 0.1366614814814815
3 0.14381276041666666 0.44962222222222226 0.06659322916666667 0.12090740740740742
1 0.1455840234375 0.5295972222222223 0.05454966145833333 0.1523925925925926
1 0.21288560677083332 0.4615869722222222 0.07155246354166667 0.17506283333333333
1 0.09315963541666666 0.5749372083333333 0.0673015625 0.1297225648148148
3 0.26648783072916665 0.5661211064814815 0.08665953645833334 0.1876570277777778
3 0.31135859374999997 0.1782115740740741 0.04038072916666667 0.07430648148148149
3 0.34607213541666665 0.15302288425925925 0.0389640625 0.07430687962962963
3 0.44277395833333333 0.12279619907407406 0.03683854166666667 0.06423128703703704
1 0.29612723177083333 0.3444583333333333 0.06092574479166667 0.22795925925925925
2 0.33721666666666666 0.24559212962962965 0.056675 0.09319907407407407
2 0.3846817708333334 0.21599490740740743 0.056675 0.09697685185185186
2 0.3375708333333334 0.3117125 0.051715625 0.09445833333333334
3 0.3974341145833334 0.27770777314814815 0.059508854166666666 0.09193962037037037
1 0.38468211718750006 0.43513842592592594 0.08501284895833333 0.3060453703703704
3 0.4470244791666666 0.32556666666666667 0.06942708333333333 0.11460925925925926
1 0.4884683046875 0.30514798611111116 0.044631401041666664 0.10651819444444444
1 0.5373505208333333 0.27204027314814816 0.061634375 0.10579350925925926
1 0.47607057291666666 0.5302268518518518 0.13885364583333332 0.35012592592592595
2 0.5189309895833334 0.38350138888888885 0.08713802083333334 0.15743055555555557
2 0.5621458541666667 0.35201481481481484 0.0786365 0.13727962962962964
1 0.5802109375000001 0.10390416666666666 0.035421875000000005 0.05919351851851852
1 0.62094609375 0.12342592592592594 0.044631770833333334 0.06297222222222222
5 0.64467890625 0.12216620370370371 0.02550364583333333 0.035263888888888886
2 0.7102093749999999 0.21851405092592593 0.06446770833333333 0.14231699074074072
1 0.7342963541666667 0.16939537037037036 0.04321458333333333 0.0743074074074074
1 0.7665302083333334 0.26574325462962967 0.05384166666666667 0.18639762037037036
1 0.7959304687500001 0.20277083333333334 0.044631770833333334 0.0705287037037037
1 0.5757779505208334 0.2532190185185185 0.068401390625 0.10300455555555554
1 0.5092990026041666 0.22179218981481483 0.04293428645833333 0.08738969444444444
3 0.46512890625000003 0.19027175925925924 0.06437760416666667 0.08011388888888889
1 0.49934316927083333 0.1675886666666667 0.06160116145833334 0.06747822222222222
1 0.5223658854166666 0.15652675462962962 0.04791197916666667 0.08296500925925926
1 0.7547705729166666 0.16261079166666667 0.026133854166666668 0.07743397222222223
