2 0.163986171875 0.36237799074074073 0.06412869791666669 0.08631894444444446
1 0.104438046875 0.38355067129629633 0.04030932291666667 0.10912087962962957
3 0.06962526041666667 0.5087551250000001 0.06779322916666669 0.14128802777777769
2 0.13285824739583332 0.44158127314814816 0.048124703125000015 0.13638143518518522
1 0.15528307291666668 0.5179151435185188 0.07603802083333334 0.1400654722222223
3 0.12413477343750001 0.6653093425925926 0.09802524479166669 0.19381127777777782
3 0.27483723958333334 0.5700324074074073 0.10443802083333331 0.15635185185185185
3 0.3188111979166667 0.13547757870370372 0.0329807291666666 0.06780780555555554
3 0.31056614583333336 0.17670991203703704 0.04580625000000005 0.0765476018518518
1 0.34766901041666665 0.16042355555555557 0.03756093749999998 0.07328970370370369
3 0.38431380208333343 0.1425078703703704 0.044890104166666646 0.06677500000000003
3 0.44477797916666667 0.12459305555555554 0.04305758333333329 0.0602601851851852
3 0.28717730989583334 0.34117718055555557 0.04849945312500002 0.23610058333333336
3 0.33484316927083324 0.2556999999999999 0.05405116145833334 0.08143333333333337
3 0.3353013411458333 0.3102604212962963 0.0586318489583333 0.10912084259259258
3 0.385687984375 0.2874594074074075 0.05679992708333342 0.09283362962962956
3 0.3879783619791667 0.42345277777777784 0.0797026510416666 0.2833870370370371
1 0.44065546875000006 0.3145972870370371 0.07329010416666672 0.13407975925925925
1 0.48414714062499997 0.3045606481481482 0.05217032291666666 0.11400648148148149
1 0.5162356770833333 0.15635185185185183 0.04855468749999995 0.08143333333333332
1 0.47134567708333336 0.52442975 0.12184447916666669 0.31596135185185176
2 0.5226486770833333 0.38192175925925925 0.08153489583333329 0.14495092592592596
2 0.5625000677083334 0.35749166666666665 0.07512201041666676 0.12214999999999997
1 0.6211317708333333 0.12377870370370368 0.045806250000000166 0.0651462962962963
5 0.6481575520833334 0.12133518518518521 0.030231770833333373 0.034201851851851865
1 0.6696864583333332 0.1490226851851852 0.04763854166666673 0.066775
1 0.7507635416666666 0.15798055555555557 0.03389687499999994 0.07166111111111115
1 0.7686278515624999 0.27117268518518517 0.06596091145833327 0.18078240740740747
1 0.80435671875 0.20602638888888886 0.04397385416666685 0.07003240740740738
1 0.8208468750000002 0.1978828703703704 0.02931562499999991 0.05700277777777779
1 0.07725312499999999 0.5779685185185184 0.051502083333333344 0.15450555555555542
1 0.1947423619791667 0.484978449074074 0.07725347395833332 0.19456347222222214
1 0.5366771744791665 0.26603991666666665 0.07031231770833332 0.10508868518518523
1 0.5774335078125001 0.2527655138888889 0.07591284895833338 0.10508843518518515
5 0.7417036458333333 0.18252194444444442 0.04480104166666668 0.046459814814814794
3 0.5620976562500001 0.08154496296296299 0.03299322916666654 0.0543638888888889
