2 0.1607796875 0.3599347222222222 0.055883333333333333 0.08794722222222223
3 0.06687708333333334 0.5024430555555556 0.060464583333333335 0.1351787037037037
2 0.21574705729166668 0.46172638888888884 0.07237359375 0.1938101851851852
3 0.31285625 0.1376220138888889 0.03756145833333333 0.06677550925925925
2 0.34995937499999996 0.1620522361111111 0.0348125 0.07328965740740741
2 0.38293958333333333 0.14739398148148147 0.040309375 0.0635175925925926
3 0.4443197916666667 0.12377870370370368 0.043973958333333334 0.06188888888888889
2 0.3856880052083333 0.21986993518518516 0.05313538541666667 0.09446209259259258
1 0.33438515625 0.2516287037037037 0.05679947916666667 0.09283333333333334
1 0.33530130208333336 0.3127034768518518 0.05863177083333333 0.10423473148148148
3 0.38568802083333337 0.2850162037037037 0.056799999999999996 0.08468981481481481
3 0.38889449739583337 0.4258959537037037 0.079702671875 0.28175857407407406
3 0.43470078125000006 0.3428337962962963 0.04672239583333333 0.10586388888888888
1 0.4842940963541667 0.3061888888888889 0.050631942708333336 0.11075
2 0.5057005208333333 0.21824125 0.038477083333333335 0.09446212962962962
1 0.5336421875 0.27280118981481477 0.059547916666666666 0.10260608333333333
2 0.615177109375 0.23452764814814814 0.06321255208333333 0.0912052962962963
1 0.46813932291666666 0.5130291666666666 0.1227609375 0.33876203703703706
2 0.5217325520833334 0.3827361574074074 0.08153489583333333 0.1498371296296296
2 0.5643322916666667 0.3591204490740741 0.07328958333333334 0.11563502777777777
1 0.6229640624999999 0.12215 0.04580625 0.0684037037037037
5 0.6490736979166667 0.12377824074074073 0.032064062500000004 0.03583055555555556
1 0.6696864583333333 0.1490226851851852 0.047638541666666666 0.066775
1 0.711828265625 0.21742638888888888 0.06229659375 0.14495092592592593
1 0.7544278645833333 0.16205231481481483 0.035728645833333336 0.07003240740740742
2 0.7658794895833334 0.2711728425925926 0.05863189583333333 0.18403950000000002
1 0.7997760416666666 0.20195452777777775 0.04214166666666667 0.07491831481481481
1 0.2772262786458333 0.5557937962962963 0.11829422395833333 0.19599388888888888
1 0.08248385416666666 0.5786837962962963 0.06196354166666666 0.14163055555555557
1 0.1376073203125 0.4399141990740741 0.07242494270833334 0.13876975
2 0.5755670468749999 0.25221221759259255 0.07217944791666667 0.09292000925925926
3 0.28285956510416665 0.3440631296296296 0.04747878645833334 0.2274681851851852
3 0.3111171796875 0.17533193055555557 0.043556265625 0.07190280555555555
1 0.81880390625 0.19814006018518518 0.024946354166666667 0.06151617592592593
2 0.7401480833333334 0.1847345138888889 0.0404455 0.04646017592592593
