1 0.15939843750000002 0.3457178148148148 0.06234270833333333 0.1146097037037037
1 0.07365638020833334 0.4711523564814815 0.06513359375 0.13829899074074073
1 0.14097916666666668 0.4464735231481482 0.07651145833333332 0.1297229722222222
1 0.2918765625 0.5648616574074073 0.09634791666666667 0.1725436851851852
3 0.31135885416666664 0.17632225 0.041797916666666664 0.0730482037037037
3 0.3368625 0.1561712962962963 0.033296875 0.06549074074074074
3 0.44135703125 0.1253152777777778 0.03825572916666666 0.056675
1 0.29541863802083335 0.3394208055555556 0.05950855729166667 0.22040272222222224
1 0.38468203125 0.21662453703703705 0.0580921875 0.10579351851851852
1 0.33402873958333335 0.3091939814814815 0.044631437499999996 0.10453425925925927
3 0.3705130208333333 0.2770782361111111 0.042506249999999995 0.09571758333333333
1 0.50511640625 0.21914348148148147 0.05242447916666667 0.09823696296296297
3 0.44029427083333333 0.32934521296296293 0.05455 0.11209042592592593
1 0.4948441979166667 0.30478575462962965 0.05596652083333333 0.10579373148148148
3 0.5373502604166667 0.2707805555555555 0.060217187500000005 0.10075555555555556
1 0.45304609375000005 0.5018889722222222 0.0885546875 0.29848905555555555
1 0.5805651041666667 0.10138518518518519 0.037546875 0.06171296296296297
1 0.62094609375 0.12342592592592594 0.043215104166666664 0.06549074074074074
5 0.6468041666666667 0.12090694444444444 0.02975416666666667 0.035263888888888886
1 0.6974575520833334 0.13161203703703703 0.0389640625 0.07178888888888889
1 0.7073756875000001 0.21473543981481485 0.060217375000000004 0.15239310185185187
1 0.7654676796875 0.26889186574074075 0.05738327604166667 0.18010039814814816
3 0.7980557291666666 0.20151115277777779 0.04888229166666667 0.07304823148148147
1 0.20238723958333335 0.6137339722222223 0.10541822916666667 0.2117309074074074
1 0.5592811640625001 0.35407737037037035 0.09817586979166666 0.14163066666666665
1 0.5774336510416666 0.2549777824074074 0.07093478125000001 0.10287591666666668
1 0.7305034036458334 0.17090715277777777 0.051023401041666666 0.0807523611111111
1 0.7538369791666667 0.16371666666666665 0.030489583333333334 0.07743333333333334
