2 0.16329505208333334 0.3570530046296295 0.06446822916666667 0.10453378703703706
1 0.08288723958333334 0.5629723055555556 0.0623421875 0.17632238888888888
3 0.2731029921875 0.5573048101851852 0.08572109895833331 0.20277073148148153
3 0.44525338541666665 0.12027712037037037 0.03896406249999996 0.06675053703703704
1 0.2961272317708333 0.34068006944444446 0.06092574479166668 0.23047865740740744
1 0.33509140625 0.25125932870370377 0.05384114583333333 0.08690199074074077
1 0.33367446875 0.3142316851851851 0.04959060416666669 0.10201522222222223
3 0.38751588541666665 0.284634625 0.052424479166666656 0.07808591666666666
3 0.43923178906250004 0.346347625 0.062342671874999964 0.09319895370370367
3 0.49165625 0.3022671296296296 0.055258333333333395 0.10579351851851852
3 0.5352250000000001 0.26826193981481483 0.07155208333333334 0.11083128703703704
3 0.46898619791666657 0.5195213055555556 0.1232682291666667 0.3236777962962962
1 0.5798567708333332 0.10327453703703701 0.03613020833333316 0.05793425925925925
1 0.6234255208333334 0.12153657407407407 0.048173958333333405 0.06926944444444448
1 0.7512989583333333 0.16057962962962968 0.04179791666666664 0.07430740740740742
2 0.766530234375 0.2726701990740741 0.05667505208333322 0.17506262037037035
5 0.6475127604166667 0.12153657407407407 0.032588020833333314 0.036523148148148145
2 0.208422703125 0.4642346018518519 0.06276832291666666 0.18454931481481487
2 0.5765003984374999 0.2527655694444445 0.07031274479166676 0.10287626851851851
1 0.6676578125 0.14269953703703703 0.03982291666666669 0.0752212962962963
