2 0.17052421874999998 0.3481310462962963 0.046655729166666667 0.11214912962962963
2 0.10875442708333334 0.39135531481481484 0.05454114583333333 0.0887847037037037
1 0.14259635416666666 0.44976658333333336 0.06965520833333333 0.12383131481481481
1 0.07128966145833333 0.4716426898148148 0.06503869791666667 0.13253723148148147
1 0.2832213697916667 0.5537384953703705 0.11171142708333333 0.21495291666666666
3 0.31147786458333326 0.17757037037037035 0.0407421875 0.07242962962962964
3 0.33677734374999996 0.15303750000000002 0.030884895833333332 0.06074722222222222
1 0.38211875 0.1477800925925926 0.037456249999999996 0.068925
3 0.4403567083333334 0.12558425925925926 0.038278 0.057242592592592595
1 0.29340693489583336 0.336448412037037 0.055855921875 0.21261719444444444
3 0.37061927083333335 0.2733648148148148 0.044684375 0.08878518518518519
1 0.5053299479166666 0.22021014814814815 0.0525703125 0.09696288888888889
2 0.43896015625000007 0.33294402777777776 0.06308385416666666 0.11448611111111111
1 0.4885731770833333 0.3037384259259259 0.06505572916666666 0.09813055555555555
3 0.5372006406250001 0.27278009259259256 0.06111273958333333 0.09929907407407407
1 0.4540742161458333 0.5035048009259259 0.093311984375 0.2990651574074074
1 0.5789281250000001 0.1028037037037037 0.03417083333333334 0.060748148148148155
1 0.6213127604166666 0.12383148148148149 0.044027604166666665 0.06542037037037036
5 0.6475979166666667 0.12091111111111111 0.029570833333333334 0.03621481481481482
1 0.70016796875 0.1325935185185185 0.04271302083333333 0.07126111111111111
1 0.7675234791666666 0.26226666666666665 0.05914158333333333 0.1834111111111111
3 0.7990653645833333 0.1997662037037037 0.045998437499999996 0.07476574074074074
1 0.5777447864583334 0.2555308796296296 0.06657917708333333 0.10176972222222222
1 0.66796875 0.14103973148148147 0.044179166666666665 0.07632761111111111
