1 0.10809739583333335 0.39369166666666666 0.05454166666666668 0.10046666666666669
2 0.14128223697916667 0.44684592129629636 0.07491260937499998 0.1343455462962963
1 0.0727515755208333 0.47554092592592595 0.06533375520833333 0.13332444444444452
1 0.20600885416666667 0.4640424027777778 0.07425520833333334 0.16413630555555553
1 0.2828927239583334 0.5484811712962963 0.11105413541666666 0.20210308333333338
3 0.3104921875 0.17815416666666667 0.042713541666666605 0.07593425925925922
3 0.33644869791666665 0.1536212962962963 0.031542187500000075 0.06425185185185182
3 0.43994583333333337 0.12383177777777776 0.03745624999999997 0.05607407407407405
1 0.29570675520833334 0.33644872685185184 0.06176982291666668 0.21495300925925923
2 0.3341485572916667 0.24941585185185186 0.04534190625000001 0.08761688888888891
1 0.3426912786458333 0.31892506018518524 0.06111276562499999 0.08177604629629634
1 0.36963359375 0.2704439074074073 0.04271302083333328 0.08528040740740737
1 0.5053302083333333 0.22021014814814818 0.053884374999999984 0.09696288888888892
2 0.4389604166666666 0.33002337962962963 0.06176979166666659 0.11565416666666661
1 0.48923046875 0.3037381481481482 0.06505572916666669 0.1028040740740741
3 0.5372007239583334 0.2727805555555556 0.05979832291666677 0.10163518518518523
1 0.4537456666666666 0.5029208333333334 0.090026375 0.2978972222222222
1 0.5582286458333333 0.35105138888888887 0.0926552083333334 0.14602870370370372
1 0.5792567708333335 0.10163564814814814 0.033513541666666785 0.06074722222222222
1 0.6209841145833332 0.12441574074074074 0.04337031249999998 0.06425185185185184
5 0.6469406249999998 0.12091111111111111 0.02957083333333337 0.0362148148148148
1 0.7001677083333334 0.1325935185185185 0.04139895833333339 0.07126111111111111
1 0.7553666666666667 0.1612148148148148 0.03745624999999997 0.06775740740740746
3 0.7977510416666665 0.20560768055555553 0.045998958333333326 0.0771023981481482
1 0.5786780572916667 0.25497778240740737 0.06346784374999999 0.10287591666666664
