2 0.16294088541666665 0.3721661527777778 0.07509427083333334 0.07934526851851853
1 0.10732838541666667 0.3860199074074074 0.043215104166666664 0.09193981481481482
3 0.07367760416666667 0.47315709722222227 0.06517604166666667 0.1352308611111111
3 0.14381302083333333 0.44836250000000005 0.06942708333333333 0.11838796296296296
1 0.14593840104166667 0.5239296898148148 0.04959090625 0.16624641666666667
1 0.2111146171875 0.4615866944444445 0.07084381770833333 0.18010116666666667
1 0.091034375 0.5705291666666668 0.061634375 0.1309824074074074
3 0.2692562109375 0.5705287916666667 0.090779421875 0.17380387962962962
3 0.31100442708333337 0.17695185185185186 0.04250677083333333 0.07682592592592592
1 0.3860989583333333 0.14735555555555557 0.043922916666666666 0.06297222222222222
3 0.44312812500000004 0.12153657407407407 0.03471354166666667 0.0642324074074074
1 0.29577317708333334 0.33816157407407405 0.060217187500000005 0.21788425925925925
2 0.32800677083333335 0.2474809074074074 0.049590625 0.10201551851851852
2 0.387515625 0.2178837962962963 0.049590625 0.09319907407407407
1 0.5207020989583334 0.15806064814814816 0.049590593749999995 0.0843824074074074
3 0.3698046875 0.2770782361111111 0.04108958333333333 0.09571758333333333
1 0.3846820130208333 0.43324932407407407 0.080762015625 0.2997480185185185
3 0.4463161458333333 0.33627206481481475 0.06517604166666667 0.09823672222222221
1 0.4891765625 0.3054157546296296 0.047465625 0.1020148425925926
1 0.4534005208333333 0.5037787037037037 0.09351354166666666 0.29974814814814815
2 0.5175143229166667 0.38098229166666664 0.0885546875 0.1599497685185185
2 0.5603747395833333 0.3520152777777778 0.0793453125 0.13224166666666667
1 0.5812736979166666 0.10201481481481484 0.03754739583333333 0.06045370370370371
1 0.6205919270833333 0.12216620370370371 0.04250677083333333 0.06801018518518517
5 0.6471583333333333 0.12090665277777778 0.027629166666666666 0.03778367592592593
1 0.7063130208333334 0.21788425925925925 0.058091666666666666 0.15365185185185185
2 0.7339419270833333 0.17065462962962966 0.05242447916666667 0.0743074074074074
1 0.754838703125 0.16246858796296296 0.03470865625 0.07304800925925926
2 0.7654675260416666 0.2714107546296296 0.06021734375 0.17254373148148147
1 0.7984098958333333 0.2052894861111111 0.043922916666666666 0.0680104537037037
1 0.5372995468749999 0.26603966203703705 0.059112364583333334 0.09402623148148148
1 0.5768114973958334 0.25553119907407407 0.07342388020833333 0.09955797222222222
1 0.490075171875 0.1702431111111111 0.03862673958333333 0.06866933333333333
