1 0.08181229427083332 0.5624998333333333 0.061112911458333335 0.17172929629629635
1 0.12353977343750001 0.6676401111111111 0.10119753645833332 0.21144874074074085
2 0.2834051666666666 0.5467289722222223 0.11076477083333333 0.2079439259259259
3 0.3095065104166667 0.17464931944444445 0.043370312500000036 0.08060789814814819
3 0.4409317708333333 0.125 0.03679895833333333 0.058411111111111115
1 0.297021125 0.3469625972222222 0.06308391666666671 0.23831778703703702
1 0.33349163281249994 0.247663412037037 0.05322701562499995 0.10046756481481478
1 0.46195962499999993 0.1915887824074074 0.05519845833333334 0.08177571296296293
1 0.5000729453125 0.1717287037037037 0.04994172395833332 0.0817759259259259
1 0.5243866223958334 0.15654212962962963 0.04468470312499999 0.08411203703703701
2 0.33907722656249994 0.3113318564814815 0.04337007812500004 0.09929889814814821
3 0.3883615885416667 0.2622661527777778 0.05257005208333337 0.10864526851851852
1 0.5099299479166667 0.22196275462962967 0.04074218750000007 0.08878476851851852
1 0.5358861979166666 0.27278042129629626 0.06374114583333329 0.11098121296296297
1 0.45473126041666667 0.5005839675925926 0.09068331249999997 0.30490682407407405
1 0.5792565104166667 0.10105160185185184 0.03482760416666662 0.06658838888888889
1 0.6232843750000001 0.12266335648148148 0.049284374999999984 0.06775662037037036
5 0.6462835937500001 0.12032685185185185 0.029570312499999928 0.03738333333333332
1 0.7090390625 0.2190419027777778 0.05519895833333344 0.13901899074074076
1 0.7386098958333333 0.18107453703703702 0.042056249999999906 0.06074722222222222
2 0.7642377604166666 0.2716119398148148 0.056513020833333275 0.1740650092592593
1 0.79742265625 0.2021027777777778 0.04271302083333322 0.0794388888888889
2 0.5793003984375 0.25387167592592597 0.06471225520833315 0.10066372222222218
