2 0.16444420052083333 0.3640066712962963 0.057715765625 0.08631889814814815
1 0.22124393229166667 0.4552119490740741 0.08336734375 0.18078130555555555
1 0.125050875 0.6677523194444445 0.09252845833333333 0.20521197222222223
2 0.20796021614583332 0.6245927638888888 0.093444390625 0.1840392314814815
2 0.28949505208333337 0.5464167129629629 0.09710885416666667 0.20684083333333333
3 0.31102421875 0.17485964814814814 0.0430578125 0.07284707407407408
2 0.35087552083333334 0.15960925925925926 0.038477083333333335 0.0684037037037037
2 0.38614609375000003 0.1473941388888889 0.0430578125 0.06351790740740741
3 0.44477786458333335 0.1254074074074074 0.041225520833333335 0.06188888888888889
1 0.335759375 0.2614005972222222 0.05221875 0.07003267592592592
2 0.38568801822916665 0.21416947222222224 0.05130311979166667 0.10586301851851852
1 0.5203583385416667 0.16368088425925928 0.04030938541666666 0.07980436111111111
1 0.33575937499999997 0.31188892592592593 0.059547916666666666 0.10586296296296295
3 0.3870622395833333 0.2866449074074074 0.05771614583333333 0.09120462962962964
2 0.3866041770833333 0.4234527777777778 0.08245102083333333 0.2866444444444445
1 0.4919585260416667 0.3061887037037037 0.06412878125 0.11074962962962963
1 0.5117878880208333 0.22204603703703704 0.04417865104166666 0.09010977777777779
1 0.5318099401041667 0.27280117129629633 0.05405113020833333 0.1058634537037037
2 0.5748677083333333 0.2524431111111111 0.07237395833333334 0.10097696296296296
1 0.5803643229166667 0.10342013425925926 0.03939322916666667 0.0635180462962963
1 0.6234222161458334 0.12296435185185185 0.048554526041666664 0.07003240740740742
5 0.6476994791666667 0.12296388888888887 0.03298020833333334 0.03745925925925926
1 0.6687703125 0.14820833333333333 0.047638541666666666 0.0684037037037037
1 0.7095379010416667 0.21498356481481481 0.05771586458333333 0.14658009259259258
2 0.7654214296874999 0.27117268518518517 0.057715776041666667 0.18729722222222223
1 0.8176406249999999 0.19706848148148148 0.028399999999999998 0.0684037037037037
1 0.5203583229166667 0.3778500092592592 0.08611560416666666 0.1661240925925926
1 0.08127682291666667 0.5801143518518519 0.061158854166666665 0.13876944444444445
1 0.13596004166666667 0.43528796296296296 0.057864291666666665 0.14712407407407407
3 0.2840666119791667 0.34334763888888886 0.04828344270833333 0.22317596296296296
2 0.7395257500000001 0.18473444444444445 0.044178583333333334 0.05088481481481481
