2 0.16250833333333334 0.35791574074074073 0.06469895833333333 0.09607592592592598
2 0.13320364322916667 0.44722605555555556 0.08068333854166668 0.1041947037037037
2 0.13739009895833335 0.5331527777777778 0.05404271874999999 0.16238148148148143
3 0.12559192708333333 0.6637349768518518 0.09742864583333333 0.19621069444444436
3 0.27478020833333333 0.5534504722222222 0.1019958333333333 0.1705009444444444
3 0.3105546874999999 0.17456027777777777 0.04262500000000002 0.07577796296296298
3 0.3195928958333333 0.13802407407407408 0.028732666666666636 0.06224629629629629
2 0.3497546875 0.15764537037037038 0.03425208333333328 0.06630555555555556
1 0.3836265625 0.1495263888888889 0.05023645833333331 0.06359907407407406
3 0.29000338541666676 0.3441509212962963 0.0517588541666667 0.24445925000000004
3 0.3352927083333333 0.2537212962962963 0.05404270833333336 0.08254444444444443
2 0.4643098958333333 0.19012175925925925 0.06241562499999998 0.09336944444444446
3 0.3288227031249999 0.311627537037037 0.04719209375000002 0.1090458148148148
3 0.3878127604166667 0.2832905370370371 0.05252031249999997 0.07943662962962958
1 0.4829694401041667 0.30446552777777774 0.052498619791666694 0.11096068518518523
1 0.5339562499999999 0.2706361111111111 0.07231041666666667 0.11096111111111111
2 0.5773427083333332 0.25304444444444446 0.07687708333333347 0.1055481481481482
2 0.5194942708333333 0.38227314814814817 0.08601145833333336 0.14749629629629624
5 0.6488921875 0.12381574074074074 0.029685416666666718 0.03382962962962963
1 0.6690627604166667 0.14952638888888892 0.0471921875000002 0.0663064814814815
2 0.7520299479166667 0.16373472222222224 0.03653593750000006 0.07577870370370371
2 0.7653500000000001 0.2706362222222222 0.0586093750000001 0.1705002222222222
1 0.8030278645833332 0.20297685185185185 0.04719218750000008 0.07307222222222227
1 0.8216760416666666 0.19688796296296296 0.029685416666666718 0.05818703703703705
1 0.5830513020833333 0.1021652777777778 0.041102604166666626 0.060893518518518534
1 0.08489798177083333 0.5758225277777778 0.06357278645833334 0.14449198148148157
3 0.06598724739583334 0.5085836944444445 0.056330713541666654 0.1444921296296296
1 0.43618627343750005 0.31969016666666666 0.06595661979166666 0.1305307777777778
1 0.4808208151041667 0.16809727777777778 0.0297746822916667 0.07868383333333334
1 0.445010640625 0.11874113888888889 0.0434547604166666 0.06580846296296299
