2 0.1531844479166667 0.5292825787037037 0.07576860416666667 0.1508052685185185
3 0.121888625 0.6734992037037038 0.09553420833333333 0.1815521111111111
3 0.27054367447916666 0.5710104722222222 0.098005359375 0.17569501851851851
3 0.31131015625 0.17642777777777777 0.04117864583333333 0.0717425925925926
1 0.3454888020833334 0.1581259212962963 0.03211927083333333 0.07906295370370371
1 0.6222091145833333 0.11932638888888888 0.045296354166666664 0.0688138888888889
5 0.6489750000000001 0.1207902777777778 0.031295833333333335 0.033675
1 0.6687408854166665 0.14641296296296297 0.04282552083333333 0.06735
1 0.7016838541666667 0.13616385185185184 0.039531250000000004 0.05856488888888889
2 0.7338031692708333 0.17203533333333332 0.042825953125 0.07759844444444444
2 0.7650989114583333 0.2715962962962963 0.05764990625 0.18594444444444444
1 0.8017479166666667 0.2035138796296296 0.048590625 0.06734998148148147
1 0.8206901041666667 0.1877227037037037 0.03376666666666666 0.07090651851851852
3 0.2886620963541667 0.33674953703703703 0.046943515625 0.2401175925925926
3 0.337252921875 0.2532943657407407 0.05023790625 0.07906280555555555
2 0.33189966145833333 0.3111277777777778 0.04282567708333333 0.10688148148148148
2 0.390373453125 0.28989738425925926 0.049414552083333334 0.09077624999999999
3 0.43086733854166664 0.3338215046296296 0.0579279375 0.1171300462962963
1 0.48467250260416667 0.2994145648148148 0.050237713541666666 0.10688098148148148
1 0.53861640625 0.271595837962963 0.060944270833333335 0.10102500925925927
2 0.5793833333333335 0.25256233333333333 0.07494479166666666 0.10102466666666667
2 0.61150234375 0.22986828703703702 0.07659218749999999 0.09956064814814815
3 0.4694361979166667 0.5212298564814815 0.1235359375 0.32503658333333335
2 0.5210166666666667 0.3809200833333333 0.08144479166666667 0.15020312962962962
1 0.56478359375 0.3552098240740741 0.07611614583333333 0.12584557407407407
1 0.5151447916666666 0.21742314814814812 0.05353229166666666 0.07759814814814815
1 0.0808744765625 0.5643776851851853 0.061963546875000004 0.1759656666666667
1 0.37942604166666666 0.21459231481481483 0.05874479166666667 0.10014314814814815
1 0.48162550781249996 0.16666651388888887 0.039431276041666664 0.08154475
