2 0.16400338541666667 0.3727962962962963 0.07296927083333334 0.0881611111111111
1 0.10626562499999999 0.3860199074074074 0.042506249999999995 0.09193981481481482
3 0.07261510416666667 0.4737010509259259 0.06305104166666667 0.13128173148148148
3 0.1441671875 0.4426949074074074 0.06588437500000001 0.10705277777777779
1 0.14345881510416666 0.5239291666666668 0.05596674479166666 0.15617129629629628
4 0.18029747135416668 0.6102014027777778 0.091388390625 0.15491206481481481
1 0.09245130208333334 0.5755667453703703 0.06871822916666666 0.12594460185185186
3 0.26759862760416664 0.563127074074074 0.08604738020833333 0.18418933333333332
3 0.31100442708333337 0.1782115740740741 0.0410890625 0.07682685185185185
1 0.34961432291666666 0.15680092592592593 0.03754739583333333 0.07934444444444444
2 0.387515625 0.14483620833333335 0.04108958333333333 0.06297241666666667
1 0.44197339062499996 0.12342573148148148 0.03665407291666667 0.060453314814814814
1 0.2957730651041667 0.3419393287037037 0.060217411458333335 0.22796013888888889
2 0.33686249999999995 0.24496210648148148 0.057383333333333335 0.09949643518518518
2 0.3846817708333334 0.21725462962962963 0.056675 0.09697777777777779
1 0.5192547005208333 0.15806064814814816 0.04542311979166667 0.07934537037037037
1 0.5019283854166666 0.17191435185185186 0.0673015625 0.06675092592592592
2 0.3389877604166667 0.3117127962962963 0.05029947916666667 0.10957188888888889
3 0.39495442708333334 0.2821156435185185 0.060217187500000005 0.08312387962962964
1 0.38503619791666666 0.433249537037037 0.08288697916666667 0.30982314814814815
3 0.4441908854166667 0.3337527777777778 0.0651765625 0.10075555555555556
1 0.48917669010416664 0.30541574074074074 0.04463150520833334 0.10453333333333334
1 0.6053606770833333 0.22858935185185184 0.07296927083333334 0.1095712962962963
1 0.47713333333333335 0.5333751157407407 0.13956249999999998 0.34886689814814814
2 0.5185768229166666 0.3841310185185185 0.08501302083333333 0.14861388888888888
2 0.5600203125000001 0.35138564814814816 0.07863645833333334 0.13350092592592594
1 0.5816278645833334 0.1026449074074074 0.03825572916666666 0.05919351851851852
1 0.6216546875 0.12216625462962964 0.047465625 0.06801008333333333
5 0.6443247395833335 0.12279583333333335 0.023378645833333333 0.03148611111111111
2 0.7102093359375 0.21851405092592593 0.06446778645833333 0.14231699074074072
1 0.7360674479166668 0.17191418981481482 0.04675677083333333 0.07682652777777778
1 0.7536803333333334 0.16183895833333334 0.029558583333333333 0.07178875
2 0.5757779166666667 0.2525037407407408 0.07162020833333332 0.10157400000000001
3 0.46593359375 0.18812592592592592 0.06598697916666667 0.08726666666666667
