1 0.14226796875 0.451518898148148 0.0716265625 0.1203266851851851
1 0.14358199218749998 0.5268690185185185 0.04665580729166668 0.1588787777777778
3 0.31114921875 0.1758179861111111 0.04271302083333328 0.0759341203703704
3 0.33710572916666665 0.1571263888888889 0.034170833333333366 0.06425277777777778
3 0.4409317708333333 0.1279203703703704 0.03679895833333333 0.05724259259259261
1 0.29472109374999994 0.3386394814814815 0.059798437499999996 0.22400859259259256
2 0.5224153645833334 0.15712638888888888 0.044684895833333196 0.08528055555555555
1 0.3870473125 0.4310747638888889 0.07754088541666668 0.30841121296296303
3 0.431075 0.32768703703703705 0.05782708333333334 0.12032777777777778
1 0.4902161458333333 0.3019861111111111 0.05914166666666662 0.1016351851851852
1 0.5358864583333334 0.26869166666666666 0.06111249999999989 0.10280370370370374
1 0.453088375 0.5023362824074075 0.08871179166666666 0.3014021944444445
1 0.5785994791666664 0.10221944444444443 0.0361416666666667 0.0665888888888889
1 0.6232843750000001 0.12149537037037038 0.049284374999999984 0.0677574074074074
5 0.6472692708333334 0.12207962962962964 0.028913541666666612 0.036214814814814825
1 0.66731171875 0.14252361111111111 0.042713020833333344 0.0771027777777778
1 0.7550380208333335 0.16004675925925926 0.042056249999999906 0.0677564814814815
2 0.7668662786458335 0.26985961574074074 0.05651276562499999 0.17523404629629635
3 0.8008145130208334 0.20210277777777777 0.04161131770833322 0.07009259259259258
1 0.578678125 0.2527655694444445 0.06471250000000002 0.10287626851851851
1 0.6975248411458334 0.13219030092592593 0.03857844270833333 0.07190273148148145
