3 0.12230041145833333 0.6749635555555555 0.09471063541666667 0.1786234074074074
3 0.26930812239583335 0.5651535277777778 0.098828546875 0.18740890740740743
1 0.0660654765625 0.4136166157407407 0.04812655729166667 0.09809619444444444
3 0.31131015625 0.1786236111111111 0.04117864583333333 0.07613425925925925
3 0.3421942708333333 0.15959027314814814 0.035413541666666666 0.07613425
3 0.2890739401041667 0.3437485740740741 0.05106149479166667 0.2424027037037037
3 0.33478203125 0.25475825462962964 0.05023802083333333 0.07613502777777778
1 0.38007864583333334 0.21522693055555556 0.06012083333333333 0.1024890462962963
2 0.33272335937499997 0.3133236111111111 0.04447307291666667 0.11127314814814815
2 0.38955 0.28550509259259255 0.05106145833333333 0.08491944444444444
1 0.38254936197916667 0.38945833333333335 0.08153356770833334 0.2284037037037037
1 0.4397877734375 0.32942877777777774 0.07412138020833334 0.11127422222222222
1 0.48467250260416667 0.30234245833333334 0.050237713541666666 0.10395343518518518
1 0.5377927083333334 0.27379225462962964 0.06259166666666667 0.09956043518518519
2 0.575265625 0.25329444444444443 0.066709375 0.09956111111111111
2 0.6106789062499999 0.22840416666666666 0.07659218749999999 0.0995601851851852
2 0.5221450520833334 0.3806734259259259 0.08070989583333334 0.1493412962962963
1 0.5629117083333334 0.35651545370370374 0.08153383333333333 0.12737905555555556
1 0.5274981770833332 0.15959027777777776 0.07329843750000001 0.08199166666666667
1 0.5814420625000001 0.10322087962962964 0.034589833333333334 0.0658862037037037
1 0.6222091145833333 0.12152268518518518 0.045296354166666664 0.0702787037037037
5 0.6493869791666665 0.12079056481481482 0.030471875 0.03660335185185185
1 0.6689034661458334 0.14641290740740742 0.044798151041666665 0.06734988888888889
2 0.7107429687500001 0.21303055555555553 0.06259114583333333 0.1303074074074074
2 0.7548041796875 0.16032233333333334 0.028825026041666667 0.07759837037037037
2 0.7646872395833333 0.2686675925925926 0.0568265625 0.17715925925925927
1 0.8005125000000001 0.20278205555555556 0.04941458333333334 0.07174188888888888
1 0.5139658854166667 0.21626085185185187 0.05475677083333333 0.0785394074074074
