2 0.16430260416666667 0.3557832314814815 0.06176770833333336 0.0995609074074074
3 0.06547395833333333 0.5121802453703705 0.06012083333333334 0.14588271296296298
1 0.1412427421875 0.4392385092592593 0.07823951562499996 0.1405566481481482
1 0.08647526041666669 0.579062962962963 0.0658859375 0.14787777777777786
1 0.21536420052083335 0.4612005833333334 0.08812225520833333 0.175695462962963
3 0.12230041145833331 0.6647147037037036 0.09471063541666666 0.19326459259259274
3 0.28042630208333336 0.5680821944444443 0.11447656249999998 0.15812549999999997
3 0.3127832526041667 0.13497433796296296 0.033291828124999985 0.06680132407407408
3 0.31089843749999996 0.17789166666666667 0.042002083333333336 0.07759814814814815
3 0.35084166666666666 0.1559298287037037 0.03788437499999997 0.06588558333333333
2 0.38707890625 0.1471449074074074 0.04117864583333327 0.05710092592592594
3 0.290722734375 0.34371530092592595 0.05106526041666672 0.24819171296296297
3 0.3356057291666667 0.25549074074074074 0.051885416666666725 0.08345555555555559
3 0.38584358072916664 0.2810098935185185 0.056826744791666724 0.08178552777777784
1 0.48590777864583323 0.30307488425925927 0.05106152604166668 0.11420162037037039
2 0.5773242187500001 0.25549074074074074 0.0774161458333334 0.1068814814814815
2 0.5217330937500002 0.3806734259259259 0.08318068750000004 0.14934129629629633
1 0.5625 0.35212314814814816 0.07412187499999992 0.1215222222222222
2 0.46449479166666663 0.19180046296296296 0.05929687500000007 0.08491944444444444
1 0.5822658854166666 0.10395304629629631 0.03623697916666657 0.058565351851851855
5 0.6481515625000001 0.12225462962962963 0.026354166666666737 0.03660370370370369
1 0.67285859375 0.14787685185185184 0.05270885416666668 0.07027777777777777
2 0.71033125 0.2166909861111111 0.058473958333333326 0.13762826851851853
2 0.7527453125 0.15739398148148148 0.03623750000000001 0.06881388888888891
1 0.7667459218749999 0.2657393518518518 0.057650177083333295 0.1859435185185185
1 0.8029831223958334 0.20497800925925924 0.0477672864583333 0.07027824074074071
1 0.8211018229166667 0.19692546296296298 0.028001562500000077 0.06002870370370372
1 0.44614221354166667 0.3174778287037038 0.06097911458333337 0.12389371296296289
1 0.5329438229166666 0.2643805138888889 0.0665790208333334 0.0995574907407407
1 0.33507317708333334 0.30918148148148156 0.05537864583333333 0.10508888888888893
2 0.4824302630208333 0.1652359861111111 0.034603015624999976 0.0758224722222222
1 0.44420591927083325 0.12088703240740742 0.045064203125000014 0.06437778703703706
5 0.7407702994791666 0.1847343009259259 0.042934401041666584 0.04867213888888889
