2 0.163528125 0.3623777777777778 0.06321250000000002 0.08957592592592595
2 0.14245729166666665 0.5252441527777778 0.05771562499999998 0.15146608333333322
2 0.12413473958333336 0.6644952962962963 0.0925284375 0.22149800000000003
3 0.268341140625 0.5578175925925924 0.08778123958333334 0.2068403888888888
3 0.31194036458333335 0.17541274537037035 0.043057812499999966 0.07395326851851854
3 0.349959375 0.1588524398148148 0.03664479166666664 0.06991726851851851
1 0.3852299479166667 0.14250802777777777 0.04489010416666659 0.07329012962962965
3 0.4443197916666667 0.12377870370370368 0.04397395833333325 0.0651462962962963
1 0.2949918541666667 0.3355046296296297 0.05863191666666667 0.22801296296296292
1 0.3362174479166667 0.25977175925925927 0.049470312499999974 0.06677500000000001
1 0.3366755208333333 0.31188912499999993 0.061380208333333346 0.10586343518518519
3 0.38477187500000004 0.28338776388888887 0.05496770833333334 0.08143293518518523
3 0.3879783619791667 0.42182410648148144 0.0797026510416666 0.28664495370370363
1 0.4896682604166667 0.30374570833333336 0.0540511041666667 0.10586363888888892
1 0.47088760416666664 0.5244301712962963 0.12276062499999991 0.32247515740740734
2 0.52081640625 0.38029305555555554 0.08153489583333329 0.1384361111111111
1 0.5286033854166666 0.2638438425925926 0.05679947916666664 0.11074879629629629
1 0.5176098958333334 0.1644953703703704 0.05313541666666666 0.08143333333333334
1 0.5812804687500001 0.10097731481481483 0.0375609375000001 0.06514722222222223
1 0.6234221354166666 0.12215 0.04672239583333339 0.06840370370370373
1 0.6724348958333334 0.15065138888888885 0.04947083333333329 0.06677499999999999
1 0.7077057291666667 0.21661224999999998 0.05588333333333336 0.1465800555555555
1 0.7539698932291666 0.16042361111111117 0.032980411458333476 0.06677500000000004
1 0.20198491927083334 0.6173102453703704 0.09817608854166669 0.19599467592592595
1 0.07966746354166669 0.5772531712962963 0.057940072916666675 0.1387695833333334
1 0.06679180729166667 0.4113020138888889 0.045064302083333334 0.09585152777777785
1 0.09777363541666668 0.3891271203703704 0.026555854166666674 0.0858365
2 0.5761892005208333 0.25221241666666666 0.07093465104166655 0.10398224074074072
1 0.484039671875 0.16952808796296295 0.03460294791666663 0.08726789814814812
3 0.6521017526041668 0.11559718055555555 0.03484517187500001 0.05199082407407409
