1 0.16430266666666668 0.3572474027777778 0.060120708333333335 0.11127371296296297
1 0.06568203645833333 0.4070277777777778 0.04406511458333332 0.10541666666666659
1 0.15894947916666666 0.5183015231481483 0.06753333333333335 0.17569563888888887
1 0.08112182552083332 0.5612735972222223 0.061767807291666664 0.16500645370370376
3 0.121888625 0.6742311481481482 0.0955342083333333 0.1800882222222222
3 0.27054348177083326 0.5710103518518519 0.09635782812499996 0.17276699999999998
3 0.4714952942708333 0.521962037037037 0.12435933854166663 0.32357222222222237
1 0.438140625 0.12298657407407408 0.03623750000000001 0.06149351851851852
3 0.31089843749999996 0.17642731481481483 0.042002083333333336 0.07759907407407408
3 0.3450768307291667 0.1559296296296296 0.03459011979166669 0.0746703703703704
3 0.2882502421875 0.34041018518518523 0.04941409895833336 0.2415814814814815
3 0.33684114583333336 0.25329398148148147 0.05270833333333336 0.07320648148148147
1 0.37966692708333327 0.22108330555555553 0.05929739583333339 0.0995610555555555
2 0.33189966145833333 0.30966343055555556 0.04282567708333325 0.10395278703703702
2 0.39037347135416667 0.28770118981481474 0.05270840104166664 0.08638386111111108
3 0.43200203125 0.33382116203703704 0.05690302083333331 0.12005899074074078
1 0.48508437499999996 0.3030747638888889 0.05106145833333334 0.11127360185185182
1 0.5365575520833333 0.27159607870370367 0.06341510416666664 0.1068810462962963
2 0.5760888020833335 0.2532943981481481 0.0700036458333333 0.10248879629629629
2 0.6106789062499999 0.22986840740740738 0.07494531249999987 0.10248866666666664
2 0.5209096354166667 0.3806734259259259 0.08153385416666659 0.14934129629629633
1 0.5645591145833334 0.3572475185185185 0.0765921875 0.12884318518518525
1 0.6213854166666667 0.12079074074074075 0.04364895833333324 0.0717425925925926
5 0.6473281249999999 0.12005833333333335 0.031295833333333314 0.03513888888888888
1 0.6675054687500002 0.14714508796296297 0.04529635416666657 0.07174202777777777
1 0.7004484375 0.13909212962962964 0.040355208333333434 0.06149351851851853
2 0.7329795963541665 0.17203518518518518 0.044473098958333304 0.07759814814814814
2 0.76509871875 0.27013194444444444 0.05929743749999995 0.1830157407407408
2 0.81821928125 0.19137141666666665 0.03541356250000002 0.06800749999999998
1 0.5077434348958333 0.22123909259259258 0.04231208854166665 0.08849588888888889
