2 0.16398619791666666 0.35993472222222217 0.0604640625 0.09120462962962964
3 0.06596067708333334 0.4796416666666666 0.0659609375 0.17752407407407408
2 0.14520569791666665 0.5268729675925926 0.0687094375 0.1579804537037037
2 0.1250508515625 0.6775245046296295 0.088863921875 0.1889249351851852
2 0.20795989583333335 0.622963888888889 0.08978020833333332 0.1905537037037037
2 0.28949505208333337 0.5545602592592592 0.09527656250000001 0.20358305555555556
2 0.3504174479166667 0.16042355555555557 0.03939322916666667 0.0732897037037037
2 0.38660416666666664 0.14739398148148147 0.040309375 0.0635175925925926
3 0.4443197916666667 0.12377870370370368 0.043973958333333334 0.06188888888888889
3 0.3101768958333333 0.17607573611111113 0.04292016666666667 0.07781519444444444
1 0.335759375 0.26221481481481484 0.05221875 0.07817592592592593
1 0.38614609375 0.22149814814814814 0.05221927083333333 0.08794814814814814
2 0.4631005208333333 0.18973930555555557 0.06138020833333333 0.08957675925925926
1 0.33530130208333325 0.31270324074074074 0.0604640625 0.10749166666666667
3 0.38660416666666664 0.2850162037037037 0.056799999999999996 0.09446203703703704
3 0.4392812708333333 0.3469055555555556 0.06687708333333334 0.09772037037037037
1 0.48600364583333333 0.3029313935185185 0.05221875 0.10097760185185185
1 0.5382229166666668 0.2736152777777778 0.06504479166666667 0.11074907407407407
2 0.5762419270833334 0.25732916666666666 0.06962552083333334 0.11074907407407407
2 0.5226486979166667 0.3786643981481482 0.08153489583333333 0.15798064814814816
2 0.55791953125 0.3599347222222222 0.06779322916666668 0.12377870370370371
1 0.6215898437499999 0.12215 0.04489010416666666 0.0651462962962963
5 0.6495317708333334 0.12133518518518518 0.029315625 0.03745925925925926
1 0.6692283854166666 0.1490226851851852 0.0485546875 0.07003240740740742
1 0.7095379010416667 0.2157981851851852 0.05771586458333333 0.14169444444444446
1 0.7984018229166667 0.2043975601851852 0.03939322916666667 0.07328956481481481
5 0.07966746354166668 0.6030041666666667 0.05794007291666667 0.11874166666666668
1 0.2237123203125 0.45350482407407405 0.08530068229166667 0.1773959074074074
1 0.46995719270833336 0.515021625 0.12553626041666666 0.3347636203703704
2 0.38516322656249996 0.42146034722222225 0.078401671875 0.2831855092592593
1 0.5108545546875001 0.22345116203703705 0.04106744270833333 0.08628286111111111
3 0.2824569765625 0.34334785185185185 0.045064171875 0.22603762962962964
1 0.740148046875 0.18473458796296297 0.040445052083333335 0.05309749074074074
