2 0.16294088541666665 0.36712837962962963 0.06659322916666666 0.09445861111111113
1 0.108745359375 0.3885388518518518 0.04746553124999999 0.09697770370370372
1 0.12185149739583334 0.6643577453703704 0.10484908854166668 0.2178840092592593
3 0.1998915546875 0.6129238055555556 0.08948727604166666 0.17043279629629637
3 0.2750680625 0.5566750879629629 0.08398404166666662 0.20151128703703702
3 0.31171302083333335 0.17506299074074075 0.042506249999999926 0.07556672222222223
3 0.3474890625 0.15617129629629625 0.04179791666666664 0.07808518518518515
3 0.38574475520833335 0.14042843055555557 0.03613013541666662 0.07430686111111114
3 0.4445450520833333 0.12468518518518518 0.04463177083333338 0.06297222222222221
1 0.2943560312500001 0.3369016388888889 0.06021710416666668 0.23299772222222226
1 0.3357997395833333 0.2569268518518518 0.055257812499999955 0.0730481481481482
2 0.4622559895833333 0.19395462962962964 0.05596614583333341 0.0906796296296296
1 0.33721661197916664 0.3123426111111112 0.06234259895833342 0.10075559259259258
3 0.38577370572916675 0.28351756481481477 0.05602449479166669 0.08340735185185182
1 0.3875158177083333 0.42758207407407406 0.0807621145833334 0.27329933333333334
2 0.4835091145833334 0.30478575462962965 0.05029947916666663 0.10579373148148148
2 0.5263696536458333 0.2638539027777778 0.05100756770833327 0.10453400925925925
2 0.5756062239583333 0.2512595185185185 0.07155203124999995 0.10453385185185185
2 0.6131533854166666 0.2311083333333333 0.06163385416666678 0.08690185185185181
1 0.5621458125000001 0.35201513888888886 0.07013545833333333 0.12972287037037034
1 0.5816276041666666 0.10138518518518519 0.035421875 0.0642314814814815
1 0.6248424479166667 0.12342592592592594 0.05100781249999997 0.06549074074074074
1 0.6712453125 0.14987407407407408 0.05029895833333337 0.060453703703703725
1 0.7505903645833334 0.16057962962962968 0.03896406250000008 0.07430740740740742
1 0.20761802604166668 0.46423462962962964 0.0820815416666667 0.18168814814814815
1 0.06638941406250001 0.4120173842592593 0.04908783854166667 0.08869856481481485
3 0.4707618958333333 0.5221744629629629 0.1255362916666666 0.32618040740740745
3 0.6517905546874999 0.11670337500000001 0.03546756770833331 0.04977843518518519
