1 0.15798177083333334 0.3551638379629629 0.06517604166666667 0.1007554537037037
1 0.10555729166666668 0.3822416666666667 0.042506249999999995 0.0994962962962963
1 0.07190625 0.4741813194444445 0.06305104166666667 0.13476078703703703
3 0.14345859375 0.44962204166666664 0.07296927083333334 0.11838815740740741
1 0.087138 0.5560451759259258 0.06234275 0.18261998148148148
1 0.11760078125 0.6637277777777778 0.09209739583333333 0.23677592592592592
1 0.2897512291666667 0.562342587962963 0.09634754166666666 0.18765739814814816
3 0.31135885416666664 0.17884166666666668 0.041797916666666664 0.07556666666666666
3 0.3365535651041667 0.1561712962962963 0.03126233854166667 0.06549074074074074
1 0.3853903645833333 0.14798472222222223 0.0481734375 0.06675092592592592
3 0.44135703125 0.12594444444444444 0.0368390625 0.06045370370370371
1 0.2940018645833333 0.33564259259259255 0.05950877083333333 0.21284629629629628
2 0.38751588541666665 0.22040292592592595 0.05242447916666667 0.10075585185185186
3 0.36980485416666664 0.27329962037037037 0.04533991666666667 0.09319924074074074
1 0.5047622395833333 0.2216625 0.05171614583333333 0.09823611111111111
1 0.38503633593750003 0.4357680555555556 0.08430441145833334 0.3047861111111111
1 0.49342708333333335 0.3047861111111111 0.05596666666666667 0.09823703703703704
1 0.5373505208333333 0.2701509259259259 0.061634375 0.0994962962962963
1 0.444190625 0.3369018518518519 0.06375937500000001 0.10201481481481482
1 0.45162916666666664 0.5006296296296296 0.09138854166666667 0.3035259259259259
1 0.5568324713541667 0.36775812037037037 0.08926318229166667 0.17128475925925926
1 0.5798567708333333 0.09949583333333334 0.04038125 0.06801018518518517
1 0.62094609375 0.12342592592592594 0.043215104166666664 0.06549074074074074
5 0.6471583333333334 0.12342592592592594 0.029045833333333333 0.04030185185185185
1 0.7056046874999999 0.21221662500000002 0.06234270833333333 0.1523929537037037
1 0.7318166666666667 0.17254444444444444 0.049590625 0.07556666666666666
1 0.7551953255208333 0.16309814814814813 0.03683856770833334 0.07178888888888889
2 0.7661759296875 0.268891587962963 0.05880022395833333 0.17254428703703703
3 0.7976173776041666 0.20088148148148147 0.04800558854166667 0.07178888888888889
1 0.5783670026041666 0.25608412037037037 0.069068078125 0.1028762037037037
