2 0.16258671875 0.3715366203703704 0.0743859375 0.08312324074074073
1 0.10661983854166665 0.3860199074074074 0.04321448958333333 0.09445833333333334
3 0.07261484375 0.47584697222222216 0.06446822916666667 0.13557357407407405
3 0.1441671875 0.4508814814814815 0.06588437500000001 0.12342592592592594
4 0.09245104166666666 0.5730476851851851 0.07013541666666666 0.1309824074074074
1 0.14275030208333334 0.5207809814814814 0.05313289583333333 0.15743048148148148
1 0.21217734375 0.46032725 0.07296927083333334 0.17758227777777777
1 0.11512128645833333 0.6681359907407407 0.09847305208333333 0.22292198148148148
3 0.2689019921875 0.571788513888889 0.091487859375 0.17128443518518519
3 0.31100442708333337 0.17758148148148148 0.04250677083333333 0.07556666666666666
3 0.34926015625 0.15617129629629628 0.0368390625 0.07808518518518517
2 0.3868072916666667 0.1429472222222222 0.042506249999999995 0.06423148148148149
1 0.442065625 0.12090694444444444 0.04108958333333333 0.0705287037037037
1 0.2954188463541667 0.340050462962963 0.060925848958333334 0.22166203703703705
1 0.5012202083333333 0.17317400462962965 0.06305125 0.07682578703703705
2 0.33969611197916666 0.31171279166666666 0.05313277604166667 0.09697743518518519
2 0.5114924583333333 0.22103283333333335 0.04534008333333333 0.09445825925925926
1 0.3843277942708333 0.4363981481481482 0.081470453125 0.30100740740740745
1 0.4470244791666667 0.3268260462962963 0.07084375000000001 0.11209098148148149
1 0.48974803906250003 0.3060454768518519 0.047190869791666666 0.10327428703703705
1 0.5380588541666668 0.26952119444444445 0.061634375 0.09571831481481483
1 0.45233802083333335 0.49811111111111117 0.09138854166666667 0.29848888888888886
2 0.5207020833333333 0.38224166666666665 0.08642916666666665 0.15995
2 0.56143746875 0.3539046296296296 0.07863639583333333 0.13602037037037035
1 0.5805651041666666 0.10264444444444445 0.03471354166666667 0.06171296296296297
1 0.6195291666666666 0.12279583333333333 0.041797916666666664 0.06675092592592592
5 0.64645 0.12216666666666666 0.0304625 0.03778333333333333
2 0.7109177213541666 0.2185139583333333 0.06446768229166668 0.13979828703703703
2 0.7654674479166667 0.2663728842592593 0.058800520833333335 0.18513836111111112
1 0.5765826692708332 0.2525037407407408 0.06679195312500001 0.10157400000000001
1 0.5220547552083333 0.1576327453703704 0.04355641666666667 0.07853982407407407
2 0.7323700208333332 0.1709070787037037 0.04604535416666666 0.07632743518518519
