2 0.16294088541666665 0.3690175416666666 0.07509427083333334 0.08564249074074073
1 0.10555728125 0.3891685185185185 0.05667502083333333 0.0881611111111111
3 0.07226067708333334 0.47244179166666667 0.06375989583333333 0.13380024999999998
3 0.14452135416666667 0.4496222222222222 0.06517604166666667 0.12594444444444444
1 0.09315951041666667 0.5789866203703703 0.07013514583333333 0.1353028703703704
1 0.14416712760416667 0.5232999675925927 0.05454988020833333 0.16498697222222222
4 0.1856108098958333 0.607682787037037 0.079345046875 0.14483594444444445
3 0.2671962682291667 0.564231662037037 0.08524266145833333 0.1889170277777778
3 0.31100442708333337 0.1756926203703704 0.04250677083333333 0.07430746296296296
2 0.35209401041666666 0.16057916666666666 0.03825572916666666 0.06675092592592592
2 0.387515625 0.14483630092592592 0.04108958333333333 0.06549112037037037
3 0.4477330729166667 0.12405545833333333 0.0410890625 0.061712768518518514
1 0.2961270833333333 0.34068024999999996 0.06234270833333333 0.2229216111111111
2 0.33721666666666666 0.2437027777777778 0.05384166666666667 0.09193888888888889
1 0.4998032291666667 0.17254398148148148 0.061634166666666663 0.07304722222222222
1 0.5231815104166667 0.1598604398148148 0.0460484375 0.08078282407407408
2 0.34005030729166663 0.3091939814814815 0.05242457291666667 0.09445833333333334
3 0.3931831510416667 0.2802268425925926 0.05950901041666667 0.07682590740740741
2 0.3779519114583333 0.4313601851851852 0.06446805208333334 0.3085648148148148
3 0.44525338541666665 0.331234287037037 0.06588489583333333 0.1007556111111111
1 0.4871837630208333 0.30541527777777777 0.037282348958333336 0.10705277777777779
1 0.53239140625 0.27392962962962963 0.06446822916666667 0.11209074074074074
1 0.5787941953125001 0.2544078703703703 0.07651109895833333 0.10579351851851852
1 0.6053604166666666 0.2292189814814815 0.06871875 0.10831203703703704
1 0.47819584374999996 0.5277078703703705 0.13743703125 0.3551638888888889
2 0.5575408854166667 0.3494962962962963 0.08784635416666667 0.1297222222222222
1 0.5827214791666667 0.1026449074074074 0.03683854166666667 0.05919351851851852
1 0.6216544270833333 0.12342592592592594 0.0460484375 0.06549074074074074
5 0.6471583333333334 0.12279583333333335 0.029045833333333333 0.041562037037037036
3 0.4655312109375 0.19027158796296295 0.06518221354166667 0.08583645370370371
