1 0.11165409895833331 0.3864659722222222 0.05075194791666668 0.10225601851851848
2 0.14929505989583333 0.3571430555555555 0.039755744791666665 0.08571388888888887
2 0.21400382552083333 0.4556390972222221 0.071052765625 0.1804511203703704
2 0.12265026041666666 0.6691727037037036 0.0981203125 0.21353429629629628
2 0.20554511197916667 0.6233082175925926 0.09304510937500003 0.19097754629629632
3 0.31170130208333335 0.17518774999999998 0.0431390625 0.07669216666666669
3 0.3819080729166666 0.1421051388888889 0.03975572916666673 0.07067694444444445
1 0.44450182291666673 0.12330833333333334 0.041447395833333366 0.06315740740740743
1 0.29520674218750004 0.33909779166666665 0.05921047395833335 0.2330826203703704
1 0.3852914062500001 0.21879719907407408 0.049905729166666704 0.1097740277777778
1 0.5798403645833333 0.10300740740740738 0.036372395833333356 0.06165370370370369
1 0.6229794270833333 0.12030058333333331 0.04821406249999995 0.07218079629629628
1 0.6724625 0.1503759259259259 0.050752083333333316 0.06315740740740738
1 0.33665419531249996 0.3120298888888889 0.06090214062499998 0.10375977777777778
3 0.38529114583333335 0.2849625 0.05498124999999998 0.08571388888888887
3 0.38782884895833336 0.42330833333333334 0.07866521875000003 0.28421111111111114
2 0.5282427083333333 0.26466157407407415 0.054981250000000044 0.11127870370370369
2 0.5218984375000001 0.3804510601851852 0.08120312500000004 0.15338360185185185
2 0.5616539062499999 0.3571430555555555 0.07105260416666663 0.12180462962962967
2 0.7092574010416667 0.21578957870370372 0.056672697916666695 0.1428569351851852
1 0.7566260416666667 0.16090231481481482 0.036371874999999915 0.06917314814814812
2 0.7659303645833333 0.2721805555555556 0.06005656249999992 0.18947407407407404
1 0.7989190104166667 0.20451157407407408 0.04144739583333319 0.07518796296296301
1 0.8179510416666669 0.1954884259259259 0.023684374999999966 0.06917314814814812
3 0.26877685156250003 0.5565093287037037 0.09012870312499996 0.21745356481481481
1 0.07926511979166667 0.576537837962963 0.05713538541666665 0.1430613611111111
2 0.5758780833333332 0.2527655138888889 0.07031241666666664 0.10508843518518515
1 0.33717810156250005 0.260371837962963 0.048283286458333366 0.06866928703703702
1 0.34814014322916653 0.15486720833333334 0.03795617187500001 0.07522113888888889
3 0.6521017526041668 0.11615059722222221 0.03484517187500001 0.0486728796296296
