2 0.1607796875 0.3599347222222222 0.05588333333333333 0.08794722222222218
3 0.06687708333333334 0.5024430555555556 0.06046458333333333 0.13517870370370375
2 0.2157470572916667 0.46172638888888884 0.07237359375000005 0.19381018518518522
3 0.31285625 0.1376220138888889 0.03756145833333336 0.06677550925925924
2 0.349959375 0.1620522361111111 0.03481250000000002 0.07328965740740741
2 0.38293958333333333 0.14739398148148147 0.040309375 0.0635175925925926
3 0.4443197916666667 0.12377870370370368 0.04397395833333325 0.0618888888888889
2 0.3856880052083333 0.21986993518518516 0.05313538541666662 0.09446209259259256
1 0.33438515625 0.2516287037037037 0.0567994791666667 0.09283333333333332
1 0.33530130208333336 0.3127034768518518 0.05863177083333338 0.10423473148148148
3 0.3856880208333333 0.2850162037037037 0.05679999999999996 0.08468981481481484
3 0.38889449739583337 0.4258959537037037 0.079702671875 0.281758574074074
3 0.43470078125000006 0.3428337962962963 0.04672239583333339 0.10586388888888885
1 0.4842940963541667 0.3061888888888889 0.050631942708333356 0.11075000000000002
2 0.5057005208333333 0.21824125000000003 0.03847708333333338 0.09446212962962963
1 0.5336421875 0.27280118981481477 0.0595479166666666 0.10260608333333333
2 0.615177109375 0.23452764814814814 0.06321255208333329 0.09120529629629627
1 0.46813932291666666 0.5130291666666666 0.12276093749999989 0.338762037037037
2 0.5217325520833334 0.3827361574074074 0.08153489583333329 0.14983712962962956
2 0.5643322916666667 0.3591204490740741 0.07328958333333334 0.11563502777777777
1 0.6229640624999999 0.12215 0.04580625000000005 0.06840370370370373
5 0.6490736979166667 0.12377824074074073 0.032064062499999935 0.035830555555555574
1 0.6696864583333332 0.1490226851851852 0.04763854166666673 0.066775
1 0.711828265625 0.21742638888888888 0.06229659374999995 0.14495092592592596
1 0.7544278645833332 0.16205231481481483 0.0357286458333333 0.0700324074074074
2 0.7658794895833334 0.2711728425925926 0.05863189583333342 0.18403950000000005
1 0.7997760416666665 0.20195452777777775 0.04214166666666668 0.07491831481481484
1 0.2772262786458333 0.5557937962962963 0.11829422395833333 0.1959938888888888
1 0.08248385416666666 0.5786837962962963 0.061963541666666656 0.14163055555555545
1 0.1376073203125 0.4399141990740741 0.07242494270833331 0.13876975
2 0.5755670468749999 0.25221221759259255 0.0721794479166667 0.09292000925925929
3 0.28285956510416665 0.3440631296296296 0.04747878645833333 0.22746818518518516
3 0.3111171796875 0.17533193055555557 0.04355626562500004 0.07190280555555553
1 0.81880390625 0.19814006018518518 0.024946354166666632 0.061516175925925946
2 0.7401480833333333 0.1847345138888889 0.04044549999999999 0.04646017592592594
