2 0.1597731640625 0.35724758333333334 0.059297421875 0.0966322037037037
3 0.12394765625 0.6617862361111112 0.09141614583333334 0.19912152777777778
2 0.28454427083333333 0.5556370648148148 0.10459375 0.18887227777777776
3 0.31172213541666666 0.1786236111111111 0.042002604166666666 0.07613425925925925
1 0.43855234374999996 0.12079027777777777 0.03376614583333334 0.0688138888888889
3 0.29195625000000003 0.3451625555555556 0.04694375 0.24815844444444446
3 0.33684114583333336 0.25622222222222224 0.05106145833333333 0.06735
1 0.38020361979166667 0.21888703703703705 0.06201765625 0.09809629629629629
1 0.5225568203125001 0.15666180555555556 0.06506240104166666 0.08784768518518518
2 0.3924321901041667 0.2862370601851852 0.045296671875 0.08345560185185186
2 0.38543203125 0.3909223055555555 0.0856515625 0.23718905555555556
1 0.4830253515625 0.30161041203703703 0.04859096354166667 0.11420230555555555
1 0.5386164062500001 0.2730601851851852 0.0642390625 0.1039537037037037
1 0.5781479166666668 0.2510983287037037 0.07576875 0.1010244351851852
2 0.6127380208333334 0.22767175925925925 0.07576875 0.10395277777777778
2 0.5604408854166666 0.3528548888888889 0.07659218749999999 0.11420237037037037
5 0.6481515625000001 0.1215226851851852 0.029648958333333333 0.03806759259259259
1 0.6707997395833334 0.1434847824074074 0.05023802083333333 0.07613437962962963
2 0.7519216145833334 0.16325046296296294 0.032943229166666664 0.07467129629629629
1 0.4820278697916667 0.16952811574074073 0.038626552083333335 0.08440673148148149
3 0.8099518229166666 0.17882708333333333 0.029774479166666666 0.0686699074074074
2 0.7336144973958334 0.1714601851851852 0.04480086979166666 0.08407037037037038
1 0.5805447916666666 0.10011018518518519 0.03235625 0.06084074074074074
