2 0.16490227343749997 0.36319231944444447 0.05863191145833335 0.08794760185185184
2 0.12413473958333336 0.6677523009259259 0.0925284375 0.20521200925925925
2 0.20521171874999997 0.6237783935185185 0.08977968750000007 0.18892530555555562
3 0.3101080729166667 0.17670972222222223 0.043057812499999966 0.07654722222222218
2 0.3490432291666667 0.16042355555555557 0.03847708333333332 0.07328970370370369
2 0.38614609375 0.14739398148148147 0.043057812499999966 0.0635175925925926
3 0.44386171875 0.12459305555555554 0.04305781249999991 0.06351759259259263
1 0.3357593750000001 0.262214888888889 0.05405104166666662 0.07491837037037039
1 0.52081640625 0.16123796296296297 0.039393229166666724 0.07817592592592593
1 0.33575937499999997 0.31270370370370365 0.061380208333333346 0.1042351851851852
3 0.3852299479166667 0.2866449074074074 0.05588385416666668 0.09120462962962961
2 0.38614609375 0.4201955324074075 0.08153489583333329 0.2866447685185185
1 0.4850874999999999 0.30456003703703705 0.048554166666666634 0.1074922962962963
2 0.57532578125 0.253257462962963 0.06962552083333347 0.09934825925925929
1 0.6220479166666666 0.12296435185185185 0.04763854166666673 0.06677500000000001
5 0.6490736979166667 0.12296388888888887 0.03023177083333325 0.04071666666666667
1 0.6696864583333332 0.14820833333333333 0.04763854166666673 0.06840370370370367
1 0.7067894635416666 0.21579814814814816 0.05221898958333344 0.14495185185185186
2 0.7658794895833334 0.26628657407407413 0.05863189583333342 0.1840398148148148
1 0.8171824453125001 0.1938111111111111 0.02748364062500007 0.0684037037037037
2 0.5221906145833333 0.38029310185185183 0.08245102083333335 0.1547232407407407
1 0.5809192708333335 0.10327453703703703 0.036838541666666794 0.060452777777777765
1 0.07926510416666667 0.5736766342592592 0.05874479166666667 0.14592265740740756
3 0.4695548489583334 0.5178827361111111 0.12634094791666672 0.32904139814814815
1 0.5145878802083333 0.22179218981481483 0.049778885416666675 0.08738969444444443
3 0.2820546171875 0.3404862777777778 0.04586889062499999 0.22031448148148144
1 0.7401479661458334 0.18362825 0.041689682291666585 0.053097203703703695
