1 0.16169583333333334 0.3599351851851851 0.061380208333333346 0.08143333333333337
3 0.06870911458333336 0.5084579953703705 0.06229635416666667 0.15046599074074077
1 0.1438315104166667 0.4389254629629629 0.06412864583333334 0.15146574074074076
2 0.1378765625 0.5293157407407408 0.061380208333333346 0.15635185185185185
1 0.22353429687499995 0.4584692777777778 0.08794807291666663 0.18729596296296294
1 0.2917854166666667 0.5521171388888889 0.09069583333333332 0.20195464814814815
3 0.31102421875 0.1758955787037037 0.04122552083333334 0.07491893518518525
2 0.34950130208333335 0.16042361111111111 0.03572864583333336 0.0700324074074074
2 0.38660416666666664 0.14820847222222222 0.043973958333333306 0.0651465740740741
3 0.44523605208333333 0.12377867129629629 0.04397372916666663 0.06514623148148149
2 0.38522994791666665 0.22475601851851856 0.05038697916666664 0.10749166666666668
1 0.3357593750000001 0.25814321296296294 0.05405104166666662 0.07329012962962965
2 0.3320947916666667 0.31270370370370365 0.05405104166666662 0.1042351851851852
3 0.38614609375 0.2850162037037037 0.0577161458333333 0.09120462962962961
2 0.3866041770833333 0.4201955324074075 0.08245102083333335 0.2866447685185185
3 0.4241653958333334 0.3298045138888888 0.05496725000000004 0.1286645833333333
1 0.4841713541666667 0.3045601851851852 0.054051041666666674 0.10749259259259258
1 0.53776484375 0.27198683796296297 0.06779322916666679 0.10423478703703705
2 0.5762419270833334 0.2548861111111111 0.07145781250000004 0.10586296296296295
5 0.64724140625 0.12052083333333333 0.030231770833333373 0.032573148148148164
1 0.6701445312499998 0.1490226851851852 0.04855468750000007 0.0700324074074074
2 0.7090798385416668 0.2182408472222222 0.05863198958333342 0.14657941666666668
2 0.7626731770833334 0.26710138888888885 0.050386979166666755 0.19218240740740736
1 0.46905520833333336 0.521172685185185 0.12276041666666675 0.3192175925925926
2 0.5218614583333333 0.3798285185185186 0.0812770833333334 0.15593666666666675
1 0.508054578125 0.22013275462962958 0.054134593749999974 0.0884956018518518
3 0.2824569609375 0.3454936851851852 0.046673578124999913 0.2303292962962963
1 0.7401479661458334 0.18473472222222223 0.041689682291666585 0.05309722222222222
1 0.6219233671875001 0.12223468055555554 0.04542305729166678 0.0652658240740741
