2 0.16329505208333334 0.3683880092592593 0.07580260416666666 0.08942046296296297
1 0.10591145833333333 0.38727962962962964 0.04038125 0.09445925925925927
3 0.14310442708333332 0.44962222222222226 0.06659322916666667 0.12090740740740742
3 0.07226067708333334 0.4743306805555556 0.06375989583333333 0.13002247222222224
1 0.08678372916666666 0.5843828611111112 0.057383583333333335 0.13098238888888888
1 0.1448756171875 0.518262087962963 0.05738352604166667 0.13979825
4 0.18525654166666666 0.6120906574074074 0.07438587499999999 0.14861464814814815
3 0.2671962994791667 0.5654913842592593 0.08524259895833333 0.18639758333333334
1 0.29612723177083333 0.3431986111111111 0.06092574479166667 0.2304787037037037
2 0.3354455729166667 0.24622175925925924 0.0531328125 0.09193981481481482
2 0.38539036458333337 0.2216625 0.055257812499999996 0.10075648148148147
1 0.5005415338541667 0.17002546296296295 0.061693484375 0.0705287037037037
2 0.33863359374999996 0.3110833333333334 0.0510078125 0.09823703703703704
3 0.3992049479166667 0.28778333333333334 0.0531328125 0.09445925925925927
1 0.3758263854166667 0.4294708333333333 0.07438577083333334 0.31738055555555555
2 0.44915 0.3324936388888889 0.07084375000000001 0.1007557962962963
1 0.4885466197916667 0.30541574074074074 0.043371364583333336 0.10453333333333334
1 0.5362877604166667 0.27392962962962963 0.07226093750000001 0.10957222222222221
2 0.5741893229166667 0.2544078703703703 0.07296927083333334 0.10579351851851852
1 0.6085484375 0.22984861111111113 0.06942708333333333 0.10705277777777779
1 0.47713333333333335 0.5314858333333333 0.13956249999999998 0.34508796296296296
2 0.5199937499999999 0.38161203703703706 0.08359583333333333 0.16120925925925925
2 0.5600204895833334 0.3507560185185185 0.08005347916666666 0.13224166666666667
1 0.5816278645833334 0.10327453703703703 0.0368390625 0.06045277777777778
1 0.6227171874999999 0.12153657407407407 0.048173958333333336 0.06675092592592592
5 0.6475125 0.12027685185185186 0.026920833333333335 0.03652407407407407
1 0.7537783854166666 0.1593199074074074 0.029754687499999998 0.07430648148148149
3 0.4647265625 0.1888412037037037 0.06357291666666667 0.082975
3 0.311117359375 0.17588496759259262 0.042312156249999996 0.07300882407407408
1 0.3487625494791667 0.15707956481481483 0.03297822395833334 0.07743346296296297
3 0.44259660156249997 0.12374823148148148 0.03862653645833333 0.0615165
1 0.7354810989583334 0.17035408796296297 0.04231176041666666 0.0752214537037037
