1 0.16625302864583336 0.36039722222222226 0.05782689062500002 0.09696296296296289
1 0.10645434635416666 0.3825932777777778 0.042055890625 0.10630877777777781
1 0.06636953124999999 0.47313087962962963 0.07622656250000001 0.15887842592592594
1 0.1215682890625 0.6664719537037037 0.082797796875 0.23014020370370372
2 0.2833313697916667 0.5478970787037036 0.10930292708333335 0.2079441574074075
3 0.3095065104166667 0.17523387499999998 0.042055729166666646 0.07476589814814813
3 0.34893385416666667 0.1582944444444444 0.03679895833333333 0.07126111111111112
3 0.44174474479166664 0.1267523148148148 0.037111364583333285 0.05957870370370372
1 0.29636396614583327 0.3469625972222222 0.061769984375000024 0.23598134259259265
1 0.3338200052083333 0.247663412037037 0.04862751041666667 0.10046756481481478
3 0.46261692708333335 0.19334120370370375 0.06045572916666669 0.08995277777777778
1 0.51387265625 0.1582944444444444 0.04337031249999998 0.0899537037037037
2 0.3463055208333333 0.31016342592592594 0.0551985416666667 0.10163611111111111
2 0.39427552083333334 0.28855138888888887 0.06176979166666664 0.09579351851851851
3 0.438303125 0.3440420925925926 0.05782708333333334 0.09929900000000003
1 0.4862731770833334 0.3008180555555556 0.06439843750000004 0.11331759259259258
1 0.534900640625 0.269275625 0.06571273958333321 0.1133179166666667
1 0.45210268489583333 0.5035045092592593 0.09068317187499998 0.3037386481481481
1 0.62295546875 0.12266342592592594 0.04731302083333352 0.0677564814814815
5 0.6475979166666667 0.12149537037037038 0.02957083333333337 0.035046296296296305
1 0.6735544270833334 0.14427592592592595 0.05257031250000021 0.07359814814814812
1 0.7655520390625 0.27336435185185187 0.05782699479166678 0.17523425925925928
1 0.80333671875 0.20327083333333335 0.040084895833333314 0.0771027777777778
1 0.14000286458333333 0.42865044444444445 0.07342343750000004 0.10730088888888886
1 0.5793004348958333 0.2544246851851852 0.06844600520833334 0.10398211111111108
