3 0.1356659453125 0.42506277314814817 0.058800401041666665 0.13224221296296296
2 0.14983463541666667 0.5264484814814816 0.0814703125 0.14357659259259262
2 0.21217734375 0.4515115 0.06163385416666667 0.17002485185185184
2 0.2838547317708333 0.545340050925926 0.11147508854166667 0.20654912037037038
3 0.3102958333333333 0.17380373148148148 0.042506249999999995 0.07808524074074073
3 0.4405082708333333 0.1227962962962963 0.037974875 0.06423148148148149
1 0.29541876822916663 0.34508812962962965 0.06092569270833333 0.23929477777777777
1 0.4615473958333333 0.19458448148148147 0.05596666666666667 0.0793448888888889
1 0.5203479166666667 0.15806038888888888 0.05029895833333333 0.08942077777777778
3 0.38751564843749997 0.26196480555555557 0.05525838020833333 0.11334998148148148
3 0.4367520833333333 0.32934531018518515 0.061634375 0.12720358333333334
1 0.4866971354166667 0.3010074074074074 0.06375989583333333 0.10831296296296296
1 0.5355791666666666 0.27078101851851855 0.06375937500000001 0.103275
2 0.611028125 0.23803518518518516 0.06305104166666667 0.09067962962962962
1 0.4534003828125 0.5012593425925926 0.08784610937500001 0.29974831481481484
2 0.5522276041666667 0.3526449074074074 0.080053125 0.1385398148148148
1 0.6230713541666666 0.1227962962962963 0.04888229166666667 0.06423148148148149
5 0.6468041666666667 0.12153657407407407 0.02975416666666667 0.03652314814814815
1 0.7095010026041667 0.21914377314814815 0.05596674479166666 0.14357643518518518
1 0.7658218463541666 0.26826203703703705 0.05667494270833333 0.18639814814814815
1 0.8008895833333334 0.20654907407407408 0.04038125 0.06800925925925926
1 0.08409341927083333 0.5693848796296296 0.074839203125 0.14592283333333333
2 0.5752558229166667 0.2527652824074074 0.0591123125 0.09845091666666667
1 0.4820278854166667 0.16881281018518518 0.037017145833333334 0.0858373425925926
1 0.34907367447916665 0.15707956481481483 0.034845359375 0.07743346296296297
2 0.7361033177083333 0.17201327314814815 0.04231216666666667 0.07632743518518519
