3 0.12271223958333334 0.6734992037037038 0.09224010416666668 0.18155211111111122
3 0.27054367447916666 0.5710102314814814 0.09800535937500002 0.1698389814814815
3 0.15483155468750004 0.3616398240740741 0.054355640624999986 0.09956075925925927
3 0.4714952942708333 0.5204981481481482 0.12435933854166663 0.3206444444444445
1 0.5625 0.35651533333333335 0.08071041666666658 0.124451037037037
3 0.43319895833333344 0.3330890972222222 0.05764999999999999 0.11859486111111105
2 0.33231145833333336 0.31039537037037035 0.04364895833333341 0.10248888888888888
2 0.39160885416666674 0.28843379629629634 0.04859062499999999 0.08491944444444446
3 0.28825030989583333 0.338213888888889 0.04776708854166669 0.2401166666666667
3 0.31048671875 0.17642777777777777 0.04117864583333327 0.0746703703703704
3 0.34260625 0.15812592592592595 0.03623750000000001 0.07027777777777779
1 0.6226208333333332 0.11932638888888888 0.046119791666666646 0.06881388888888891
5 0.64938671875 0.12298675925925927 0.03211927083333326 0.040995740740740735
1 0.6670937499999999 0.1471449074074074 0.039531250000000046 0.06588611111111108
1 0.7025072916666667 0.13909215740740744 0.039531250000000046 0.061493574074074075
2 0.76509871875 0.26939975925925924 0.05929743749999995 0.18447962962962958
1 0.8013361979166668 0.2035137592592593 0.0477671875000001 0.06442196296296299
2 0.8206901041666668 0.19546108796296296 0.03541354166666674 0.07174254629629628
2 0.7305088541666667 0.17276759259259258 0.0494145833333332 0.07906296296296295
2 0.6110906249999999 0.229136 0.07576874999999994 0.1039534814814815
2 0.5732065104166665 0.25183027314814815 0.0724744791666667 0.0995605462962963
1 0.5373809895833334 0.27452431944444444 0.06506197916666666 0.10102456481481484
3 0.3368411458333334 0.2554904398148148 0.05106145833333328 0.08052717592592591
1 0.3833728671875001 0.3894578703703704 0.08153343229166664 0.2313324074074074
1 0.3802306692708334 0.21602288888888893 0.05874467187499999 0.10014305555555554
1 0.4804185 0.1673819722222222 0.0402359583333333 0.08011444444444443
1 0.38298534114583327 0.1443583472222222 0.041689713541666625 0.06747775
