2 0.16329479166666663 0.363349949074074 0.06305104166666663 0.08438323148148148
3 0.2755186432291667 0.5673804583333332 0.086301765625 0.187657212962963
3 0.31150676302083335 0.17594069907407403 0.0443354322916667 0.07732213888888889
3 0.349260046875 0.15928769444444443 0.03683884375000008 0.06416798148148146
3 0.38539036458333337 0.14168796296296296 0.04108906250000004 0.07430740740740742
3 0.4434822916666666 0.12342573148148148 0.04250624999999998 0.060453314814814814
1 0.29223072916666665 0.340050462962963 0.05454999999999997 0.2317379629629629
1 0.33650833333333335 0.2569268518518518 0.05525833333333328 0.07556666666666668
1 0.5253067708333333 0.16372777777777778 0.04179791666666664 0.07304814814814814
3 0.38673288541666667 0.2852645324074074 0.05540714583333326 0.08438276851851859
1 0.44757320833333325 0.32493725462962963 0.060605791666666714 0.13098191666666661
2 0.48563434635416663 0.3028962962962963 0.05454994270833329 0.11209074074074074
2 0.5359335651041667 0.264483625 0.07013539062499993 0.11083123148148148
2 0.6113821953124999 0.23236765740740745 0.06517623437499995 0.09949642592592596
2 0.5221190104166666 0.38098247685185177 0.08217864583333329 0.15239273148148144
1 0.5816278645833334 0.10327453703703701 0.03683906249999988 0.05793425925925925
1 0.6237799479166666 0.12216620370370371 0.05029947916666657 0.06801018518518516
1 0.74988203125 0.1618388888888889 0.03896406250000008 0.07682592592592591
2 0.8150583333333333 0.19458425925925926 0.036130208333333275 0.06171296296296297
2 0.5761891015625 0.252765712962963 0.07217908854166666 0.10508894444444444
