1 0.16592447916666667 0.35105138888888887 0.053227083333333335 0.09929907407407407
3 0.1442390625 0.41179861111111105 0.0611125 0.15070092592592593
2 0.14555338541666665 0.5268691249999999 0.0808265625 0.14252343518518518
2 0.210937421875 0.45677546296296295 0.05914151041666667 0.1799064814814815
1 0.1140114453125 0.6717289814814815 0.09134065104166668 0.19626166666666667
2 0.20962317708333333 0.621495324074074 0.09331197916666666 0.1915887962962963
2 0.2833312604166667 0.5478973935185185 0.10930314583333334 0.21027997222222222
2 0.31016354166666665 0.1752337962962963 0.04074166666666667 0.07710277777777778
3 0.3482768229166667 0.1588787037037037 0.03679947916666667 0.07242962962962964
3 0.44061164062499997 0.1250000277777778 0.03615869791666667 0.05841116666666667
1 0.29669246614583333 0.3452102638888889 0.062426984375 0.2348131203703704
1 0.332834375 0.24824768518518514 0.05454166666666667 0.09462685185185185
3 0.46393096875 0.19275700462962964 0.06308389583333333 0.08411215740740742
1 0.49514453125 0.17056064814814814 0.0597984375 0.08644907407407407
2 0.52964375 0.16296759259259258 0.04599895833333333 0.07359814814814815
3 0.3875330182291667 0.2737158240740741 0.057483744791666666 0.09416127777777777
1 0.5099299479166667 0.22429903703703705 0.04205572916666667 0.0887851111111111
1 0.4350174453125 0.3204294074074074 0.05519844270833333 0.12684029629629628
2 0.5349007812500001 0.27336435185185187 0.0643984375 0.11214907407407407
2 0.5777911406250001 0.25408888888888886 0.06667188541666666 0.10163518518518519
1 0.4539035546875 0.4976635509259259 0.09165641145833334 0.3060747685185185
1 0.5802424479166668 0.10163564814814814 0.03679947916666667 0.06308425925925926
1 0.62295546875 0.12207962962962964 0.04731302083333333 0.06658888888888889
5 0.64694071875 0.12149537037037038 0.028256770833333333 0.03738333333333334
1 0.6745401041666667 0.14427546296296295 0.05454166666666667 0.07593425925925926
1 0.7395955729166667 0.17640185185185187 0.044027604166666665 0.05140185185185185
2 0.7662089869791667 0.27336435185185187 0.05782734895833333 0.1799064814814815
1 0.8007083333333332 0.2038550925925926 0.03614166666666666 0.07593425925925926
1 0.1058208046875 0.38054386111111116 0.03943130729166667 0.10586598148148149
