2 0.16329505208333334 0.3683880092592593 0.07580260416666668 0.0894204629629629
1 0.10591145833333335 0.38727962962962964 0.04038125000000001 0.09445925925925923
3 0.14310442708333332 0.44962222222222226 0.06659322916666664 0.12090740740740745
3 0.07226067708333334 0.4743306805555556 0.06375989583333333 0.13002247222222235
1 0.08678372916666666 0.5843828611111112 0.05738358333333333 0.13098238888888875
1 0.1448756171875 0.518262087962963 0.05738352604166666 0.13979824999999993
4 0.18525654166666666 0.6120906574074074 0.07438587499999999 0.14861464814814807
3 0.2671962994791667 0.5654913842592593 0.08524259895833332 0.18639758333333334
1 0.2961272317708333 0.3431986111111111 0.06092574479166668 0.2304787037037037
2 0.33544557291666677 0.24622175925925924 0.053132812499999994 0.09193981481481481
2 0.3853903645833334 0.2216625 0.055257812499999955 0.10075648148148149
1 0.5005415338541667 0.17002546296296295 0.06169348437500008 0.07052870370370368
2 0.33863359374999996 0.3110833333333334 0.05100781249999997 0.09823703703703698
3 0.3992049479166667 0.2877833333333334 0.053132812499999994 0.09445925925925927
1 0.3758263854166667 0.42947083333333336 0.07438577083333335 0.3173805555555556
2 0.44915 0.3324936388888889 0.07084375 0.1007557962962963
1 0.4885466197916667 0.30541574074074074 0.04337136458333332 0.1045333333333334
1 0.5362877604166667 0.27392962962962963 0.07226093750000005 0.10957222222222217
2 0.5741893229166667 0.2544078703703703 0.07296927083333339 0.10579351851851852
1 0.6085484375 0.22984861111111116 0.0694270833333332 0.10705277777777782
1 0.47713333333333335 0.5314858333333333 0.13956249999999995 0.3450879629629629
2 0.5199937499999999 0.38161203703703706 0.08359583333333334 0.16120925925925925
2 0.5600204895833334 0.3507560185185185 0.08005347916666677 0.13224166666666676
1 0.5816278645833334 0.10327453703703703 0.03683906249999988 0.060452777777777765
1 0.6227171874999999 0.12153657407407407 0.048173958333333405 0.06675092592592594
5 0.6475125 0.12027685185185186 0.02692083333333327 0.036524074074074056
1 0.7537783854166666 0.1593199074074074 0.029754687500000068 0.07430648148148151
3 0.4647265625 0.18884120370370366 0.06357291666666663 0.08297499999999998
3 0.31111735937500007 0.17588496759259264 0.04231215624999998 0.07300882407407412
1 0.34876254947916674 0.15707956481481483 0.03297822395833337 0.07743346296296295
3 0.44259660156249997 0.12374823148148151 0.038626536458333346 0.061516500000000016
1 0.7354810989583334 0.17035408796296297 0.04231176041666676 0.0752214537037037
