2 0.13383055208333333 0.4553439814814814 0.07494514583333332 0.12591574074074072
1 0.08153374739583334 0.5768668148148147 0.05765021354166666 0.14934103703703694
2 0.13836012239583334 0.5256222222222222 0.05929732812499998 0.14641296296296294
3 0.12394768229166667 0.662518287037037 0.09471088541666667 0.19472916666666656
1 0.20095156249999999 0.617862037037037 0.10047604166666663 0.20205000000000006
3 0.27795546875 0.5717421944444445 0.11447656249999995 0.1800880925925926
3 0.30513359375 0.17862407407407407 0.05353177083333342 0.07906296296296297
3 0.3516653437499999 0.15666157407407408 0.042825562500000025 0.0819916666666667
3 0.38337317708333335 0.14568055555555554 0.03870781249999998 0.07174259259259258
3 0.290311015625 0.3451625555555556 0.051888697916666615 0.24815844444444446
3 0.33684114583333336 0.25256249999999997 0.05270833333333336 0.08052685185185182
1 0.3825494791666666 0.22401188888888893 0.06012083333333328 0.0907756296296296
2 0.46614218749999997 0.19253274074074075 0.06423854166666665 0.08638400000000002
3 0.39078515625 0.2804570277777778 0.04694322916666671 0.08067887037037036
2 0.38584348958333337 0.3879939814814815 0.0831807291666666 0.24304537037037036
1 0.43196380208333335 0.31657110648148146 0.055179687500000026 0.14119406481481478
1 0.53408671875 0.2672037037037036 0.07165052083333331 0.11566666666666668
2 0.5769125 0.25329444444444443 0.07659270833333333 0.10541666666666663
2 0.5229684895833333 0.3799414814814815 0.08070989583333343 0.15080518518518513
2 0.5641500442708334 0.3559814490740741 0.07411553645833321 0.12923882407407405
1 0.5616763020833332 0.07833101851851852 0.03459010416666679 0.0658861111111111
1 0.6209736979166666 0.12225462962962963 0.042825520833333165 0.07174259259259257
5 0.6481515625000001 0.12298657407407408 0.031295833333333314 0.03806759259259259
1 0.6712114583333334 0.14714490740740743 0.0494145833333332 0.0688138888888889
2 0.7099194791666666 0.21595925925925924 0.06094437500000005 0.13909259259259263
1 0.7663340989583335 0.2701319444444444 0.058473468749999924 0.16837499999999997
1 0.81533671875 0.1954611111111111 0.03953177083333337 0.0629574074074074
1 0.0659870859375 0.4077251018518519 0.04667374479166666 0.09442016666666664
3 0.06759663802083334 0.5078683842592591 0.05794005729166665 0.14306150925925928
1 0.48565390624999993 0.3003318564814815 0.04791197916666666 0.10508849074074078
1 0.4828326406250001 0.16881243518518518 0.03218888541666664 0.07725290740740744
1 0.44501067708333336 0.1187411111111111 0.04184531250000004 0.06866962962962965
1 0.7361033359375 0.17256641203703707 0.04106728645833328 0.08407087962962963
