2 0.16362421875 0.3639020231481481 0.0643984375 0.07827071296296297
1 0.10645444270833333 0.38434575925925923 0.03942757291666667 0.1074767037037037
2 0.13175384114583333 0.44042037037037035 0.05979856770833333 0.15420555555555557
4 0.11795415625 0.6507009259259259 0.07031252083333334 0.20327037037037038
3 0.27303596354166665 0.5584110138888889 0.08739786458333333 0.20093499074074075
3 0.3111494791666667 0.17640193055555556 0.04139895833333333 0.07242978703703704
2 0.34860546875 0.15946296296296297 0.034827604166666665 0.06658888888888889
3 0.4438888020833333 0.1255837962962963 0.04271302083333333 0.06191574074074074
1 0.29340693489583336 0.34170555555555554 0.055855921875 0.22546666666666665
1 0.33579140625 0.25525688888888887 0.05651302083333333 0.07126192592592592
3 0.3390770833333333 0.30899543055555556 0.0565125 0.10163530555555556
3 0.3853762291666667 0.286589412037037 0.058063916666666666 0.0794760462962963
1 0.4424197916666667 0.3438286388888889 0.06446770833333333 0.08564246296296296
3 0.46969442708333337 0.5232998148148148 0.12326822916666667 0.3161203703703704
2 0.5214106770833333 0.3860199074074074 0.08076197916666666 0.1448361111111111
1 0.5805651041666666 0.10390433333333333 0.03613020833333334 0.05919385185185185
1 0.6230713541666667 0.1227962962962963 0.047465625 0.06423148148148149
1 0.7502361979166666 0.1618388888888889 0.03967239583333334 0.07178888888888889
2 0.766530234375 0.2720402777777778 0.05667505208333334 0.1838787037037037
1 0.8132872395833334 0.19143564814814815 0.0368390625 0.0705287037037037
5 0.6450330729166667 0.11964722222222221 0.027628645833333333 0.04030185185185185
2 0.5761802083333334 0.2532190185185185 0.06920625 0.10300455555555554
