1 0.16691015625 0.35105138888888887 0.0525703125 0.09696203703703703
1 0.10686769531250001 0.38815796759259263 0.039915651041666673 0.10780423148148148
3 0.1442390625 0.4147194444444444 0.0611125 0.15420555555555557
2 0.14621041666666665 0.531542125 0.08214062500000001 0.13551387962962963
2 0.2109375 0.45560737500000004 0.061769791666666664 0.17757030555555556
1 0.11368281250000001 0.6740655740740741 0.09199791666666667 0.1985978148148148
2 0.20666614583333331 0.6220795833333334 0.08739791666666667 0.19042027777777776
2 0.28260051302083333 0.5478973935185185 0.10915519270833333 0.21027997222222222
2 0.3108206223958333 0.17640194907407408 0.04337021354166667 0.07943908333333334
3 0.34893385416666667 0.15829444444444443 0.03811354166666667 0.07359814814814815
2 0.3824473958333333 0.14427592592592595 0.04994166666666667 0.07359814814814815
3 0.441416359375 0.125 0.03776813541666667 0.058411111111111115
1 0.29767815625 0.3452102638888889 0.06439836458333333 0.2348131203703704
1 0.33217719010416663 0.247663412037037 0.04534188020833333 0.10046756481481481
3 0.46425963541666665 0.19392500000000001 0.0624265625 0.08644814814814815
2 0.52734375 0.16296712037037037 0.046656249999999996 0.07126201851851852
3 0.3853724661458333 0.2752513935185185 0.05184909895833333 0.10657686111111112
1 0.3423627604166667 0.3119157407407407 0.04731302083333333 0.09579444444444445
3 0.438303125 0.339369087962963 0.061769791666666664 0.1063085462962963
1 0.4859447916666666 0.29964953703703706 0.062427083333333334 0.11098055555555555
1 0.5950278307291667 0.22488302777777777 0.04797038020833333 0.09929875925925925
1 0.45275980989583337 0.5035046296296296 0.08936892187500001 0.2967296296296296
1 0.5795854166666667 0.1022199074074074 0.03679895833333333 0.06191574074074074
1 0.6236127604166666 0.12266342592592594 0.048627604166666664 0.06775648148148149
5 0.6469406249999999 0.12149537037037038 0.029570833333333334 0.03738333333333334
1 0.6742115442708333 0.14544351851851853 0.05519878645833333 0.07359814814814815
1 0.7385923671875001 0.17906927777777779 0.04480088020833333 0.05725359259259259
2 0.7655518619791667 0.27336435185185187 0.056513098958333334 0.1799064814814815
1 0.8010367187499999 0.20619179166666665 0.035484895833333335 0.07827062037037037
1 0.07001068489583333 0.4713876898148148 0.06437758854166667 0.12446350925925927
1 0.5771224713541667 0.2544246527777778 0.066579015625 0.11061921296296297
1 0.5077432916666667 0.2223451111111111 0.03608945833333333 0.09070792592592593
1 0.4844419973958333 0.16952811574074073 0.037017046875 0.08440673148148149
1 0.708959234375 0.21816904166666667 0.05633048958333333 0.14735289814814814
