2 0.163528125 0.3623777777777778 0.06321249999999999 0.08957592592592593
2 0.14245729166666665 0.5252441527777778 0.057715625 0.15146608333333333
2 0.12413473958333335 0.6644952962962963 0.09252843749999999 0.221498
3 0.268341140625 0.5578175925925926 0.08778123958333334 0.2068403888888889
3 0.31194036458333335 0.17541274537037035 0.0430578125 0.07395326851851852
3 0.349959375 0.1588524398148148 0.03664479166666667 0.06991726851851851
1 0.3852299479166667 0.14250802777777777 0.04489010416666666 0.07329012962962964
3 0.4443197916666667 0.12377870370370368 0.043973958333333334 0.0651462962962963
1 0.2949918541666667 0.3355046296296296 0.058631916666666666 0.22801296296296295
1 0.3362174479166667 0.25977175925925927 0.0494703125 0.066775
1 0.3366755208333333 0.31188912499999993 0.06138020833333333 0.10586343518518518
3 0.38477187500000004 0.28338776388888887 0.05496770833333333 0.08143293518518518
3 0.3879783619791667 0.4218241064814815 0.07970265104166667 0.2866449537037037
1 0.48966826041666667 0.30374570833333336 0.05405110416666667 0.10586363888888889
1 0.47088760416666664 0.5244301712962963 0.122760625 0.3224751574074074
2 0.52081640625 0.38029305555555554 0.08153489583333333 0.13843611111111112
1 0.5286033854166666 0.2638438425925926 0.05679947916666667 0.11074879629629629
1 0.5176098958333334 0.16449537037037038 0.053135416666666664 0.08143333333333333
1 0.5812804687500001 0.10097731481481481 0.0375609375 0.06514722222222222
1 0.6234221354166666 0.12215 0.04672239583333333 0.0684037037037037
1 0.6724348958333334 0.15065138888888888 0.04947083333333333 0.066775
1 0.7077057291666666 0.21661225 0.055883333333333333 0.14658005555555553
1 0.7539698932291666 0.16042361111111114 0.03298041145833333 0.066775
1 0.20198491927083334 0.6173102453703704 0.09817608854166666 0.19599467592592593
1 0.07966746354166668 0.5772531712962963 0.05794007291666667 0.13876958333333334
1 0.06679180729166667 0.4113020138888889 0.045064302083333334 0.09585152777777778
1 0.09777363541666667 0.3891271203703704 0.026555854166666667 0.0858365
2 0.5761892005208333 0.25221241666666666 0.07093465104166666 0.10398224074074074
1 0.484039671875 0.16952808796296295 0.03460294791666666 0.08726789814814814
3 0.6521017526041667 0.11559718055555555 0.034845171875000004 0.05199082407407407
