1 0.10319554427083334 0.38646637962962965 0.040601619791666675 0.09624016666666664
2 0.15140989583333334 0.5248120092592592 0.08289479166666663 0.14736846296296308
2 0.22077083333333333 0.45338366203703706 0.08120312499999999 0.17894695370370367
2 0.12307326822916667 0.6789472129629629 0.09558263020833334 0.19097775925925917
2 0.2897085937500001 0.5526315046296296 0.09727447916666664 0.19699263888888893
1 0.38444557291666664 0.14887229629629628 0.04144739583333331 0.06015014814814813
3 0.44407890624999996 0.12330842592592593 0.04060156250000002 0.0631575925925926
1 0.29478380989583336 0.33834591203703707 0.06005633854166673 0.23157886111111103
1 0.33665416666666664 0.2586466342592592 0.05075208333333337 0.06917289814814809
2 0.3358083333333333 0.31127803703703705 0.06090208333333334 0.10526348148148146
3 0.3861369791666666 0.28496255092592593 0.056672916666666615 0.08571399074074072
3 0.3878288333333334 0.42330833333333334 0.08035691666666664 0.28421111111111114
4 0.43519739583333333 0.34210526388888896 0.060056250000000054 0.08270676851851856
2 0.5227442708333334 0.3819547638888888 0.08120312500000004 0.1503761944444445
2 0.53712421875 0.26466157407407415 0.07443593750000002 0.11729351851851856
1 0.5799225651041666 0.10300740740740738 0.034845130208333214 0.06165370370370369
1 0.6225565104166667 0.12180462962962961 0.04736822916666661 0.06616481481481483
1 0.6724625 0.14887222222222224 0.04906041666666662 0.06315740740740737
1 0.75155078125 0.16315787037037033 0.038064062499999926 0.07368425925925924
1 0.8001877604166665 0.20526342592592595 0.040601562500000084 0.07067685185185184
1 0.8204885416666666 0.1939847222222222 0.02875937499999992 0.06315833333333332
1 0.08047215104166666 0.576537837962963 0.05954944791666666 0.1430613611111111
1 0.16416300520833332 0.34907011574074076 0.054720864583333355 0.10014310185185177
2 0.5758780833333332 0.2505529814814815 0.07031241666666664 0.10287633333333335
3 0.6511683203125 0.11504440277777775 0.03422309895833339 0.05088526851851851
1 0.5327255208333334 0.0879827037037037 0.025751041666666672 0.05865496296296296
