1 0.16577447916666666 0.3564231898148148 0.06092604166666667 0.10075563888888889
1 0.11051640625 0.38161203703703706 0.04675677083333333 0.10075555555555556
3 0.14204192708333335 0.44332499537037034 0.07155260416666667 0.1007555462962963
4 0.11193333333333332 0.6668766203703704 0.09068020833333333 0.17254398148148148
3 0.31065026041666666 0.17506299074074075 0.04038072916666667 0.07556672222222222
3 0.33615390625 0.1542824074074074 0.031879687500000004 0.06171296296296297
3 0.44171145833333336 0.1259449074074074 0.03613020833333334 0.05793425925925926
1 0.29612734375 0.3425689814814815 0.059508854166666666 0.23173796296296295
1 0.48280052083333336 0.17065462962962963 0.03471354166666667 0.08690185185185186
1 0.34359270833333333 0.30415630555555556 0.05525833333333333 0.09949594444444444
2 0.3946 0.2858939814814815 0.06375937500000001 0.09068055555555556
3 0.43887734375 0.3438286435185185 0.058800520833333335 0.09823691666666667
1 0.4888223958333333 0.30352638888888894 0.05100729166666666 0.103275
1 0.53593359375 0.2688916666666667 0.060217187500000005 0.10201481481481482
1 0.4537547057291667 0.5025186944444444 0.09138850520833333 0.29974850000000003
1 0.6234255677083334 0.12342546296296296 0.048174052083333335 0.06801018518518517
5 0.6482208333333334 0.12216666666666666 0.0283375 0.03778333333333333
1 0.6740789062499999 0.14357685185185184 0.0531328125 0.07556666666666666
1 0.7530697916666667 0.1605791435185185 0.0283375 0.07178800925925925
1 0.0748389609375 0.46638059722222225 0.05954916145833333 0.12875547222222222
1 0.20842274739583333 0.4878399583333334 0.056330473958333335 0.11731082407407407
1 0.5774336692708334 0.2549777824074074 0.06720141145833333 0.10287591666666668
