2 0.16263880208333334 0.36331778703703704 0.061113020833333316 0.08644853703703703
1 0.105140296875 0.3855141296296296 0.03548503125 0.10747640740740741
2 0.21126612760416663 0.45093462500000003 0.06242711979166667 0.16588776851851847
4 0.11663984375000001 0.6507009259259259 0.06899843749999998 0.2079444444444446
3 0.2733645286458334 0.5724300925925925 0.086740734375 0.2336453703703703
3 0.3108208333333334 0.17640193055555556 0.042056250000000024 0.072429787037037
2 0.35024817708333333 0.1588787037037037 0.038113020833333344 0.0677574074074074
3 0.44356015625000006 0.12441576851851853 0.042055729166666646 0.05957968518518515
1 0.2943926119791667 0.3405373657407407 0.05782727604166672 0.2254673240740741
1 0.33612005208333334 0.25642525925925924 0.05454114583333336 0.07126162962962965
3 0.33907708333333336 0.30957962962962965 0.059141666666666676 0.10280370370370372
3 0.38573281249999997 0.28504675925925926 0.057827083333333286 0.08411203703703704
1 0.4425744791666667 0.3452104166666667 0.0663697916666667 0.08528009259259262
2 0.5368721354166667 0.2751166666666666 0.06965572916666662 0.11799074074074074
3 0.47050234374999994 0.5221962962962963 0.12354010416666673 0.31775740740740743
2 0.52208671875 0.383761462962963 0.0821411458333334 0.14602848148148148
1 0.62295546875 0.12207962962962964 0.04731302083333352 0.06658888888888889
1 0.7517523437500001 0.16004675925925926 0.03417031249999987 0.07243055555555555
2 0.76752340625 0.2704435185185185 0.05782702083333338 0.18341111111111108
1 0.20520385677083333 0.6359086064814815 0.0901287447916667 0.1788272314814814
2 0.5757779505208334 0.2539342962962963 0.06840139062500003 0.10443511111111113
