2 0.16400338541666667 0.3583121712962963 0.0743859375 0.09949656481481481
1 0.10803681770833333 0.38979861111111114 0.051715947916666664 0.0894212962962963
3 0.07214014322916666 0.47567607870370365 0.06541763020833333 0.13019289814814813
3 0.1427502604166667 0.4508814814814815 0.06446822916666667 0.12594444444444444
1 0.09209713541666667 0.5768260046296296 0.06800989583333333 0.1360205277777778
1 0.14948046875 0.5251888888888888 0.06659322916666667 0.16120925925925925
3 0.2671962994791667 0.564861662037037 0.08524259895833333 0.1851381388888889
3 0.31065026041666666 0.1769523148148148 0.043215104166666664 0.07178796296296297
1 0.34536354166666666 0.1593199074074074 0.04321458333333333 0.07430648148148149
2 0.38645286458333333 0.1448361111111111 0.0460484375 0.06297222222222222
3 0.44206562499999996 0.1227958287037037 0.035421875000000005 0.06675091666666667
1 0.29612723177083333 0.3413101851851852 0.06092574479166667 0.22418148148148148
1 0.5001574479166666 0.17191435185185186 0.06092572916666667 0.06675092592592592
1 0.5249526041666667 0.16057962962962963 0.049590625 0.07682592592592592
2 0.34288411458333334 0.30856445833333335 0.059508854166666666 0.09823632407407408
2 0.3775976927083333 0.428211574074074 0.06517648958333333 0.314862037037037
3 0.44773281249999997 0.33312326851851853 0.07084375000000001 0.09949653703703704
1 0.48694798437500003 0.30352638888888894 0.041590760416666664 0.103275
1 0.5373505208333333 0.2714103981481481 0.06305104166666667 0.11209031481481482
2 0.5720638020833333 0.25314861111111114 0.08005364583333334 0.103275
1 0.6050065104166668 0.22733000462962963 0.07367760416666667 0.1070529537037037
1 0.4785501484375 0.5270781712962963 0.136728421875 0.35642300925925924
2 0.5199934895833332 0.3816119212962963 0.08784635416666667 0.15869050925925926
1 0.57959165625 0.10201527777777779 0.039851020833333334 0.06549166666666666
1 0.61988359375 0.12405555555555557 0.0439234375 0.06423148148148149
5 0.6475127604166667 0.12279583333333335 0.031171354166666665 0.041562037037037036
2 0.7112719401041667 0.2197734953703704 0.06375924479166667 0.14483587962962963
1 0.7537783854166666 0.16144319907407406 0.032588020833333335 0.07509878703703704
1 0.7661760416666666 0.26952129629629634 0.057383333333333335 0.18387962962962964
1 0.06880364583333334 0.40772550462962964 0.05069791666666667 0.10014343518518519
3 0.39916328125 0.2771018518518518 0.05289010416666667 0.08296481481481482
3 0.4663359375 0.1888412037037037 0.06518229166666667 0.08869722222222223
