3 0.16032159375 0.3688927268518518 0.0659609375 0.08631878703703698
1 0.10397994791666668 0.3884363935185185 0.03572864583333334 0.099348712962963
2 0.14154114583333338 0.5244298425925926 0.061380208333333346 0.1465800555555555
1 0.21299895833333335 0.4560262824074074 0.06870937500000002 0.18240997222222222
2 0.12459270833333334 0.6669381111111111 0.09344479166666668 0.2166123703703704
3 0.20108932291666667 0.6121983101851853 0.09069635416666667 0.16902254629629632
3 0.2682854270833334 0.5529314120370371 0.08950210416666667 0.2133554166666667
3 0.31194036458333335 0.17485964814814814 0.04489010416666659 0.07284707407407412
3 0.3472109375 0.15716620370370368 0.040309375 0.07654722222222218
2 0.3856323229166667 0.14739398148148147 0.043862562499999966 0.060260185185185174
3 0.44477786458333335 0.12459305555555554 0.043057812499999966 0.06351759259259263
1 0.29453379166666666 0.33794779166666666 0.05954804166666673 0.22964187962962956
1 0.33713359374999996 0.261400462962963 0.049470312499999974 0.06351759259259258
2 0.462184375 0.1921823240740741 0.05771562500000004 0.09120538888888885
1 0.3357594348958333 0.31351782870370365 0.05405116145833334 0.10260602777777787
3 0.385687984375 0.28583055555555553 0.05679992708333342 0.08631851851851856
1 0.48829408593749996 0.29967446759259264 0.04947046354166667 0.10423412037037039
2 0.5263131302083334 0.26384386111111113 0.05405126041666672 0.10749142592592588
2 0.6119705729166667 0.23208462962962959 0.06046406249999994 0.08957666666666662
2 0.5221905546875 0.3811074537037037 0.08061889062500006 0.153094537037037
2 0.5615838541666667 0.35749166666666665 0.06962500000000009 0.1254074074074074
1 0.6238802083333332 0.1221499675925926 0.049470833333333415 0.06840363888888885
1 0.6715187500000002 0.15065134722222218 0.049470833333333415 0.06351767592592594
1 0.7984018229166666 0.2043976851851852 0.04672239583333327 0.07328981481481484
1 0.8158083333333332 0.1872962962962963 0.03389687499999994 0.0651462962962963
1 0.08047215104166666 0.576537837962963 0.05954944791666666 0.1430613611111111
2 0.5752556875000001 0.25221241666666666 0.07155720833333336 0.10398224074074072
3 0.652101671875 0.11559734259259262 0.03608980208333333 0.04977875925925927
1 0.5423820911458334 0.09084398148148146 0.028970192708333245 0.05007129629629628
