2 0.1659497395833333 0.3609078703703703 0.0584734375 0.08638425925925926
3 0.06506223958333333 0.5093019166666667 0.05600260416666667 0.14305568518518516
1 0.08318098958333332 0.5754026851851851 0.059297395833333336 0.14641277777777778
2 0.13959547135416667 0.5204981481481482 0.055179484375 0.16251851851851853
3 0.124771328125 0.6676427546296297 0.09306348958333334 0.18740849074074076
3 0.2767203125 0.567350013888889 0.10212291666666666 0.1537333611111111
3 0.31237127343750004 0.13323564814814814 0.032467869791666666 0.0644212962962963
3 0.31048671875 0.1764277037037037 0.04282552083333333 0.07467022222222222
1 0.34837109375 0.15812580092592593 0.03623697916666667 0.07613493518518519
2 0.38666718749999995 0.1486092037037037 0.042002083333333336 0.0629572962962963
1 0.44061119791666664 0.1200586712962963 0.04282552083333333 0.07320623148148149
3 0.29113299739583337 0.34443061111111106 0.050238171875 0.24962233333333336
1 0.3356057291666667 0.2532944861111111 0.05188541666666667 0.08199082407407407
3 0.3351940104166667 0.309662962962963 0.059297395833333336 0.10688148148148148
3 0.3856422864583333 0.2869854259259259 0.0551796875 0.08638355555555556
3 0.3887262708333334 0.42459722222222224 0.07906308333333333 0.28111296296296295
1 0.48508420572916666 0.30453877314814815 0.052708671874999995 0.11127384259259258
2 0.5225567708333334 0.3821374351851852 0.07988645833333334 0.14934153703703704
1 0.5802067708333334 0.101025 0.03706041666666667 0.06442222222222221
5 0.6485635416666666 0.1215226851851852 0.028825 0.03513981481481482
1 0.6213854166666667 0.12005833333333335 0.043648958333333335 0.07027777777777779
1 0.6699760416666667 0.14641290740740742 0.04694375 0.06734988888888889
1 0.7613927083333334 0.27013194444444444 0.050237500000000004 0.18008796296296298
1 0.8038066276041668 0.20497824074074072 0.047767421875 0.0702787037037037
1 0.8202783854166668 0.19619351851851852 0.0280015625 0.05856481481481481
1 0.53326328125 0.26793564814814813 0.07000364583333334 0.10541759259259259
1 0.5771225703125 0.25387185185185185 0.07653472395833334 0.10508814814814814
5 0.7404591145833332 0.18196916666666668 0.043556770833333334 0.045354259259259254
