1 0.16658151041666666 0.3586448101851852 0.05585572916666663 0.10046739814814822
1 0.10349739843750001 0.38288843981481485 0.037456244791666676 0.10689837962962967
3 0.13799648958333333 0.42207009722222216 0.06308410416666664 0.1315235277777778
1 0.14456765364583332 0.5262850138888889 0.08148344270833333 0.14135521296296297
1 0.11236848958333333 0.678154087962963 0.09199739583333333 0.21845817592592595
2 0.30950646354166655 0.17873842592592593 0.043370406250000035 0.07943981481481482
3 0.34860546875 0.16121527777777778 0.03614218749999996 0.07710277777777781
2 0.3824473958333333 0.146028125 0.04994166666666663 0.07009328703703704
3 0.44101399999999996 0.12441576851851853 0.036963416666666644 0.05957968518518515
1 0.2970209973958333 0.3463784861111111 0.06308404687500004 0.23714956481481486
3 0.4639309895833333 0.19158863425925926 0.06308385416666666 0.08411245370370368
1 0.4849591145833333 0.1711449074074074 0.04074218750000001 0.08761759259259262
2 0.39263288541666674 0.27780471296296294 0.05723976041666668 0.08598349999999999
3 0.4366604166666666 0.339369087962963 0.06242708333333334 0.10630854629629623
1 0.5352291666666668 0.27161203703703707 0.06505520833333331 0.11799074074074074
1 0.45308853906249996 0.49941574074074074 0.0913406302083334 0.30257037037037043
1 0.5789281250000002 0.10163564814814814 0.0341708333333333 0.06308425925925926
1 0.6222984375 0.12266342592592594 0.04862708333333335 0.0677564814814815
5 0.6472692708333334 0.12091111111111111 0.028913541666666612 0.03855185185185184
1 0.6745401041666667 0.1431074074074074 0.053227083333333286 0.07359814814814812
1 0.7428809895833334 0.18017533796296298 0.04665572916666676 0.05725332407407409
2 0.7662091145833332 0.27219629629629627 0.05782760416666678 0.17757037037037035
1 0.8020223958333332 0.2056074074074074 0.036141666666666815 0.07943888888888888
2 0.20922734114583333 0.4542201898148148 0.056330723958333336 0.1702429537037037
1 0.07202258593750001 0.39985675 0.050697536458333324 0.10729575925925924
1 0.0679989140625 0.46924156018518515 0.06518238020833335 0.14878354629629623
1 0.5799226692708334 0.2555308796296296 0.06720153645833342 0.10176972222222223
1 0.5105435364583334 0.22400425925925926 0.042933947916666666 0.08517666666666668
