1 0.08181229427083332 0.5624998333333333 0.06111291145833333 0.1717292962962963
1 0.12353977343750001 0.6676401111111111 0.10119753645833333 0.21144874074074074
2 0.28340516666666665 0.5467289722222223 0.11076477083333333 0.20794392592592592
3 0.30950651041666666 0.17464931944444445 0.0433703125 0.08060789814814814
3 0.4409317708333333 0.125 0.03679895833333333 0.058411111111111115
1 0.297021125 0.3469625972222222 0.06308391666666667 0.23831778703703704
1 0.3334916328125 0.247663412037037 0.053227015625 0.10046756481481481
1 0.46195962499999993 0.1915887824074074 0.05519845833333333 0.08177571296296296
1 0.5000729453125 0.1717287037037037 0.04994172395833333 0.08177592592592592
1 0.5243866223958333 0.15654212962962963 0.044684703124999996 0.08411203703703703
2 0.3390772265625 0.3113318564814815 0.043370078125 0.09929889814814816
3 0.3883615885416667 0.2622661527777778 0.05257005208333333 0.10864526851851851
1 0.5099299479166667 0.22196275462962967 0.0407421875 0.08878476851851852
1 0.5358861979166666 0.27278042129629626 0.06374114583333333 0.11098121296296297
1 0.45473126041666667 0.5005839675925926 0.0906833125 0.3049068240740741
1 0.5792565104166667 0.10105160185185184 0.034827604166666665 0.06658838888888889
1 0.6232843750000001 0.12266335648148148 0.049284375000000005 0.06775662037037036
5 0.6462835937500001 0.12032685185185185 0.029570312499999998 0.03738333333333334
1 0.7090390625 0.2190419027777778 0.05519895833333333 0.13901899074074076
1 0.7386098958333334 0.18107453703703702 0.04205625 0.06074722222222222
2 0.7642377604166667 0.2716119398148148 0.05651302083333333 0.17406500925925925
1 0.79742265625 0.20210277777777777 0.04271302083333333 0.07943888888888889
2 0.5793003984375 0.25387167592592597 0.06471225520833333 0.10066372222222222
