2 0.13671296875 0.45461212037037035 0.08400427083333332 0.10980942592592598
2 0.13918385416666668 0.5241582083333334 0.05600312499999997 0.14641271296296293
1 0.08482788281249999 0.5775987592592592 0.06753277604166665 0.14787714814814823
3 0.12353589583333333 0.6625181666666667 0.09553445833333334 0.1918011481481481
3 0.2796027890625 0.57101025 0.11612358854166667 0.18155198148148138
3 0.31378098958333334 0.13982453703703704 0.03623697916666669 0.06881388888888891
1 0.3471356770833333 0.15592984722222222 0.03870781249999998 0.07759858333333332
3 0.38584375000000004 0.14494889814814815 0.043648958333333356 0.06734964814814816
3 0.2931275390625 0.34587786111111113 0.057521744791666704 0.2495890555555556
3 0.3360174479166666 0.25256242129629625 0.052708854166666735 0.08052669444444446
3 0.33107604166666676 0.309662962962963 0.05106145833333328 0.10688148148148144
3 0.38872630208333336 0.2828482638888889 0.04776718749999998 0.08253356481481477
1 0.3833729166666667 0.3894584166666668 0.08153333333333339 0.24011683333333342
1 0.4414348958333333 0.3184481157407407 0.06753333333333332 0.1420203055555555
1 0.4859077942708333 0.3029225231481481 0.05106142187500004 0.11096912037037032
2 0.5777361979166665 0.2518303888888889 0.0765921875 0.10248855555555557
2 0.51967421875 0.3821377777777778 0.08565156250000007 0.1464125925925925
1 0.5633236979166667 0.34699861111111113 0.08070989583333343 0.12884351851851847
1 0.6209734375 0.1215226851851852 0.044472916666666626 0.06734907407407408
5 0.6469161458333335 0.12225462962962963 0.028825000000000146 0.03660370370370369
1 0.6712114583333334 0.14934074074074075 0.0494145833333332 0.06734999999999998
1 0.73421484375 0.17057083333333334 0.04529635416666669 0.08052685185185182
2 0.7523333333333333 0.16325046296296294 0.03541354166666686 0.07759907407407406
2 0.7692165833333334 0.2694 0.06588558333333339 0.16983888888888887
1 0.8186309895833334 0.1954611111111111 0.032943229166666775 0.0629574074074074
1 0.2027896901041667 0.6173103009259259 0.1046137552083333 0.1988557870370371
3 0.06638957291666667 0.509299 0.05874481249999999 0.14592274074074074
1 0.46754285156250003 0.5100142777777776 0.12875549479166667 0.35050077777777777
1 0.5335660390624999 0.2638272407407408 0.06906792187500006 0.1050881111111111
1 0.4840397213541667 0.16881243518518518 0.02977472395833338 0.07725290740740744
5 0.3030282317708333 0.19690262962962965 0.05724561979166663 0.04867251851851851
1 0.444608296875 0.11945644907407409 0.04265007291666668 0.06437784259259259
