1 0.16428177083333334 0.3539717592592592 0.057827083333333335 0.1004675925925926
3 0.14193932291666667 0.41355144907407404 0.060455729166666666 0.14252326851851851
2 0.1488390625 0.5327103935185186 0.08082604166666667 0.15186893518518518
1 0.12353984375 0.6781539999999999 0.10119739583333334 0.19042096296296296
2 0.20633773177083334 0.6232476851851851 0.084111921875 0.1904212962962963
3 0.3091778645833333 0.17640209722222222 0.04271302083333333 0.07710234259259259
2 0.38310468750000004 0.1471960324074074 0.048627083333333335 0.07009391666666667
3 0.44158880208333334 0.12616839814814815 0.035484895833333335 0.05841087037037037
1 0.2970209973958333 0.3452101851851852 0.063084046875 0.23715
1 0.46163125 0.19158892592592594 0.05716979166666667 0.07943896296296296
2 0.3410484270833333 0.31250006018518517 0.045998937499999996 0.0946260462962963
1 0.3880330598958333 0.2762851851851852 0.06374111979166666 0.10864444444444445
1 0.49153046874999995 0.29848101851851855 0.05914114583333333 0.1133175925925926
2 0.5358864583333334 0.27044398148148147 0.062427083333333334 0.10864537037037038
2 0.5766283854166667 0.25584120370370367 0.06768385416666667 0.10513981481481481
1 0.6068559895833334 0.22721944444444447 0.07688385416666667 0.11098148148148149
1 0.45275989322916665 0.5005842638888889 0.09068333854166667 0.3002333425925926
1 0.6226270833333333 0.1232476851851852 0.046656249999999996 0.06658796296296297
1 0.7392669270833334 0.17698611111111112 0.04994114583333333 0.05023333333333334
5 0.6472692708333334 0.12091111111111111 0.028913541666666667 0.03621481481481482
2 0.7662089869791667 0.2710277777777778 0.05782734895833333 0.17523333333333335
1 0.8026796875 0.20443935185185186 0.037456249999999996 0.07476574074074074
1 0.1038090859375 0.3776824074074074 0.035407869791666664 0.10300370370370371
