1 0.1625864583333333 0.3602014722222222 0.0630510416666667 0.09319890740740748
1 0.08288716406249999 0.562342675925926 0.06234233854166666 0.17758164814814822
4 0.11653828125 0.6492444444444444 0.07296927083333336 0.21536481481481487
3 0.2740054817708334 0.557934625 0.08610920312499998 0.20654887962962956
1 0.2968356692708333 0.34005040277777776 0.06092574479166665 0.22670030555555556
1 0.3368624999999999 0.25125960648148143 0.05596666666666668 0.08186365740740742
1 0.5228273437500001 0.16246851851851854 0.04392343749999998 0.07052962962962962
1 0.33792500000000003 0.316750462962963 0.05667500000000002 0.09445833333333332
3 0.38999531249999997 0.284634625 0.05029895833333331 0.07808591666666666
3 0.44029453125000007 0.3463475324074074 0.06021718750000004 0.09068025000000003
1 0.48988515624999995 0.30163703703703704 0.0588005208333333 0.10201481481481481
1 0.5369963046875 0.2676320277777778 0.0637592760416668 0.10453442592592592
3 0.47040286458333325 0.5195212962962963 0.12326822916666665 0.3211592592592592
1 0.5816278645833334 0.1026449074074074 0.03683906249999988 0.05919351851851852
1 0.6216546874999999 0.12153657407407407 0.04746562500000013 0.06926944444444448
1 0.7505903645833333 0.16057946296296294 0.04179739583333332 0.07430707407407405
2 0.7668844010416667 0.2720402777777778 0.055966718749999936 0.17632314814814812
5 0.6471583880208336 0.11964722222222221 0.02904594270833331 0.0352648148148148
2 0.20962975260416664 0.4592277777777778 0.06196367187500001 0.17739629629629627
1 0.5134119791666667 0.3783975324074075 0.10139479166666672 0.1616598796296297
1 0.5544528046875 0.347639662037037 0.08530040104166664 0.1344774722222223
2 0.5761892187500001 0.25165908796296294 0.06595697916666682 0.10066330555555557
1 0.6676578125 0.1426990740740741 0.03982291666666669 0.07300925925925927
