1 0.1664830729166667 0.3658690231481482 0.053841145833333305 0.08186397222222218
1 0.10874530729166668 0.38035274074074066 0.04888230208333334 0.10075548148148154
1 0.07438619791666667 0.4641059444444444 0.059508854166666666 0.1322415185185186
1 0.1409791666666667 0.5113349583333333 0.053841666666666683 0.158690287037037
1 0.20615554947916664 0.4527708333333333 0.06801005729166665 0.18513796296296298
4 0.12114296875000001 0.649244212962963 0.0765109375 0.20780879629629617
3 0.30994166666666667 0.17632243518518517 0.04179791666666664 0.07808561111111113
3 0.33509140625 0.15617149537037037 0.032588020833333314 0.06549076851851854
3 0.4410028645833332 0.12594444444444441 0.03754739583333334 0.06297222222222221
1 0.29577301302083325 0.3444583101851852 0.0616341822916666 0.23551662037037033
2 0.3404045260416666 0.31045324074074077 0.046048635416666706 0.09697685185185187
2 0.3956627604166666 0.2858939814814815 0.058800520833333356 0.09068055555555556
3 0.4385231770833334 0.3438286435185185 0.05809218749999996 0.09823691666666666
1 0.4866971354166667 0.3028967592592593 0.05950885416666658 0.10201574074074071
1 0.5366421875 0.2707805555555555 0.06305104166666672 0.11083148148148149
1 0.4534004869791666 0.5 0.09209694270833335 0.29722962962962957
1 0.6223630208333333 0.12342546296296296 0.047465625000000004 0.06801018518518516
1 0.6730164062499999 0.1429472222222222 0.052424479166666656 0.07430740740740739
1 0.1418694609375 0.4496680555555556 0.0696902447916667 0.11172500000000006
1 0.5786781380208335 0.25497778240740737 0.06471247395833342 0.10287591666666664
5 0.6471238932291666 0.12057540740740741 0.028622786458333258 0.03318622222222223
