2 0.16261197916666664 0.36319212962962966 0.06138020833333336 0.09120462962962961
1 0.15482473958333334 0.5195440787037038 0.0714578125 0.17589556481481478
1 0.12321859375000002 0.6783388564814814 0.09069614583333332 0.1872962314814815
1 0.2904111510416667 0.5537458425925926 0.09710894791666667 0.19869724074074077
3 0.3101080729166667 0.17485964814814814 0.043057812499999966 0.07284707407407412
2 0.3490432291666667 0.16042361111111114 0.03847708333333332 0.07328981481481484
2 0.38431380208333343 0.14820833333333333 0.044890104166666646 0.058631481481481486
3 0.44477786458333335 0.1254074074074074 0.043057812499999966 0.06188888888888889
1 0.3362174479166667 0.2581431898148148 0.053134895833333334 0.07654749074074074
2 0.384771875 0.21661249999999996 0.05130312499999998 0.10749166666666665
1 0.511196875 0.2223125 0.04214166666666668 0.08631944444444441
1 0.3366755208333333 0.31433194444444446 0.061380208333333346 0.10423425925925923
3 0.38614609375 0.2866449074074074 0.05588385416666668 0.08794722222222227
3 0.38797835156250005 0.42426727314814816 0.07787038020833333 0.2817586203703703
1 0.48142317708333343 0.30537437037037046 0.044890104166666646 0.1091209629629629
1 0.5318098098958334 0.2728011712962964 0.0540512135416666 0.10586345370370374
2 0.5615838541666667 0.3550486666666667 0.07145729166666677 0.12703622222222222
1 0.6211318307291667 0.12296418055555554 0.04580636979166665 0.06351793518518521
1 0.7090798177083334 0.21416944444444444 0.05496744791666662 0.1482092592592593
1 0.7979437500000001 0.205212037037037 0.03847708333333344 0.07166111111111109
1 0.08208151302083336 0.5772531712962963 0.061158859375000006 0.1387695833333334
1 0.13502479166666667 0.4375000462962963 0.06595666666666668 0.14712398148148145
1 0.10944193229166667 0.38268935185185193 0.04345467708333331 0.09871203703703701
4 0.4349418932291666 0.3362832314814815 0.054756703125000014 0.09955761111111101
2 0.5771226145833332 0.25276565740740736 0.06782335416666664 0.10287575925925925
3 0.28165227343750004 0.34191683333333334 0.045064203125000014 0.22317559259259254
1 0.7709226822916667 0.2675249027777778 0.06437755208333336 0.1888409351851852
1 0.7541483203125 0.1615041666666667 0.03235601562500001 0.06858425925925926
1 0.5805447916666665 0.1017699074074074 0.034844791666666805 0.059734259259259265
1 0.5331278645833334 0.08655231481481482 0.02655572916666671 0.05865462962962964
