2 0.16198307291666666 0.36390988888888887 0.05836510416666669 0.09022533333333342
2 0.13999057812500001 0.5225564814814815 0.06005634375 0.154887037037037
1 0.21315799218749998 0.4578949166666667 0.06936109895833331 0.1849620555555556
1 0.20046994531249998 0.6218044861111112 0.10319552604166665 0.1909774907407407
3 0.2677906015625 0.5558563703703704 0.08727286979166668 0.19898025925925927
3 0.3112783854166666 0.17742463888888887 0.04229322916666671 0.07214187037037034
3 0.3823309895833333 0.14436064814814817 0.03890989583333339 0.07218055555555554
1 0.44407890624999996 0.12406027777777777 0.042293229166666654 0.0616538888888889
1 0.29520677083333335 0.3368421296296296 0.05921041666666674 0.22857129629629633
1 0.3375 0.26015046296296296 0.05075208333333337 0.06616574074074077
1 0.4656484375 0.19248148148148148 0.06343958333333331 0.09323333333333333
1 0.3370771276041667 0.31278174074074067 0.06174800520833331 0.10225607407407411
3 0.38486822916666674 0.28571435185185184 0.05413541666666664 0.08721759259259258
3 0.38782884895833336 0.4248118888888889 0.07866521875000003 0.2842108148148148
1 0.4855263020833334 0.30375925925925934 0.05921093750000003 0.11127777777777778
2 0.5282423541666666 0.26390963425925923 0.05836491666666663 0.11278223148148149
1 0.4707236848958333 0.5218041666666665 0.12603382812500002 0.3218046296296296
2 0.5218984375000001 0.380450925925926 0.08120312500000004 0.14736851851851848
2 0.5637687499999999 0.3571430555555555 0.06513125000000013 0.12481203703703701
1 0.6225565104166667 0.12255648148148147 0.04567656250000004 0.06766851851851852
1 0.67119375 0.1488722222222222 0.04990625000000008 0.0661648148148148
1 0.75155078125 0.16165416666666665 0.038064062499999926 0.07067685185185184
2 0.765930578125 0.269925 0.05498094791666676 0.18797037037037034
1 0.08127682291666667 0.5779685185185184 0.061158854166666665 0.14019999999999985
1 0.06719420572916666 0.4120169351851852 0.047478536458333324 0.10014261111111111
1 0.09737130729166665 0.3876965925925927 0.024141760416666654 0.0801142222222222
2 0.5765003984374999 0.2533187546296296 0.07031225520833324 0.10398195370370368
1 0.6069897552083334 0.22345127314814817 0.07155694791666675 0.0951326388888889
3 0.6521017526041668 0.1155975 0.03484517187500001 0.049779074074074066
1 0.5811669270833335 0.10121666666666666 0.03733385416666657 0.060840740740740716
