2 0.16512630208333334 0.35651527777777775 0.06341510416666667 0.101025
3 0.06712109375 0.5121631435185185 0.06176822916666667 0.14877813888888888
3 0.12353589583333333 0.6632502314814814 0.09553445833333334 0.19326527777777777
3 0.2804264270833333 0.5629575416666667 0.11282942708333334 0.16544656481481482
3 0.31089843749999996 0.17642777777777777 0.042002083333333336 0.07467037037037037
3 0.3504302083333333 0.15519766203703703 0.042002083333333336 0.07320643518518519
2 0.3866674479166667 0.14787685185185187 0.043649479166666665 0.05563703703703704
3 0.29442726822916665 0.34514591666666666 0.05682671354166667 0.2510529444444444
3 0.33601770833333333 0.2532943657407407 0.05106145833333333 0.07906280555555555
2 0.463259375 0.19180092592592593 0.06012083333333333 0.09077592592592593
1 0.5180270260416667 0.15666203703703704 0.04941446875 0.08784814814814815
3 0.3887261328125 0.28468640277777774 0.051061640624999995 0.08328206481481482
1 0.44835417447916665 0.31918009259259256 0.07148855729166666 0.13177129629629628
2 0.5785596354166667 0.2540262222222222 0.0749453125 0.0980968888888889
2 0.5217331614583334 0.379209375 0.08153367708333333 0.1551976574074074
1 0.5826776041666667 0.10395324074074075 0.03706041666666667 0.05856574074074074
5 0.6473278645833334 0.12225462962962963 0.03459010416666666 0.0366037037037037
1 0.6716234375 0.14714490740740743 0.05188541666666667 0.0688138888888889
1 0.7107429687500001 0.2144949074074074 0.059297395833333336 0.13909166666666667
2 0.7515098958333333 0.15812592592592595 0.03376666666666666 0.07320555555555555
2 0.7663341666666666 0.2679355138888889 0.056826458333333336 0.17276732407407408
1 0.8021596354166667 0.20351412037037037 0.047767187499999995 0.07320601851851852
1 0.8206901041666668 0.19619305555555555 0.028825 0.06149351851851852
1 0.19997308593750002 0.614449037037037 0.10863716145833333 0.21030007407407406
1 0.0832885625 0.5786837268518519 0.06035420833333334 0.14163069444444445
1 0.48440960156249996 0.3036503194444444 0.04417871354166667 0.10508825000000001
1 0.5332551015625 0.26327417592592595 0.06844604687500001 0.0995572037037037
3 0.3322731770833333 0.30973448148148147 0.05351197916666666 0.11283192592592593
2 0.4824302630208333 0.16452070833333335 0.034603015625000004 0.07439191666666667
1 0.44541296875 0.12017169444444446 0.04586885416666667 0.06866957407407408
3 0.3186695859375 0.13519351851851852 0.032188953125 0.06437777777777778
2 0.7361034947916667 0.1714601064814815 0.04355655208333333 0.07743349074074074
