2 0.1664830729166667 0.3602013888888889 0.059508854166666666 0.09823611111111108
2 0.2819583333333334 0.5484887870370372 0.10626562500000004 0.20025164814814822
2 0.34795996614583324 0.15869038425925927 0.03707232812500004 0.0730474351851852
1 0.4424197916666667 0.11838796296296297 0.04321458333333332 0.07304814814814815
1 0.29541863802083335 0.3394208055555556 0.0609254322916667 0.2204027222222222
1 0.3365080729166667 0.2569268518518518 0.05384114583333333 0.0730481481481482
1 0.4619015624999999 0.19017651851851852 0.05667500000000007 0.0856419259259259
3 0.3868072083333333 0.28400499537037044 0.053841499999999994 0.07934517592592592
1 0.3832651927083333 0.42695231481481477 0.07509461458333332 0.27959722222222233
1 0.44064869791666667 0.3268264166666666 0.06517656250000001 0.10957135185185181
1 0.49236458333333327 0.2991180555555556 0.053841666666666656 0.10453425925925926
2 0.5766687239583334 0.25440785648148156 0.06942703125 0.10327497222222225
1 0.5550614583333332 0.3551638888888889 0.0828875 0.14609629629629628
1 0.5819820312499999 0.10516388888888889 0.0361307291666666 0.05919444444444444
1 0.6255510416666666 0.12216619907407407 0.05384166666666654 0.06801017592592591
1 0.7523614583333331 0.16309835185185187 0.04675729166666673 0.07934485185185186
2 0.7675927864583333 0.2688916666666667 0.05596682291666681 0.18513888888888883
5 0.6485752604166667 0.12153657407407407 0.03046302083333335 0.036523148148148145
1 0.48564915364583333 0.1709586990740741 0.04747851562500003 0.08440667592592593
1 0.728325484375 0.16924768518518518 0.05786778124999993 0.08849537037037036
1 0.6667242317708334 0.1438052175925926 0.0404453385416667 0.0752210462962963
