2 0.1639861979166667 0.3591206388888889 0.05679947916666667 0.08306164814814815
3 0.06660519791666666 0.5107029583333333 0.059176062499999994 0.15169850925925926
1 0.1378765625 0.43648240740740735 0.079703125 0.14983703703703705
2 0.14795389583333335 0.5236154907407408 0.07787033333333333 0.14820875925925925
1 0.2194117109375 0.45684061574074075 0.08336713020833333 0.18403863888888888
3 0.31056614583333336 0.17426731944444446 0.043973958333333334 0.08143278703703705
2 0.349959375 0.16042361111111111 0.03664479166666667 0.07003240740740742
2 0.3838557291666667 0.14739397685185185 0.040309375 0.06351760185185186
3 0.44340390625000003 0.12377870370370368 0.0421421875 0.06188888888888889
1 0.33484322916666664 0.25244276851851855 0.055883333333333333 0.08143368518518519
2 0.38660416666666664 0.2255699074074074 0.053135416666666664 0.08957685185185185
1 0.52081640625 0.16042361111111111 0.0430578125 0.07980462962962963
1 0.3339270833333333 0.31351805555555556 0.057715625 0.10260648148148148
3 0.38614604687500004 0.2842020972222222 0.05771605208333333 0.08306160185185185
1 0.5057005208333334 0.2198699074074074 0.043973958333333334 0.09446203703703704
3 0.3884364244791667 0.4234528148148148 0.07878652604166667 0.2801296296296297
3 0.4328684895833333 0.34527685185185186 0.0485546875 0.09120555555555555
1 0.4814231770833334 0.30374614814814815 0.04489010416666666 0.10912007407407408
3 0.5391390625 0.2736152777777778 0.06687708333333334 0.10749166666666667
2 0.5757838541666668 0.2516287037037037 0.07054166666666667 0.09934814814814816
2 0.6142609374999999 0.23697068055555556 0.06138020833333333 0.0895765462962963
1 0.46951328125 0.5203583333333334 0.1236765625 0.3208462962962963
2 0.5203583333333334 0.3811074074074074 0.08245104166666667 0.15635185185185185
2 0.56387421875 0.3623777777777778 0.0723734375 0.11889259259259259
1 0.6202156249999999 0.12377870370370368 0.04580625 0.07491851851851852
5 0.64724140625 0.12133518518518518 0.02839947916666667 0.04397407407407407
1 0.6692283854166666 0.14820833333333333 0.050386979166666665 0.07166111111111112
1 0.7553440104166668 0.15960925925925928 0.035728645833333336 0.0651462962962963
2 0.7667956354166667 0.26872962962962965 0.05679960416666666 0.1889259259259259
1 0.8002341145833333 0.20276898148148148 0.04489010416666666 0.07654722222222222
1 0.8190146927083333 0.19625416666666667 0.031148135416666667 0.0635175925925926
1 0.08167921354166667 0.5772532870370372 0.05874469791666667 0.13876953703703704
3 0.2828593203125 0.3447784074074074 0.045868859374999994 0.22889874074074076
0 0.74232578125 0.18584074074074078 0.04480052083333333 0.04867222222222223
4 0.5150216145833333 0.11301851851851852 0.0418453125 0.08869814814814815
