1 0.1630674479166667 0.35651543518518514 0.06094427083333332 0.11566605555555554
1 0.1486548671875 0.5226940000000001 0.083180890625 0.1727672037037037
3 0.12106511979166665 0.6742311481481482 0.09553434375 0.1800882222222222
1 0.4421823125 0.12298657407407408 0.042674 0.06149351851851852
3 0.290309375 0.34444724537037036 0.04859062499999999 0.24672782407407412
3 0.33848828125 0.25109794907407407 0.05600260416666671 0.08052737962962964
2 0.33231137760416657 0.31259156944444444 0.04529671354166667 0.10688128703703707
2 0.3887260416666667 0.28770131018518513 0.05106145833333334 0.0893118796296296
1 0.3833729166666667 0.38945833333333335 0.07988645833333331 0.23426111111111111
1 0.4397877734375 0.3301609583333333 0.07412138020833338 0.1156663611111111
1 0.4879667942708333 0.3030747638888889 0.056826296875 0.11127360185185182
1 0.5373809895833334 0.2730598472222222 0.0634151041666667 0.10102525
2 0.57567734375 0.25329398148148147 0.06753281250000001 0.0966324074074074
1 0.6106789062499999 0.2269398148148148 0.07494531249999987 0.1054166666666666
2 0.5204979166666667 0.38286960185185187 0.08235729166666654 0.14202068518518512
1 0.5657942005208334 0.3587114074074074 0.08071027604166675 0.1259154074074075
1 0.5802067708333333 0.09956064814814815 0.03376666666666672 0.06149351851851852
1 0.62344453125 0.11932638888888888 0.0477671875000001 0.06881388888888891
5 0.6481515625000001 0.11932638888888888 0.032942708333333334 0.033675
1 0.6683289505208331 0.1456810185185185 0.04529626562500001 0.0688138888888889
2 0.7111549479166667 0.21449467592592592 0.0634151041666667 0.13030787037037042
2 0.7362736979166667 0.17203518518518518 0.03953177083333337 0.07759814814814814
2 0.7560393229166666 0.16105416666666664 0.028001562500000077 0.07613425925925925
2 0.7663341145833333 0.26866769907407406 0.05682656249999998 0.17715947222222228
1 0.8001005208333332 0.20278194444444442 0.04694375000000015 0.07467129629629633
1 0.819866484375 0.1932648148148148 0.033766302083333484 0.06734999999999998
1 0.5142769479166667 0.22068570833333337 0.05413464583333341 0.08517673148148146
1 0.3798283697916667 0.21530759259259255 0.06115888541666668 0.10157370370370368
3 0.3114284765625 0.17643826851851854 0.04168992187500002 0.07190309259259259
3 0.34067352083333335 0.15873871296296296 0.03173420833333331 0.0719022037037037
