1 0.16364921875 0.3677583333333333 0.06234218749999997 0.08816111111111116
4 0.12008030729166667 0.647355324074074 0.07580292708333332 0.2115865740740741
3 0.2731028645833333 0.5560454583333333 0.08572135416666665 0.20528943518518522
3 0.3889325520833333 0.14231750925925926 0.04817343750000009 0.07556649999999997
3 0.44419088541666674 0.12405536111111112 0.04108906249999998 0.05919405555555558
1 0.2932933255208334 0.33942052777777776 0.056674807291666636 0.22544105555555552
1 0.33650833333333335 0.2550375 0.05525833333333328 0.07934537037037039
1 0.5207020833333333 0.16435787037037036 0.04959062499999997 0.07934537037037036
3 0.3336743671875 0.3129722222222222 0.053841442708333354 0.09949629629629632
3 0.38716145833333326 0.2877833333333334 0.055966666666666734 0.08690185185185184
1 0.3868072239583333 0.4244328703703704 0.07934492708333334 0.2821157407407407
3 0.4395859375000001 0.3457175925925926 0.0630510416666666 0.08942037037037043
3 0.4877596354166666 0.3022671296296296 0.06021718749999998 0.10579351851851852
3 0.5366419270833334 0.2720402777777778 0.06588489583333335 0.11083055555555553
1 0.5805651041666666 0.10327453703703703 0.036130208333333275 0.060452777777777765
1 0.6220088541666667 0.12405555555555557 0.04675729166666673 0.06674999999999999
1 0.7498820312499999 0.15994999999999998 0.04038072916666676 0.07556666666666668
2 0.766530234375 0.2714104768518519 0.05667505208333322 0.17758206481481484
1 0.08005338541666666 0.562342675925926 0.05950885416666666 0.17758164814814822
5 0.6468041666666667 0.11964722222222221 0.029754166666666748 0.03778333333333333
2 0.5774337500000002 0.2533184351851852 0.07217895833333342 0.10177020370370371
1 0.66796875 0.1426990740740741 0.041689583333333266 0.0707962962962963
