2 0.16329479166666666 0.36334994907407403 0.06305104166666667 0.08438323148148148
3 0.2755186432291667 0.5673804583333333 0.086301765625 0.18765721296296298
3 0.31150676302083335 0.17594069907407406 0.04433543229166667 0.07732213888888888
3 0.349260046875 0.15928769444444443 0.03683884375 0.06416798148148148
3 0.38539036458333337 0.14168796296296296 0.0410890625 0.0743074074074074
3 0.44348229166666664 0.12342573148148148 0.042506249999999995 0.060453314814814814
1 0.29223072916666665 0.340050462962963 0.05455 0.23173796296296295
1 0.33650833333333335 0.2569268518518518 0.05525833333333333 0.07556666666666666
1 0.5253067708333333 0.16372777777777778 0.041797916666666664 0.07304814814814814
3 0.38673288541666667 0.2852645324074074 0.05540714583333333 0.08438276851851853
1 0.4475732083333333 0.32493725462962963 0.060605791666666665 0.13098191666666664
2 0.48563434635416663 0.3028962962962963 0.054549942708333334 0.11209074074074074
2 0.5359335651041667 0.264483625 0.070135390625 0.11083123148148148
2 0.6113821953125 0.23236765740740742 0.065176234375 0.09949642592592593
2 0.5221190104166666 0.3809824768518518 0.08217864583333333 0.15239273148148147
1 0.5816278645833334 0.10327453703703703 0.0368390625 0.05793425925925926
1 0.6237799479166666 0.12216620370370371 0.05029947916666667 0.06801018518518517
1 0.74988203125 0.1618388888888889 0.0389640625 0.07682592592592592
2 0.8150583333333333 0.19458425925925926 0.03613020833333334 0.06171296296296297
2 0.5761891015625 0.252765712962963 0.07217908854166667 0.10508894444444444
