2 0.16471197916666663 0.36460967129629634 0.0630510416666667 0.08186378703703705
4 0.11901754687500002 0.651763425925926 0.07367740625000001 0.20528981481481479
3 0.2731029921875 0.5579344398148148 0.08572109895833331 0.2015114722222222
3 0.31100442708333337 0.17468143981481482 0.043923437500000044 0.07984065740740741
2 0.3499684895833333 0.15869038425925927 0.03400468749999999 0.0730474351851852
3 0.444190625 0.12342573148148148 0.042506249999999926 0.060453314814814814
1 0.2929392109375 0.340050462962963 0.054549703124999974 0.22670092592592597
1 0.3357997395833333 0.25503796296296294 0.055257812499999955 0.07430740740740736
1 0.33686223958333344 0.3035263888888889 0.053132812499999994 0.10831203703703707
3 0.3889325520833333 0.2842237268518519 0.052424479166666656 0.0797826388888889
1 0.3871614427083333 0.4219143518518519 0.07863648958333336 0.2846342592592593
1 0.4420656249999999 0.34068009259259263 0.06942708333333338 0.07934537037037041
2 0.5366419270833334 0.2739295324074074 0.05738385416666668 0.09949610185185186
1 0.5830445312499999 0.10201509259259259 0.03967239583333336 0.057934259259259276
1 0.6216544270833333 0.12216620370370371 0.046048437500000004 0.06801018518518516
1 0.7505903645833333 0.16057962962962963 0.04038072916666664 0.07682592592592591
2 0.76511328125 0.27015138888888884 0.05384114583333345 0.18010092592592594
1 0.8136414062499999 0.19395484722222223 0.04038072916666664 0.06800969444444444
5 0.6450330729166666 0.1190175925925926 0.029046354166666552 0.04156111111111112
2 0.5784462291666668 0.2547815462962963 0.0689096250000001 0.10326838888888888
3 0.3848521328125 0.14103990277777778 0.03920094270833327 0.07632760185185183
1 0.66796875 0.14380555555555552 0.04044479166666667 0.07300925925925927
