1 0.1644442708333333 0.3534201388888889 0.06321249999999999 0.10097731481481476
3 0.07054140625000001 0.5091733009259259 0.06779322916666668 0.15189660185185191
1 0.14101688541666668 0.43648240740740735 0.06399627083333331 0.1498370370370371
2 0.15161848958333332 0.5228011203703704 0.0833671875 0.1530948333333333
3 0.31102421875 0.1767098935185185 0.04305781249999991 0.07980497222222219
2 0.35133359374999995 0.15960922222222226 0.03756093749999998 0.07166103703703705
2 0.38477187500000004 0.1490226851851852 0.040309375 0.066775
3 0.4461520833333334 0.12540716666666668 0.04580625000000005 0.06514657407407409
1 0.33484322916666664 0.2581431898148148 0.052218749999999994 0.07654749074074074
1 0.5203582916666666 0.1636808611111111 0.0384771666666665 0.08306172222222222
1 0.33346901041666666 0.31351782870370365 0.05496718750000002 0.10260602777777787
3 0.38660416666666664 0.28583055555555553 0.05679999999999996 0.08631851851851856
3 0.43424270833333334 0.34609108796296295 0.04763854166666673 0.09609143518518513
3 0.5405130208333335 0.2728009259259259 0.06962500000000003 0.1091203703703704
2 0.57532578125 0.2524430555555556 0.06962552083333347 0.10097685185185189
2 0.6137917760416668 0.23859936574074075 0.06044188541666659 0.08957650925925928
1 0.46951328125 0.521987037037037 0.12367656250000003 0.32410370370370367
2 0.5657065572916667 0.3607491481481482 0.07237353125000005 0.11237792592592587
1 0.6220479166666666 0.12215 0.04580625000000005 0.06840370370370373
5 0.64724140625 0.12052083333333335 0.030231770833333373 0.039087962962962956
1 0.6692283854166665 0.14820833333333333 0.04672239583333339 0.06840370370370367
1 0.8176406249999999 0.19543981481481482 0.028400000000000012 0.06188888888888889
1 0.48254289843750003 0.3042035601851851 0.04791211979166672 0.1061947314814815
3 0.2820546874999999 0.34263254629629625 0.04747812500000001 0.2274682407407407
