1 0.14128203125 0.4515188981481481 0.0735984375 0.12032668518518519
4 0.10349746354166665 0.6653035787037037 0.10054048958333334 0.1787386388888889
2 0.2826742447916667 0.5438086296296296 0.11061717708333334 0.20911170370370372
3 0.3108208333333333 0.17640185185185184 0.04074166666666667 0.07476666666666668
3 0.33644869791666665 0.1553736111111111 0.0315421875 0.06308425925925926
3 0.43994583333333337 0.125 0.037456249999999996 0.056074074074074075
1 0.29603533854166664 0.33411196296296297 0.062426989583333335 0.2079442962962963
1 0.46130258333333335 0.19217291666666667 0.057827125 0.08995324074074075
1 0.5204438046875 0.15595780555555555 0.04599906770833333 0.08294364814814814
1 0.48988768229166674 0.3054902777777778 0.06374098958333334 0.10630833333333334
1 0.5349007109375 0.26927575 0.06176983854166666 0.10397187037037037
1 0.45243124739583335 0.5035045092592593 0.090026046875 0.30373864814814816
1 0.5802424479166667 0.10338796296296297 0.035484895833333335 0.059579629629629635
1 0.6203270833333333 0.12266342592592594 0.04205625 0.06775648148148149
5 0.6469406249999999 0.1232476851851852 0.029570833333333334 0.043225
1 0.6978679713541667 0.13317745833333333 0.039427609375 0.07009323148148147
1 0.7317098958333333 0.17464953703703703 0.05059895833333334 0.07593425925925926
2 0.7668663619791667 0.2698597222222222 0.05519834895833333 0.17523425925925926
3 0.8020223958333333 0.2015185185185185 0.037456249999999996 0.07126111111111111
3 0.43120848958333335 0.3241151203703704 0.057245520833333334 0.11725679629629629
1 0.5780557291666667 0.2549781018518519 0.0647125 0.10066416666666667
1 0.757259375 0.16316374537037037 0.036089583333333335 0.07411510185185184
1 0.6651687499999999 0.14159305555555557 0.037334375 0.07964537037037037
