1 0.06547395833333333 0.41068796296296295 0.043648958333333335 0.1039537037037037
2 0.16265546875 0.3645680925925926 0.06506197916666666 0.09663248148148147
3 0.12188869270833333 0.6632503518518519 0.09388719791666666 0.19619329629629628
3 0.3113104166666666 0.17642758333333333 0.04282604166666667 0.0717422037037037
3 0.34013567708333337 0.15739398148148148 0.04117864583333333 0.07759907407407407
1 0.38254947916666665 0.14128842592592591 0.045296875 0.07174166666666666
3 0.29194879166666665 0.34443061111111106 0.05022258333333333 0.24962233333333336
1 0.5229684895833333 0.15958991203703704 0.0642390625 0.09077573148148148
2 0.3903731770833333 0.2913615740740741 0.047767187499999995 0.08784722222222222
4 0.51514453125 0.22035138888888886 0.0568265625 0.08345462962962963
2 0.3850200026041667 0.3909225462962963 0.084827703125 0.24304509259259258
1 0.48343697916666667 0.3030747638888889 0.05106145833333333 0.11127360185185185
2 0.5740299479166667 0.2525625 0.08070989583333334 0.10395277777777778
2 0.6106789062499999 0.2298685185185185 0.07659218749999999 0.1024888888888889
2 0.5209096562500001 0.3777451851851852 0.0815338125 0.15519777777777777
2 0.5612645833333334 0.35749570833333333 0.07494479166666666 0.11762660185185185
1 0.6222090260416667 0.12152268518518518 0.04529653125 0.0702787037037037
5 0.6473278645833334 0.1215226851851852 0.0296484375 0.03806759259259259
1 0.6703880208333335 0.1434847824074074 0.04941458333333334 0.07613437962962963
2 0.7099195468749999 0.21522685185185184 0.05929736458333333 0.1347
2 0.7535687499999999 0.16325046296296294 0.029648958333333333 0.07467129629629629
1 0.4820278515625 0.16952811574074073 0.04023596354166667 0.08440673148148149
3 0.8103541666666666 0.1773965 0.028969791666666668 0.06866996296296296
1 0.5808557291666666 0.0995574074074074 0.034222916666666665 0.0619462962962963
