2 0.1704417578125 0.36015049074074074 0.04990606770833335 0.08270653703703704
1 0.10531012760416666 0.3849620370370371 0.044830786458333334 0.09624074074074074
2 0.14210520833333332 0.5240601481481482 0.06597708333333335 0.1488721851851853
2 0.12434204947916667 0.6774435370370371 0.094736734375 0.1969926296296296
2 0.20554505208333337 0.6233081898148148 0.09135364583333336 0.19097760185185184
2 0.288439828125 0.5511277407407407 0.09642861458333334 0.19398511111111105
2 0.3476502604166667 0.16015037962962964 0.03721822916666658 0.0706766851851852
2 0.38444557291666664 0.15037592592592594 0.0431390625 0.057142592592592564
3 0.4445018229166667 0.12330842592592593 0.0431390625 0.0631575925925926
3 0.28505621875000003 0.3308268750000001 0.054135416666666665 0.24060189814814817
1 0.33707708333333325 0.25639120370370366 0.04990625000000003 0.07368425925925924
1 0.3857143229166667 0.21503739351851853 0.04905989583333336 0.10827108333333334
3 0.3366541067708333 0.33082706944444445 0.06090220312500006 0.14135337962962968
3 0.3852911458333333 0.28270693981481493 0.056672916666666615 0.0842101759259259
3 0.3878288333333334 0.4225565416666666 0.08035691666666664 0.2887221018518519
2 0.5290884635416667 0.26466154166666667 0.058364427083333406 0.1172934537037037
2 0.5227442708333333 0.38195473611111114 0.08289479166666673 0.14736873148148144
1 0.5806861979166666 0.10225555555555556 0.036372395833333356 0.0631574074074074
1 0.6212877604166667 0.12180462962962961 0.04483072916666669 0.06616481481481483
1 0.6716353854166665 0.1466162037037037 0.04902297916666676 0.07067685185185184
1 0.7549341145833334 0.16090225925925924 0.03468072916666666 0.07218044444444442
2 0.768890859375 0.26992458333333336 0.06259421874999992 0.18496194444444444
1 0.7993419270833333 0.20601527777777784 0.042293229166666654 0.075187962962963
1 0.8209114583333333 0.19473657407407405 0.029605208333333386 0.06466203703703705
4 0.43435156249999995 0.3413533703703704 0.05836458333333342 0.08120303703703703
1 0.08047215104166666 0.5743919444444444 0.05954944791666666 0.14449203703703709
2 0.5755669661458335 0.25276565740740736 0.06969018229166662 0.10287575925925925
3 0.6524128697916667 0.1161502777777778 0.03546740625000003 0.05088462962962964
1 0.5331278645833334 0.08869814814814816 0.024946354166666632 0.06008518518518518
