1 0.15400810677083332 0.35871157407407406 0.059297328125 0.10834537037037037
3 0.121888625 0.6595902685185185 0.09553420833333333 0.19472868518518519
3 0.31172213541666666 0.1771597222222222 0.042002604166666666 0.07613425925925925
3 0.3426059895833333 0.15666157407407408 0.03459010416666666 0.07320648148148148
2 0.3866674479166667 0.14860925925925925 0.045296354166666664 0.0629574074074074
1 0.44431729687500005 0.12737916203703703 0.04200230208333333 0.061493509259259255
3 0.29030923177083334 0.3451791898148148 0.05023778645833333 0.24526393518518516
3 0.33766484375 0.2518301157407407 0.054355729166666665 0.07320652777777778
2 0.3899615989583334 0.2877011898148148 0.051885135416666665 0.0863838611111111
1 0.51555625 0.21961944444444445 0.056003125 0.07906296296296297
1 0.38337305989583326 0.39019027777777776 0.08318096354166667 0.2298675925925926
3 0.4323755208333333 0.3338215046296296 0.060944791666666664 0.1171300462962963
1 0.48508428906249995 0.3030745231481481 0.051061286458333334 0.10541756481481482
1 0.5377927083333334 0.272328125 0.06423854166666666 0.09663217592592593
2 0.5765007812500001 0.2540263888888889 0.0658859375 0.101025
1 0.47060875520833334 0.5183013888888889 0.12423313541666667 0.3308935185185185
2 0.5204979166666667 0.38067361111111103 0.08235729166666667 0.14055648148148148
1 0.5662059869791667 0.35797962962962965 0.08153384895833334 0.1303074074074074
1 0.6213854166666667 0.12152268518518518 0.045296875 0.07320648148148148
5 0.64856328125 0.12445092592592594 0.03211927083333333 0.038066666666666665
1 0.6687409296875 0.1486087962962963 0.042825609375000004 0.0688138888888889
2 0.7160962447916667 0.21449467592592592 0.06835646875 0.13030787037037037
2 0.7552158854166666 0.16032222222222225 0.0296484375 0.0717425925925926
1 0.7980416666666666 0.20424629629629631 0.04282604166666667 0.0717425925925926
1 0.82068984375 0.19326527777777777 0.03211927083333333 0.0644212962962963
1 0.38103540624999993 0.21459228703703703 0.061963520833333334 0.10300431481481481
2 0.7357922369791667 0.17256644444444444 0.03795615104166667 0.07743377777777777
