2 0.13383055208333333 0.4553439814814815 0.07494514583333332 0.12591574074074074
1 0.08153374739583334 0.5768668148148147 0.05765021354166667 0.14934103703703702
2 0.13836012239583334 0.5256222222222222 0.059297328125 0.14641296296296297
3 0.12394768229166667 0.662518287037037 0.09471088541666667 0.19472916666666668
1 0.20095156249999999 0.617862037037037 0.10047604166666665 0.20205
3 0.27795546875 0.5717421944444445 0.11447656249999999 0.1800880925925926
3 0.30513359375 0.17862407407407407 0.05353177083333334 0.07906296296296297
3 0.35166534374999997 0.15666157407407408 0.042825562500000004 0.08199166666666667
3 0.38337317708333335 0.14568055555555554 0.0387078125 0.0717425925925926
3 0.290311015625 0.3451625555555556 0.051888697916666664 0.24815844444444446
3 0.33684114583333336 0.25256249999999997 0.052708333333333336 0.08052685185185185
1 0.38254947916666665 0.2240118888888889 0.06012083333333333 0.09077562962962962
2 0.46614218749999997 0.19253274074074075 0.06423854166666666 0.086384
3 0.39078515625 0.2804570277777778 0.04694322916666667 0.08067887037037037
2 0.38584348958333337 0.3879939814814815 0.08318072916666666 0.24304537037037036
1 0.43196380208333335 0.31657110648148146 0.0551796875 0.1411940648148148
1 0.53408671875 0.26720370370370367 0.07165052083333333 0.11566666666666667
2 0.5769125 0.25329444444444443 0.07659270833333333 0.10541666666666666
2 0.5229684895833333 0.3799414814814815 0.08070989583333334 0.15080518518518518
2 0.5641500442708334 0.3559814490740741 0.07411553645833333 0.12923882407407408
1 0.5616763020833333 0.07833101851851852 0.03459010416666666 0.0658861111111111
1 0.6209736979166666 0.12225462962962963 0.04282552083333333 0.0717425925925926
5 0.6481515625000001 0.12298657407407408 0.031295833333333335 0.03806759259259259
1 0.6712114583333334 0.14714490740740743 0.04941458333333334 0.0688138888888889
2 0.7099194791666666 0.21595925925925924 0.060944375 0.1390925925925926
1 0.7663340989583334 0.27013194444444444 0.05847346875 0.168375
1 0.81533671875 0.1954611111111111 0.039531770833333334 0.0629574074074074
1 0.0659870859375 0.4077251018518519 0.046673744791666666 0.09442016666666667
3 0.06759663802083334 0.5078683842592592 0.057940057291666666 0.14306150925925926
1 0.48565390625 0.3003318564814815 0.04791197916666667 0.10508849074074074
1 0.48283264062500003 0.16881243518518518 0.03218888541666667 0.07725290740740741
1 0.44501067708333336 0.1187411111111111 0.0418453125 0.06866962962962964
1 0.7361033359375 0.17256641203703707 0.04106728645833333 0.08407087962962963
