2 0.1625864583333333 0.36146064814814816 0.06163437500000001 0.09319907407407405
2 0.1384997395833333 0.5277076481481482 0.05880052083333333 0.13853937037037037
2 0.20969780989583334 0.4584380833333334 0.05667521354166668 0.1863983888888889
4 0.11051640624999999 0.6568010648148148 0.08926302083333336 0.19017620370370372
3 0.31100442708333337 0.17758169444444444 0.042506770833333304 0.07556709259259259
2 0.34748906250000006 0.15491168055555557 0.03613020833333334 0.08060484259259258
2 0.38503619791666666 0.1404280601851852 0.04179739583333332 0.07682649074074073
1 0.29718984374999996 0.3425689814814815 0.06446822916666664 0.23173796296296298
1 0.33615401041666654 0.25818646296296294 0.05454947916666667 0.07808551851851851
1 0.34040442708333335 0.31297251388888886 0.046048437500000004 0.0944579907407407
3 0.3850361979166666 0.28400499537037044 0.05738385416666668 0.07934517592592592
2 0.3868074322916667 0.4225439814814815 0.08076221875000004 0.28085648148148146
3 0.4395860442708333 0.34067993981481487 0.06588458854166669 0.10201543518518519
1 0.49307310156249995 0.3041564814814815 0.052424328124999954 0.09949629629629632
1 0.5377046875 0.27078101851851855 0.06092604166666652 0.1083120370370371
3 0.46225595572916667 0.49559212962962973 0.10980788020833335 0.308563888888889
1 0.5522275156250002 0.3507556018518519 0.08147065625000008 0.13727972222222232
1 0.581982 0.1032743935185185 0.03754733333333344 0.0604530648148148
1 0.6227171874999999 0.12090675462962963 0.048173958333333405 0.06801017592592594
5 0.6478669270833333 0.12216620370370371 0.03187968750000015 0.04030277777777778
1 0.752715625 0.15931990740740742 0.036130208333333275 0.07178796296296297
2 0.7357130208333333 0.16939583333333336 0.055966666666666734 0.0818638888888889
2 0.7683012760416668 0.2688916666666667 0.05880046874999986 0.18262037037037035
3 0.13502483072916668 0.42477857407407404 0.05848992187500001 0.1261058148148148
2 0.5783671015625002 0.25276542592592594 0.06657933854166664 0.10066359259259261
1 0.6082342239583334 0.23008862962962964 0.0690680104166668 0.10619496296296296
1 0.48243022916666667 0.1702434212962963 0.037821833333333346 0.08297612037037039
3 0.315048390625 0.13304699537037037 0.03460321875000005 0.06580786111111112
