2 0.16329505208333334 0.3570530046296296 0.06446822916666667 0.10453378703703704
1 0.08288723958333334 0.5629723055555556 0.0623421875 0.17632238888888888
3 0.2731029921875 0.5573048101851852 0.08572109895833332 0.20277073148148148
3 0.44525338541666665 0.12027712037037037 0.0389640625 0.06675053703703704
1 0.29612723177083333 0.34068006944444446 0.06092574479166667 0.23047865740740742
1 0.33509140625 0.2512593287037037 0.05384114583333333 0.08690199074074074
1 0.33367446875 0.31423168518518513 0.04959060416666667 0.10201522222222222
3 0.38751588541666665 0.284634625 0.05242447916666667 0.07808591666666667
3 0.43923178906250004 0.346347625 0.062342671875 0.09319895370370371
3 0.49165625 0.3022671296296296 0.05525833333333333 0.10579351851851852
3 0.5352250000000001 0.26826193981481483 0.07155208333333334 0.11083128703703704
3 0.4689861979166666 0.5195213055555556 0.12326822916666667 0.3236777962962963
1 0.5798567708333333 0.10327453703703703 0.03613020833333334 0.05793425925925926
1 0.6234255208333334 0.12153657407407407 0.048173958333333336 0.06926944444444445
1 0.7512989583333333 0.16057962962962966 0.041797916666666664 0.0743074074074074
2 0.766530234375 0.2726701990740741 0.05667505208333334 0.17506262037037038
5 0.6475127604166667 0.12153657407407407 0.032588020833333335 0.03652314814814815
2 0.208422703125 0.4642346018518519 0.06276832291666666 0.18454931481481482
2 0.5765003984374999 0.25276556944444445 0.07031274479166667 0.10287626851851851
1 0.6676578125 0.14269953703703703 0.039822916666666666 0.0752212962962963
