2 0.16258645833333332 0.36146064814814816 0.061634375 0.09319907407407407
2 0.13849973958333334 0.5277076481481482 0.058800520833333335 0.13853937037037037
2 0.20969780989583334 0.45843808333333336 0.05667521354166667 0.18639838888888888
4 0.11051640624999999 0.6568010648148148 0.08926302083333333 0.1901762037037037
3 0.31100442708333337 0.17758169444444444 0.04250677083333333 0.07556709259259259
2 0.34748906250000006 0.15491168055555557 0.03613020833333334 0.0806048425925926
2 0.38503619791666666 0.1404280601851852 0.041797395833333334 0.07682649074074074
1 0.29718984374999996 0.3425689814814815 0.06446822916666667 0.23173796296296295
1 0.3361540104166666 0.25818646296296294 0.054549479166666665 0.07808551851851851
1 0.34040442708333335 0.31297251388888886 0.0460484375 0.09445799074074074
3 0.38503619791666666 0.28400499537037044 0.05738385416666667 0.07934517592592592
2 0.3868074322916667 0.4225439814814815 0.08076221874999999 0.28085648148148146
3 0.4395860442708333 0.34067993981481487 0.06588458854166666 0.10201543518518519
1 0.4930731015625 0.3041564814814815 0.052424328124999996 0.0994962962962963
1 0.5377046875 0.27078101851851855 0.06092604166666667 0.10831203703703704
3 0.46225595572916667 0.4955921296296297 0.10980788020833333 0.3085638888888889
1 0.552227515625 0.3507556018518519 0.08147065625000001 0.13727972222222223
1 0.581982 0.10327439351851851 0.037547333333333335 0.060453064814814814
1 0.6227171874999999 0.12090675462962963 0.048173958333333336 0.06801017592592593
5 0.6478669270833333 0.12216620370370371 0.031879687500000004 0.04030277777777778
1 0.752715625 0.15931990740740742 0.03613020833333334 0.07178796296296297
2 0.7357130208333333 0.16939583333333336 0.05596666666666667 0.08186388888888889
2 0.7683012760416668 0.2688916666666667 0.05880046875 0.18262037037037035
3 0.13502483072916668 0.42477857407407404 0.058489921875 0.1261058148148148
2 0.5783671015625 0.25276542592592594 0.06657933854166667 0.1006635925925926
1 0.6082342239583334 0.23008862962962964 0.06906801041666667 0.10619496296296296
1 0.48243022916666667 0.1702434212962963 0.03782183333333333 0.08297612037037037
3 0.315048390625 0.13304699537037037 0.034603218750000005 0.06580786111111112
