2 0.16705833333333334 0.360902425925926 0.060056250000000005 0.09022522222222222
1 0.10404140625 0.38571388888888886 0.0406015625 0.09774444444444444
2 0.2068139140625 0.6263155972222222 0.09219925520833333 0.1819552685185185
2 0.2892856770833333 0.5511277685185185 0.09473697916666667 0.19699257407407408
3 0.31085546875 0.17518774999999998 0.0431390625 0.07669216666666667
1 0.34934192708333334 0.15639097685185185 0.0456765625 0.08421052777777778
3 0.44492473958333334 0.1240601527777778 0.04398489583333333 0.0616541388888889
1 0.2952067265625 0.33533842592592594 0.060902171875 0.2285712962962963
1 0.3370770833333333 0.2601503101851852 0.04990625 0.06315802777777778
1 0.3857143229166667 0.21578981481481482 0.04905989583333333 0.10375925925925926
1 0.33665416666666664 0.3120298888888889 0.060902083333333336 0.10375977777777777
3 0.3857140625 0.28496255092592593 0.05582708333333333 0.08571399074074075
3 0.38782884895833336 0.42255648148148145 0.07866521875 0.2827074074074074
2 0.53712421875 0.26541336574074076 0.07443593750000001 0.11278228703703704
2 0.5620770833333334 0.3556392222222223 0.06851458333333334 0.12481177777777777
1 0.5799225651041666 0.10225555555555556 0.03484513020833333 0.06015
1 0.6225565104166667 0.12180416666666666 0.04736822916666667 0.06917314814814814
1 0.6716166666666666 0.1503759259259259 0.04906041666666667 0.0631574074074074
1 0.7092574010416667 0.21654145833333335 0.05667269791666667 0.14436069444444444
1 0.7570489583333334 0.16165411111111108 0.03552604166666666 0.07067674074074073
2 0.7667761979166666 0.2736843148148148 0.05836489583333333 0.18646666666666664
1 0.7989190104166667 0.20375972222222222 0.04144739583333333 0.07368425925925925
1 0.8192197916666667 0.1939847222222222 0.026221875 0.06616574074074075
4 0.43519739583333333 0.33834583333333335 0.05836458333333334 0.08721759259259258
1 0.08087443229166666 0.5765379629629629 0.05874469791666667 0.1402
1 0.06679180729166667 0.4062945416666667 0.045064302083333334 0.1030039537037037
2 0.576811515625 0.2522122407407407 0.07093448958333333 0.09955781481481482
3 0.6524128697916667 0.11504425925925928 0.03546740625 0.048672592592592594
