2 0.16888135677083332 0.3498830648148149 0.04994145312499999 0.11331798148148144
2 0.11072578125 0.38726656944444443 0.05585572916666668 0.09462573148148147
2 0.13996796875000003 0.451518898148148 0.07359843750000002 0.1203266851851851
3 0.3111494791666667 0.17757037037037035 0.04139895833333327 0.07943888888888888
3 0.33710572916666665 0.15245324074074076 0.0315416666666667 0.06658796296296299
3 0.4402744791666667 0.12558428703703706 0.03679895833333333 0.05724264814814814
1 0.2937353203125 0.3387850277777778 0.05651269270833339 0.22196264814814817
1 0.3354627604166667 0.25 0.04797031249999997 0.08644814814814818
1 0.518202265625 0.1582944444444444 0.03757223958333332 0.08527962962962964
3 0.3683192708333333 0.2751168333333333 0.04402708333333341 0.09696262962962965
1 0.436003125 0.32359836111111107 0.06899791666666667 0.12149487037037035
1 0.4928447916666666 0.3043222222222222 0.06176979166666664 0.1016351851851852
3 0.5372005208333334 0.27278037962962964 0.06111249999999983 0.10397129629629631
1 0.4534171015625 0.50584125 0.09068350520833336 0.2967287037037037
1 0.62164140625 0.1232476851851852 0.0459984375 0.06658796296296299
5 0.6472692708333334 0.12091111111111111 0.030228125000000123 0.0362148148148148
1 0.7527380208333334 0.16413535185185188 0.04271354166666666 0.07126203703703703
2 0.7668662369791669 0.26985961574074074 0.055198598958333275 0.17523404629629635
3 0.7980796875 0.20210277777777777 0.04402708333333341 0.07009259259259258
1 0.20520395312499998 0.4656653657407408 0.06920582291666667 0.1673822314814815
1 0.5789893359375 0.25055292592592593 0.06533486979166672 0.09623859259259263
