2 0.16705833333333334 0.360902425925926 0.06005625 0.09022522222222218
1 0.10404140625 0.38571388888888886 0.040601562499999994 0.09774444444444441
2 0.2068139140625 0.6263155972222222 0.09219925520833337 0.18195526851851856
2 0.2892856770833333 0.5511277685185185 0.0947369791666667 0.19699257407407408
3 0.31085546875 0.17518774999999998 0.0431390625 0.07669216666666669
1 0.34934192708333334 0.15639097685185185 0.045676562499999976 0.08421052777777775
3 0.44492473958333334 0.12406015277777777 0.04398489583333334 0.06165413888888888
1 0.2952067265625 0.335338425925926 0.06090217187500002 0.22857129629629633
1 0.33707708333333325 0.2601503101851852 0.04990625000000003 0.06315802777777779
1 0.3857143229166667 0.21578981481481482 0.04905989583333336 0.10375925925925929
1 0.33665416666666664 0.3120298888888889 0.06090208333333334 0.10375977777777778
3 0.3857140625 0.28496255092592593 0.05582708333333327 0.08571399074074072
3 0.38782884895833336 0.4225564814814814 0.07866521875000003 0.28270740740740735
2 0.53712421875 0.26541336574074076 0.07443593750000002 0.11278228703703704
2 0.5620770833333334 0.3556392222222223 0.06851458333333339 0.12481177777777777
1 0.5799225651041666 0.10225555555555556 0.034845130208333214 0.06015
1 0.6225565104166667 0.12180416666666666 0.04736822916666661 0.06917314814814812
1 0.6716166666666666 0.1503759259259259 0.04906041666666662 0.06315740740740738
1 0.7092574010416667 0.21654145833333338 0.056672697916666695 0.14436069444444447
1 0.7570489583333334 0.16165411111111108 0.03552604166666669 0.07067674074074075
2 0.7667761979166665 0.2736843148148148 0.05836489583333335 0.18646666666666664
1 0.7989190104166667 0.20375972222222222 0.04144739583333319 0.07368425925925924
1 0.8192197916666667 0.1939847222222222 0.026221875000000002 0.06616574074074072
4 0.43519739583333333 0.33834583333333335 0.058364583333333366 0.08721759259259253
1 0.08087443229166666 0.5765379629629629 0.058744697916666665 0.14019999999999994
1 0.06679180729166667 0.4062945416666667 0.045064302083333334 0.10300395370370373
2 0.576811515625 0.2522122407407407 0.07093448958333326 0.09955781481481486
3 0.6524128697916667 0.11504425925925928 0.03546740625000003 0.04867259259259258
