2 0.16261197916666664 0.36319212962962966 0.06138020833333333 0.09120462962962964
1 0.15482473958333334 0.5195440787037038 0.07145781250000001 0.1758955648148148
1 0.12321859375000001 0.6783388564814814 0.09069614583333332 0.1872962314814815
1 0.2904111510416667 0.5537458425925926 0.09710894791666667 0.19869724074074074
3 0.3101080729166667 0.17485964814814814 0.0430578125 0.07284707407407408
2 0.3490432291666667 0.16042361111111114 0.038477083333333335 0.07328981481481482
2 0.3843138020833334 0.14820833333333333 0.04489010416666666 0.058631481481481486
3 0.44477786458333335 0.1254074074074074 0.0430578125 0.06188888888888889
1 0.3362174479166667 0.2581431898148148 0.053134895833333334 0.07654749074074074
2 0.384771875 0.21661249999999999 0.051303125 0.10749166666666667
1 0.511196875 0.22231250000000002 0.04214166666666667 0.08631944444444443
1 0.3366755208333333 0.31433194444444446 0.06138020833333333 0.10423425925925925
3 0.38614609375 0.2866449074074074 0.05588385416666666 0.08794722222222223
3 0.38797835156250005 0.42426727314814816 0.07787038020833334 0.28175862037037036
1 0.4814231770833334 0.3053743703703704 0.04489010416666666 0.10912096296296296
1 0.5318098098958334 0.27280117129629633 0.054051213541666664 0.1058634537037037
2 0.5615838541666667 0.3550486666666667 0.07145729166666667 0.12703622222222222
1 0.6211318307291667 0.12296418055555554 0.04580636979166666 0.06351793518518518
1 0.7090798177083334 0.21416944444444444 0.05496744791666666 0.14820925925925926
1 0.7979437500000001 0.20521203703703703 0.038477083333333335 0.07166111111111112
1 0.08208151302083334 0.5772531712962963 0.061158859375 0.13876958333333334
1 0.13502479166666667 0.4375000462962963 0.06595666666666666 0.14712398148148148
1 0.10944193229166667 0.3826893518518519 0.04345467708333333 0.09871203703703703
4 0.43494189322916665 0.3362832314814815 0.054756703125 0.09955761111111111
2 0.5771226145833332 0.25276565740740736 0.06782335416666667 0.10287575925925925
3 0.28165227343750004 0.34191683333333334 0.045064203125 0.2231755925925926
1 0.7709226822916666 0.2675249027777778 0.06437755208333333 0.1888409351851852
1 0.7541483203125 0.1615041666666667 0.032356015625 0.06858425925925926
1 0.5805447916666666 0.1017699074074074 0.034844791666666666 0.059734259259259265
1 0.5331278645833334 0.08655231481481482 0.026555729166666667 0.05865462962962963
