2 0.1625864583333333 0.3652393518518518 0.0630510416666667 0.09319907407407416
1 0.13354062500000002 0.4389335740740741 0.06446770833333332 0.13983196296296294
2 0.14168776041666667 0.5245590416666667 0.06800989583333332 0.17002549074074078
1 0.21359401041666667 0.46284629629629626 0.06588489583333335 0.19017592592592591
4 0.10980800781249997 0.6391686527777778 0.08076210937499999 0.2128465648148148
3 0.2716861692708334 0.5604533333333331 0.087138078125 0.20654925925925918
1 0.311358703125 0.17569271296296296 0.043214885416666605 0.07682616666666664
3 0.4441908958333334 0.12405541203703704 0.04108958333333336 0.06171284259259258
1 0.2932933255208334 0.3387910879629629 0.056674807291666636 0.23173773148148147
1 0.33650833333333335 0.25377824074074085 0.05525833333333328 0.07934537037037039
3 0.3860989817708333 0.284005087962963 0.05809171354166664 0.08186387962962961
2 0.4629645833333333 0.19017624074074074 0.055966666666666734 0.09068025925925927
1 0.4888223958333333 0.30226686574074074 0.05525833333333333 0.11335039814814821
2 0.611028125 0.23236793518518517 0.06446770833333335 0.09445809259259261
2 0.5221189661458333 0.38098247685185177 0.08217873437499996 0.15239273148148144
1 0.5816276041666666 0.10390442592592593 0.035421875 0.06171255555555552
1 0.6230713541666667 0.12090694444444444 0.047465625000000004 0.07052870370370369
1 0.7509445312499998 0.16183890740740742 0.04108906249999992 0.07682596296296296
2 0.7668844010416667 0.2676321435185185 0.055966718749999936 0.18261984259259256
2 0.8157666666666666 0.19521416666666666 0.0389645833333334 0.06549166666666666
2 0.5755669661458335 0.2527655694444445 0.07093481770833338 0.10287626851851851
1 0.5251659296875 0.16150442592592593 0.03982300520833325 0.07300885185185185
1 0.7292588177083333 0.1681416666666667 0.05973444791666663 0.08628333333333331
