2 0.10809739583333335 0.3907710555555555 0.05454166666666668 0.08995322222222221
2 0.16953854166666668 0.34929907407407407 0.04862708333333332 0.11214999999999996
1 0.14193922916666668 0.45093472222222225 0.06702708333333333 0.12383240740740739
1 0.07170240104166667 0.47488303703703705 0.06293269791666667 0.13200925925925924
1 0.1991092447916666 0.61273375 0.10251171874999997 0.20911194444444448
3 0.3108208333333334 0.17757037037037035 0.04074166666666669 0.07476666666666672
3 0.33710572916666665 0.1553740740740741 0.0315416666666667 0.06542037037037034
1 0.3822026041666666 0.14924444444444443 0.03613020833333334 0.0717888888888889
3 0.441264796875 0.12720416666666667 0.038071260416666655 0.06045277777777778
1 0.2954188463541667 0.34068024999999996 0.06092584895833332 0.2229216111111111
1 0.33261170833333337 0.31171296296296297 0.04463174999999993 0.10201481481481481
3 0.37122187500000003 0.2751888888888888 0.04250624999999998 0.09193888888888893
1 0.5054708333333333 0.2216625 0.05455000000000006 0.09823611111111114
1 0.43710651041666665 0.32619669444444443 0.06092552083333332 0.12090635185185188
1 0.49590677083333323 0.3041564814814815 0.05525833333333328 0.10201481481481481
3 0.5373505208333333 0.2707805555555555 0.061634374999999866 0.10075555555555558
1 0.4537547057291667 0.5018893518518518 0.09138850520833325 0.29596944444444445
1 0.5805651041666666 0.10201481481481484 0.036130208333333275 0.06297222222222221
1 0.6202377604166666 0.12405555555555557 0.04321510416666664 0.06423148148148149
5 0.6489294270833333 0.1227962962962963 0.03117135416666675 0.03904259259259259
1 0.6680572916666667 0.1429472222222222 0.042506250000000044 0.07430740740740739
1 0.7002911458333334 0.13350138888888885 0.04321458333333332 0.07304722222222221
1 0.7073756354166666 0.21284655092592594 0.06163414583333342 0.15617087962962958
1 0.7537783854166666 0.16246851851851854 0.03117135416666675 0.07052962962962962
1 0.7672385338541667 0.2625946388888889 0.05809168229166654 0.18010038888888888
3 0.7984098958333334 0.20151115277777779 0.04675729166666673 0.0730482314814815
1 0.5768114583333334 0.25553101851851845 0.06844583333333341 0.10176944444444444
