2 0.15798177083333334 0.37342569444444446 0.06801041666666667 0.08438287037037037
1 0.105557390625 0.3828712962962963 0.04534021875 0.09823703703703704
3 0.0722608046875 0.47252746759259256 0.063759640625 0.1364901203703704
3 0.14452161458333332 0.451511337962963 0.06659322916666667 0.12216625
1 0.21040619010416664 0.4615869722222222 0.07084386979166667 0.17506283333333333
3 0.26930435416666665 0.5724182361111111 0.09229258333333333 0.1725438796296296
3 0.31171302083333335 0.17695185185185186 0.042506249999999995 0.07682592592592592
3 0.3474888020833333 0.15491203703703704 0.0389640625 0.07556666666666666
2 0.3868072916666667 0.14357685185185187 0.043922916666666666 0.06297222222222222
3 0.44489921875 0.12279583333333333 0.0439234375 0.06675092592592592
1 0.2957730130208333 0.34382870370370366 0.061634182291666666 0.22921851851851852
1 0.32942373697916666 0.243073125 0.04534018229166667 0.10075550925925926
1 0.49980312499999996 0.1706550925925926 0.061634375 0.07178796296296297
1 0.52176484375 0.15743055555555557 0.04746510416666667 0.08564259259259259
2 0.33969611197916666 0.3091939814814815 0.05313277604166667 0.10201574074074074
3 0.3712216145833333 0.2707805555555555 0.0368390625 0.08564259259259259
1 0.3853903463541667 0.43765740740740744 0.08217868229166667 0.3035259259259259
3 0.4491497395833333 0.3287152777777778 0.07226093750000001 0.10579351851851852
1 0.4905936171875 0.30541574074074074 0.04179765104166667 0.10453333333333334
1 0.5384130208333333 0.2657429537037037 0.06517604166666667 0.1032747962962963
2 0.51999375 0.38035275462962964 0.08642916666666665 0.16372773148148148
1 0.5802109375000001 0.10327453703703703 0.035421875000000005 0.06045277777777778
1 0.6205919270833333 0.12153657407407407 0.04250677083333333 0.06675092592592592
5 0.6471583333333333 0.12216666666666666 0.0304625 0.03778333333333333
2 0.7102093749999999 0.21914351851851852 0.06446770833333333 0.1486148148148148
1 0.7541325520833333 0.1593199074074074 0.031879687500000004 0.07430648148148149
1 0.7977015625 0.20277087500000002 0.046757291666666666 0.07052878703703705
1 0.08369114583333334 0.5793992083333334 0.049892708333333334 0.14306137962962964
2 0.5608906484375 0.3519314490740741 0.080471921875 0.13733882407407408
1 0.5733638020833334 0.2525037407407408 0.0684015625 0.10157400000000001
1 0.7685085572916666 0.26323337500000005 0.059549406250000006 0.18884082407407407
