2 0.16536041666666668 0.3623780092592592 0.055883333333333333 0.08306157407407408
2 0.140625 0.5285014861111111 0.06138020833333333 0.15798075
2 0.221243921875 0.4552119490740741 0.08153507291666666 0.18078130555555555
2 0.2052117265625 0.6245928333333333 0.08978013020833334 0.19055374074074072
1 0.28949505208333337 0.551302824074074 0.09710885416666667 0.19706861111111112
2 0.34766901041666665 0.16205225925925928 0.03939322916666667 0.07003229629629629
2 0.38477187500000004 0.1490226851851852 0.043973958333333334 0.05700277777777778
3 0.44340390625000003 0.12377870370370368 0.0421421875 0.06188888888888889
1 0.335759375 0.25977175925925927 0.05221875 0.07980462962962963
1 0.33621744791666663 0.3118893518518518 0.062296354166666665 0.10586388888888888
3 0.3847721354166667 0.28257881944444446 0.05679947916666667 0.0830724537037037
3 0.38752028906249997 0.4234529212962963 0.07878650520833334 0.2833873240740741
2 0.5327260416666667 0.27117268518518517 0.057715625 0.1091212962962963
2 0.57532578125 0.2524430925925926 0.06779322916666668 0.10423433333333333
2 0.5221905651041666 0.38110749074074074 0.08245116145833334 0.15309446296296295
2 0.56066796875 0.3542343703703703 0.06779322916666668 0.1188928148148148
1 0.7086217552083334 0.2166122685185185 0.055883572916666666 0.14332268518518518
1 0.7988599453125 0.20439768518518517 0.03847718229166666 0.07654722222222222
1 0.5791533750000001 0.10260601851851853 0.03513904166666667 0.06188981481481481
2 0.12231770572916666 0.674535101851852 0.094957296875 0.20171683333333335
1 0.08449558854166668 0.5736766666666666 0.06759632291666667 0.14306148148148148
4 0.435564046875 0.3440264490740741 0.05724580208333333 0.08185821296296296
1 0.5099211223958333 0.22013261111111113 0.040445369791666665 0.08628292592592592
1 0.7636802500000001 0.2668095972222222 0.04828325 0.19027154629629628
1 0.7544592578124999 0.16205772685185185 0.031734140625 0.07190306481481482
1 0.6213013020833333 0.12112824074074074 0.04417864583333333 0.06305277777777778
1 0.5331277734375 0.08941325925925925 0.024946536458333335 0.06151607407407407
