2 0.16444426562499997 0.36319203240740744 0.06138019791666667 0.09446223148148149
3 0.06779296875 0.508557037037037 0.062296354166666665 0.14740666666666666
2 0.13558645833333335 0.4423186990740741 0.053135416666666664 0.1349950462962963
2 0.13925076041666665 0.5309445416666667 0.058631812500000005 0.15309463888888888
3 0.12413477343750001 0.666938111111111 0.09619299479166667 0.19055374074074072
3 0.27575338541666666 0.5700325138888889 0.10443802083333333 0.14983725
3 0.3105658854166667 0.13762222222222223 0.03298072916666667 0.07003333333333332
3 0.31056614583333336 0.17752407407407408 0.04214166666666667 0.07817592592592593
1 0.3481270833333333 0.15879490740740743 0.03664479166666667 0.07328981481481482
2 0.3875203125 0.1490226851851852 0.043973958333333334 0.05700277777777778
3 0.44386209374999996 0.12459304629629628 0.0412258125 0.06026016666666666
2 0.4626424479166667 0.18973934722222222 0.05863177083333333 0.08306202777777778
1 0.5203583333333334 0.1653096064814815 0.04214166666666667 0.07328958333333332
1 0.3334690104166667 0.311075 0.05863177083333333 0.1074925925925926
3 0.38614609375000003 0.2842023148148148 0.05771614583333333 0.08306203703703703
2 0.5075326979166667 0.21824126851851852 0.043974187500000005 0.09120475925925926
1 0.3875202994791666 0.4258959537037037 0.08061877604166666 0.28175857407407406
3 0.43149423697916667 0.338762 0.05130305729166666 0.09772029629629629
1 0.4829198776041667 0.3029319444444445 0.053380380208333335 0.11074907407407407
1 0.5382228307291667 0.2801300925925926 0.06687725520833333 0.10749166666666667
2 0.52081640625 0.3811074537037037 0.07970260416666666 0.15309453703703702
1 0.6229640624999999 0.12296435185185185 0.04947083333333333 0.07003240740740742
5 0.6463252604166667 0.12296388888888887 0.030231770833333334 0.03745925925925926
1 0.6696864583333333 0.1490226851851852 0.047638541666666666 0.07003240740740742
2 0.7099959947916666 0.21905528703703706 0.06229655208333333 0.1449513148148148
1 0.7571763359375 0.16286658796296297 0.03756100520833334 0.07166095370370369
2 0.76587946875 0.271987037037037 0.0622964375 0.1856685185185185
1 0.8181634453125 0.19869725462962962 0.029445640625 0.05863154629629629
1 0.08288619791666667 0.5736768518518519 0.061158854166666665 0.14592222222222223
1 0.5633046953124999 0.35407718981481484 0.074034390625 0.12446363888888888
1 0.5802336822916667 0.2538716805555556 0.0728014375 0.10508849074074074
3 0.28406663020833334 0.339771287037037 0.046674031250000005 0.23605187037037037
3 0.33476403906249996 0.2553646851851852 0.053111411458333334 0.0786835925925926
5 0.7398368854166667 0.18252208796296296 0.039823104166666665 0.048672490740740745
3 0.56290234375 0.08082975 0.032993229166666665 0.0586552037037037
