2 0.16265572916666665 0.35871157407407406 0.066709375 0.0966324074074074
1 0.14165442708333334 0.44288431018518515 0.07741614583333334 0.13326504629629632
2 0.15112554947916665 0.5241583287037037 0.08318081770833333 0.1493407314814815
3 0.06506223958333333 0.507139462962963 0.05600260416666667 0.14165812962962962
3 0.12312410937499998 0.662518287037037 0.09635803125 0.19472916666666668
3 0.28125 0.5680819583333333 0.11282916666666667 0.15226947222222223
3 0.31131035937499996 0.1357062824074074 0.03294282291666666 0.06826521296296295
3 0.31048671875 0.1771597222222222 0.04282552083333333 0.07320648148148148
1 0.347959375 0.15812592592592595 0.03870833333333333 0.07613518518518518
3 0.38543203125 0.1471447314814815 0.04282552083333333 0.06295798148148148
3 0.4447291666666667 0.12225484722222223 0.039531250000000004 0.06588562037037037
3 0.2903299921875 0.3458945 0.048631859375 0.24669455555555556
3 0.3356057291666667 0.2532943657407407 0.05188541666666667 0.07906280555555555
3 0.3858434895833333 0.28550509259259255 0.0568265625 0.08491944444444444
3 0.33519404687500004 0.31008013888888897 0.059297322916666666 0.10771583333333333
3 0.38872620312499995 0.4260615740740741 0.08071009375 0.28404166666666664
1 0.4826133723958333 0.3067348472222222 0.04776700520833333 0.11273821296296296
1 0.5624999791666666 0.35505120370370374 0.07576870833333334 0.12152277777777777
1 0.5802067708333334 0.1024888888888889 0.03706041666666667 0.06442222222222221
1 0.6234442708333333 0.1200586712962963 0.05106145833333333 0.07320623148148149
5 0.6481515625000001 0.1207902777777778 0.031295833333333335 0.033675
1 0.6699760416666667 0.1486087962962963 0.048590625 0.0658861111111111
2 0.7103312656249999 0.21376297222222224 0.060120802083333334 0.13762779629629632
1 0.75315703125 0.15739398148148148 0.03376614583333334 0.0688138888888889
1 0.76221640625 0.2730597222222222 0.05188489583333333 0.18008796296296298
1 0.8033947916666667 0.2057101851851852 0.048590625 0.06881481481481481
1 0.81986640625 0.1976574074074074 0.028825520833333333 0.05563703703703704
1 0.51669375 0.1555375 0.04947083333333333 0.08957685185185185
1 0.5780557421875 0.250553125 0.07715731770833334 0.10066365740740742
5 0.7410813984375 0.18252208796296296 0.046045536458333335 0.048672490740740745
