2 0.1644442708333333 0.3607490740740741 0.05588333333333333 0.0863185185185185
2 0.22307623437500002 0.46009749999999994 0.08886419791666664 0.1872968518518518
1 0.2927015624999999 0.5480453796296296 0.09069583333333328 0.2100981666666666
3 0.31102421875 0.17567400000000002 0.04305781249999991 0.0712183703703704
2 0.347206859375 0.16123796296296297 0.03733407291666667 0.07166111111111112
2 0.3847718750000001 0.15065138888888885 0.043973958333333306 0.05700277777777779
3 0.4438619791666667 0.12296435185185185 0.044889583333333385 0.0602601851851852
1 0.3339270833333333 0.25895752314814807 0.050386458333333314 0.07817615740740738
1 0.52081640625 0.15960925925925926 0.039393229166666724 0.07491851851851852
1 0.33026276041666663 0.3151462962962963 0.05038697916666669 0.10260555555555552
3 0.3898106770833333 0.28173387962962954 0.04855468750000007 0.07812516666666672
1 0.3852299895833333 0.416937962962963 0.08519939583333334 0.2964166666666667
4 0.43836510416666663 0.3412050555555555 0.06687708333333334 0.09283418518518519
1 0.48462942708333334 0.30374614814814815 0.051302604166666654 0.1091200740740741
1 0.5327260416666667 0.2728011527777778 0.05588333333333324 0.10912082407407411
2 0.5226486979166667 0.38192180555555555 0.08336718749999997 0.15146583333333327
1 0.5812804687500001 0.10423425925925926 0.03939322916666678 0.0618888888888889
1 0.6687703723958333 0.1490226851851852 0.04947071354166681 0.0700324074074074
1 0.7095378906250001 0.21742638888888888 0.05588359374999996 0.14495092592592596
2 0.7654214166666667 0.26954398148148156 0.05954804166666664 0.18729722222222223
1 0.08288625260416668 0.5793990648148148 0.06437771354166669 0.13733890740740737
1 0.10380906770833333 0.3819744166666667 0.037017281250000006 0.10872709259259263
2 0.5774335703125 0.25387190740740745 0.0696901510416667 0.10287655555555551
1 0.5117879036458334 0.22234528703703701 0.04542315104166666 0.08628350000000003
3 0.2828593203125 0.3447784074074074 0.04586885937499995 0.2288987407407408
2 0.7407701223958333 0.1825220555555556 0.0441787864583335 0.055309592592592605
1 0.6209901041666669 0.12334074074074074 0.04355624999999996 0.06305370370370371
1 0.5355418541666667 0.08726742592592591 0.028165249999999985 0.0572244074074074
