2 0.1718385416666667 0.3463783333333334 0.042713541666666695 0.11331740740740733
1 0.13865358072916667 0.44742962962962957 0.07359804687499998 0.1331777777777778
1 0.0766275859375 0.47625623148148144 0.07045727604166666 0.13475505555555561
1 0.20600896614583333 0.46495313888888895 0.06636956770833329 0.16355112962962973
1 0.08641205989583334 0.5589956666666667 0.062426921875 0.1834111111111111
3 0.3108208333333334 0.17932222222222222 0.042056250000000024 0.07359814814814811
3 0.33710572916666665 0.15595833333333334 0.0315416666666667 0.06658888888888889
1 0.44068535416666665 0.1267523148148148 0.03762070833333328 0.05724351851851851
1 0.2914355807291667 0.3352801898148148 0.051913213541666656 0.21028075000000002
3 0.36963359374999993 0.2745328703703704 0.044027604166666616 0.0911212962962963
1 0.4902161223958333 0.3037383194444444 0.06045560937500009 0.09579439814814819
3 0.5375291666666667 0.2751166666666666 0.059141666666666676 0.1016351851851852
1 0.45374557031249996 0.5023362824074075 0.0926546927083334 0.3014021944444445
1 0.5588859374999999 0.35105138888888887 0.09002604166666668 0.14836388888888893
1 0.58057109375 0.10221944444444443 0.03482760416666662 0.06425185185185187
1 0.6209841145833332 0.12266388888888889 0.04337031249999998 0.06542037037037036
5 0.6482549479166667 0.12149537037037038 0.03088489583333344 0.037383333333333345
1 0.700825 0.13609814814814813 0.04271354166666654 0.07359814814814813
3 0.7984083463541667 0.2050231481481481 0.045998932291666725 0.07359814814814811
1 0.5793004531250001 0.2555308796296296 0.0647126354166667 0.10176972222222223
1 0.7516593749999998 0.1642699074074074 0.03235625000000001 0.07190277777777775
