2 0.1597731640625 0.35724758333333334 0.05929742187499999 0.09663220370370369
3 0.12394765624999998 0.6617862361111112 0.09141614583333332 0.19912152777777786
2 0.28454427083333333 0.5556370648148148 0.10459375 0.18887227777777787
3 0.31172213541666666 0.1786236111111111 0.04200260416666666 0.07613425925925928
1 0.4385523437499999 0.12079027777777777 0.033766145833333344 0.0688138888888889
3 0.29195625000000003 0.3451625555555556 0.046943749999999916 0.24815844444444446
3 0.3368411458333334 0.25622222222222224 0.05106145833333328 0.06735000000000005
1 0.38020361979166667 0.21888703703703705 0.062017656250000046 0.09809629629629633
1 0.5225568203125001 0.15666180555555556 0.06506240104166677 0.0878476851851852
2 0.3924321901041667 0.2862370601851852 0.04529667187499994 0.08345560185185184
2 0.3854320312499999 0.3909223055555555 0.08565156249999996 0.23718905555555564
1 0.4830253515625 0.30161041203703703 0.04859096354166669 0.11420230555555554
1 0.5386164062500001 0.2730601851851852 0.06423906249999997 0.10395370370370371
1 0.5781479166666669 0.2510983287037037 0.07576874999999994 0.10102443518518524
2 0.6127380208333335 0.22767175925925923 0.07576874999999994 0.10395277777777776
2 0.5604408854166666 0.3528548888888889 0.07659218749999995 0.1142023703703704
5 0.6481515625000001 0.1215226851851852 0.02964895833333318 0.03806759259259259
1 0.6707997395833334 0.1434847824074074 0.05023802083333327 0.07613437962962963
2 0.7519216145833333 0.16325046296296294 0.03294322916666666 0.07467129629629625
1 0.4820278697916667 0.16952811574074073 0.03862655208333336 0.08440673148148148
3 0.8099518229166665 0.17882708333333333 0.029774479166666742 0.0686699074074074
2 0.7336144973958334 0.17146018518518522 0.04480086979166664 0.08407037037037034
1 0.5805447916666666 0.10011018518518519 0.03235625000000013 0.06084074074074075
