2 0.16261197916666667 0.3607490740740741 0.05954791666666663 0.08957592592592589
3 0.06706327083333334 0.508557037037037 0.06009220833333331 0.14740666666666663
1 0.14245729166666668 0.44218223148148145 0.06321250000000002 0.14495149999999996
2 0.15070234375 0.5268728796296296 0.08519947916666665 0.14495131481481474
1 0.2890369427083333 0.550488425925926 0.09619278125000003 0.205212037037037
3 0.31102411979166666 0.17541274537037035 0.04305801041666667 0.07395326851851854
1 0.3517916666666666 0.16042355555555557 0.03847708333333332 0.07328970370370369
3 0.3847718750000001 0.14576539814814815 0.042141666666666626 0.07329005555555557
3 0.4443197916666667 0.1254074074074074 0.042141666666666626 0.06514629629629633
1 0.3353013020833334 0.261400462962963 0.05313489583333328 0.07980462962962966
2 0.38614609375 0.2198699074074074 0.05038697916666664 0.10097685185185183
1 0.5203583333333334 0.16042361111111111 0.03847708333333338 0.07654722222222221
1 0.3366755208333333 0.3127034768518518 0.061380208333333346 0.10423473148148148
3 0.38889453125 0.2842018518518518 0.059548437500000044 0.08957592592592595
1 0.387520359375 0.42100972222222227 0.07878664583333338 0.2850157407407408
3 0.4333265182291666 0.3444625 0.049470744791666674 0.0993490740740741
1 0.4841713541666666 0.3061888888888889 0.04855416666666657 0.11075000000000002
3 0.5414289062499998 0.27361550462962964 0.06596093750000011 0.10749212037037038
2 0.57532578125 0.2500001157407407 0.0732901041666666 0.09609097222222221
1 0.47042940624999996 0.5203583333333333 0.1218442708333333 0.3273611111111111
2 0.5212744791666667 0.3786643518518518 0.08061874999999995 0.16123796296296303
2 0.5643323489583333 0.3615634814814815 0.07328969791666662 0.11400659259259259
1 0.6211317708333333 0.12133564814814814 0.045806250000000166 0.07003240740740743
5 0.6490736979166667 0.12459259259259259 0.02839947916666669 0.037459259259259234
1 0.6696864583333332 0.14983703703703705 0.04763854166666673 0.06840370370370367
1 0.708621875 0.21661224999999998 0.0595479166666666 0.1465800555555555
1 0.7617570312499999 0.26384398148148147 0.04855468750000007 0.1921824074074074
1 0.7984018229166667 0.20439754166666665 0.03939322916666678 0.07654693518518517
1 0.8173587239583333 0.1978828703703704 0.02783619791666657 0.060260185185185174
1 0.6101008906250002 0.23119482407407407 0.07280134374999996 0.10398257407407409
3 0.2820546015625 0.34263254629629625 0.04747829687500002 0.2274682407407407
2 0.7398369791666667 0.18252222222222225 0.03982291666666657 0.055309259259259266
