2 0.16223229166666667 0.3589420787037037 0.06375937500000001 0.09319897222222222
2 0.14452145833333332 0.5270779259259258 0.06942708333333333 0.14735548148148148
1 0.21217732291666666 0.4578083333333333 0.06021714583333333 0.17758148148148148
4 0.11051640625 0.660579125 0.09209739583333333 0.1901767685185185
2 0.28347161718749997 0.5465994351851852 0.10909953645833334 0.20403035185185184
3 0.3131296875 0.1360199074074074 0.035421875000000005 0.0705287037037037
3 0.31065 0.17821178703703702 0.041797916666666664 0.0743069074074074
1 0.44029427083333333 0.11838795833333332 0.04321458333333333 0.07556665740740741
1 0.2971898619791667 0.3419395138888889 0.06305100520833333 0.2329975462962963
1 0.3326119791666667 0.2556675925925926 0.04888229166666667 0.07304814814814814
1 0.46438124999999997 0.19332513425925926 0.061634375 0.09193915740740741
3 0.4410028645833333 0.3406803101851852 0.06446822916666667 0.09949580555555557
1 0.5362877604166666 0.27078092129629633 0.0623421875 0.10579332407407407
1 0.5841073437500001 0.10075601851851851 0.0417978125 0.06801018518518517
1 0.62448828125 0.1227958287037037 0.0531328125 0.06675091666666667
1 0.7357130208333335 0.1712844675925926 0.04321458333333333 0.07556708333333333
1 0.7668845546875 0.2670026064814815 0.053132651041666666 0.18639780555555555
5 0.6468041666666667 0.12216666666666666 0.02975416666666667 0.03778333333333333
3 0.13564724479166668 0.4275439814814815 0.05600134375 0.120575
3 0.45708158072916666 0.49356223148148143 0.11748920312500001 0.3175965740740741
2 0.5768114348958334 0.2533188101851852 0.06844588020833334 0.10398275
1 0.607300953125 0.23119453703703705 0.07217934375 0.09955722222222223
1 0.4828325520833333 0.1673818194444444 0.0370171875 0.08011413888888888
1 0.6723243671875 0.14159296759259257 0.049156473958333335 0.08185850925925926
