2 0.16398619791666663 0.35993472222222217 0.06046406249999998 0.09120462962962961
3 0.06596067708333334 0.4796416666666666 0.0659609375 0.17752407407407417
2 0.14520569791666665 0.5268729675925926 0.0687094375 0.15798045370370373
2 0.1250508515625 0.6775245046296295 0.08886392187500002 0.18892493518518524
2 0.20795989583333335 0.622963888888889 0.08978020833333332 0.1905537037037038
2 0.2894950520833334 0.5545602592592592 0.09527656250000005 0.2035830555555556
2 0.3504174479166667 0.16042355555555557 0.03939322916666666 0.07328970370370369
2 0.38660416666666664 0.14739398148148147 0.040309375 0.0635175925925926
3 0.4443197916666667 0.12377870370370368 0.04397395833333325 0.0618888888888889
3 0.3101768958333333 0.17607573611111113 0.04292016666666664 0.07781519444444446
1 0.335759375 0.26221481481481484 0.052218749999999994 0.07817592592592593
1 0.38614609375 0.2214981481481481 0.05221927083333332 0.08794814814814815
2 0.46310052083333336 0.18973930555555557 0.061380208333333346 0.08957675925925923
1 0.33530130208333325 0.3127032407407408 0.060464062500000006 0.10749166666666662
3 0.38660416666666664 0.2850162037037037 0.05679999999999996 0.09446203703703698
3 0.4392812708333333 0.3469055555555556 0.06687708333333327 0.09772037037037037
1 0.48600364583333333 0.3029313935185185 0.05221874999999994 0.10097760185185185
1 0.5382229166666669 0.2736152777777778 0.06504479166666677 0.11074907407407411
2 0.5762419270833334 0.25732916666666666 0.06962552083333347 0.11074907407407411
2 0.5226486979166667 0.3786643981481482 0.08153489583333329 0.15798064814814816
2 0.55791953125 0.3599347222222222 0.06779322916666679 0.12377870370370368
1 0.6215898437499999 0.12215 0.044890104166666826 0.0651462962962963
5 0.6495317708333334 0.12133518518518518 0.02931562499999991 0.037459259259259234
1 0.6692283854166665 0.1490226851851852 0.04855468750000007 0.0700324074074074
1 0.7095379010416667 0.2157981851851852 0.05771586458333336 0.14169444444444446
1 0.7984018229166667 0.2043975601851852 0.03939322916666678 0.0732895648148148
5 0.07966746354166669 0.6030041666666667 0.057940072916666675 0.11874166666666676
1 0.2237123203125 0.45350482407407405 0.08530068229166664 0.17739590740740746
1 0.46995719270833336 0.515021625 0.12553626041666657 0.33476362037037033
2 0.38516322656249996 0.42146034722222225 0.07840167187500005 0.2831855092592592
1 0.5108545546875001 0.22345116203703705 0.041067442708333304 0.08628286111111112
3 0.2824569765625 0.3433478518518519 0.04506417187500003 0.22603762962962967
1 0.7401480468749999 0.18473458796296297 0.040445052083333266 0.05309749074074072
