1 0.16739611197916668 0.35895276851851854 0.05796819270833333 0.0912960925925926
3 0.06379790625 0.5056093518518519 0.05356147916666667 0.15330203703703704
1 0.14081536458333332 0.4330175925925926 0.0685046875 0.16779444444444444
2 0.13777071614583333 0.5290934537037038 0.056326276041666665 0.1434369074074074
1 0.08525029687499999 0.5635995046296296 0.05784836458333333 0.1745601203703704
3 0.12368917708333334 0.6623815370370371 0.09514560416666668 0.19621122222222223
3 0.2789665104166667 0.5649525462962962 0.11493572916666667 0.16914768518518516
3 0.3109354322916667 0.17794305555555553 0.04338642708333333 0.07713055555555556
3 0.3497546875 0.15696898148148147 0.03425208333333333 0.0730712962962963
3 0.38438776041666667 0.144790375 0.0365359375 0.07307149074074074
3 0.2901678125 0.34486622685185186 0.05056566666666666 0.24588986111111114
3 0.33605390625 0.25236797222222224 0.0525203125 0.0798377962962963
3 0.33186734114583333 0.31529106944444446 0.05328155729166666 0.10284139814814815
3 0.3889546875 0.281384199074074 0.05023645833333333 0.08103691666666667
2 0.38514869791666667 0.3849800925925926 0.08525052083333334 0.23680648148148148
2 0.46392942708333335 0.19012175925925925 0.0631765625 0.08795648148148148
3 0.5617388020833333 0.07577777777777778 0.03349114583333333 0.06224629629629629
1 0.48562234114583336 0.30311208796296296 0.05023656770833333 0.11096121296296296
1 0.5781037838541666 0.2530445833333333 0.07839972395833333 0.10013546296296295
2 0.5217777395833333 0.38227312500000005 0.08144452083333334 0.14479069444444445
1 0.6211096354166666 0.1224625 0.04414739583333334 0.06901203703703704
5 0.6485114583333333 0.12178611111111111 0.028923958333333333 0.03788888888888889
1 0.6709658854166667 0.14817314814814816 0.04795364583333333 0.06901296296296297
2 0.7086432291666667 0.2165087962962963 0.05937083333333334 0.138025
1 0.7349033854166667 0.17185370370370368 0.0418640625 0.08119074074074074
2 0.7664917578124999 0.2679296296296297 0.059371015625 0.17591296296296297
1 0.81939296875 0.19553425925925924 0.031207812499999998 0.05818703703703704
1 0.06558470833333334 0.4048639027777778 0.049087875 0.0972814537037037
1 0.4808208385416667 0.16523595833333335 0.036212489583333334 0.0786836388888889
1 0.4442059375 0.11587991203703704 0.043454791666666666 0.07153091666666667
