1 0.1629671875 0.3492992916666667 0.06571250000000001 0.12149487962962964
4 0.11598281249999999 0.6483646898148149 0.07425520833333334 0.21027997222222222
3 0.2727073619791666 0.5595794398148147 0.08542640104166667 0.1985981388888889
3 0.3104921875 0.1769858935185185 0.044027083333333335 0.07593475
2 0.3495912421875 0.15654209722222223 0.03548456770833333 0.07710271296296296
3 0.44454583333333336 0.12441620370370372 0.04271354166666667 0.06191574074074074
1 0.2937354010416667 0.33936931018518524 0.05782711458333333 0.2278034351851852
1 0.33644869791666665 0.2575934861111111 0.055198437499999996 0.07359808333333333
1 0.5234010416666667 0.16413564814814816 0.04139895833333333 0.07593425925925926
3 0.33809140625 0.30957939814814817 0.055855729166666666 0.10514027777777778
3 0.3863901041666667 0.28521218518518515 0.057827083333333335 0.08444288888888889
1 0.44191744791666665 0.32885530555555553 0.06505572916666666 0.11098098148148149
2 0.4833163515625 0.3019861111111111 0.055855619791666665 0.11799074074074074
1 0.5355578125 0.2710279583333333 0.06702708333333333 0.11682258333333334
3 0.4698452135416667 0.5198597222222222 0.12485396875 0.3271027777777778
2 0.5214296041666667 0.38492985185185186 0.08345504166666666 0.14836437037037037
1 0.5815567708333333 0.1028037037037037 0.03811354166666667 0.058411111111111115
1 0.6255841145833333 0.1232476851851852 0.0525703125 0.06658796296296297
1 0.74945234375 0.16004675925925926 0.038770312499999994 0.07243055555555555
1 0.8154934895833335 0.1945097222222222 0.03811302083333334 0.06191574074074074
2 0.5753755208333333 0.25393415740740743 0.07081562500000001 0.10443498148148148
