2 0.16294088541666665 0.3646093935185185 0.06092552083333334 0.08690212037037037
2 0.21465703125 0.46410595833333335 0.06659322916666667 0.18261932407407408
3 0.20367600781250003 0.6209068703703703 0.07863665104166667 0.15617114814814814
3 0.2759209791666667 0.5585644398148149 0.08710654166666668 0.19773258333333332
3 0.31135859374999997 0.17546413425925927 0.043215104166666664 0.07385049074074074
2 0.3481973958333333 0.16246851851851854 0.03613020833333334 0.06549074074074074
3 0.38716152864583336 0.13790935648148148 0.04321472395833333 0.07682612037037037
3 0.444190625 0.12531481481481482 0.042506249999999995 0.06171296296296297
1 0.2943561380208334 0.3400503472222222 0.057383557291666665 0.22921921296296296
1 0.33686249999999995 0.25755694444444444 0.05596666666666667 0.06675092592592592
1 0.5260155130208333 0.16309814814814813 0.041797692708333334 0.07682592592592592
3 0.38680731510416666 0.2853300138888889 0.056675046875 0.08199484259259258
1 0.4480869791666667 0.3230479953703704 0.06305104166666667 0.1372793240740741
1 0.4866970546875 0.3022669583333334 0.05100765104166667 0.11586910185185186
2 0.53593359375 0.26448378703703707 0.07155260416666667 0.10831201851851852
2 0.5228274557291667 0.38350125925925926 0.08076196354166668 0.14987405555555555
1 0.5812734374999999 0.10390416666666666 0.03613020833333334 0.05415648148148148
1 0.6712453125 0.15113333333333331 0.04888229166666667 0.06297222222222222
1 0.7502361979166666 0.16120925925925925 0.03967239583333334 0.07556666666666666
2 0.816475 0.19647361111111114 0.03613020833333334 0.06801018518518517
2 0.5755669661458334 0.2516593194444444 0.06969018229166667 0.10287604629629629
3 0.6514796875 0.11504440277777776 0.036089583333333335 0.050885268518518524
