2 0.16198307291666666 0.36390988888888887 0.05836510416666667 0.09022533333333334
2 0.13999057812500001 0.5225564814814815 0.06005634375 0.15488703703703702
1 0.2131579921875 0.45789491666666665 0.06936109895833333 0.18496205555555556
1 0.20046994531249998 0.6218044861111112 0.10319552604166667 0.19097749074074072
3 0.2677906015625 0.5558563703703704 0.08727286979166667 0.19898025925925927
3 0.31127838541666664 0.17742463888888887 0.04229322916666667 0.07214187037037037
3 0.3823309895833333 0.14436064814814817 0.03890989583333333 0.07218055555555555
1 0.44407890624999996 0.12406027777777777 0.04229322916666667 0.0616538888888889
1 0.29520677083333335 0.3368421296296296 0.05921041666666667 0.2285712962962963
1 0.3375 0.26015046296296296 0.05075208333333334 0.06616574074074075
1 0.4656484375 0.19248148148148148 0.06343958333333334 0.09323333333333332
1 0.3370771276041667 0.3127817407407407 0.06174800520833333 0.10225607407407407
3 0.3848682291666667 0.28571435185185184 0.054135416666666665 0.08721759259259258
3 0.38782884895833336 0.4248118888888889 0.07866521875 0.2842108148148148
1 0.48552630208333336 0.30375925925925934 0.0592109375 0.11127777777777778
2 0.5282423541666666 0.26390963425925923 0.05836491666666667 0.11278223148148149
1 0.4707236848958333 0.5218041666666666 0.126033828125 0.32180462962962963
2 0.5218984375000001 0.38045092592592594 0.081203125 0.1473685185185185
2 0.5637687499999999 0.35714305555555553 0.06513125 0.12481203703703704
1 0.6225565104166667 0.12255648148148147 0.0456765625 0.06766851851851852
1 0.67119375 0.1488722222222222 0.04990625 0.06616481481481482
1 0.75155078125 0.16165416666666665 0.0380640625 0.07067685185185185
2 0.765930578125 0.269925 0.05498094791666666 0.18797037037037037
1 0.08127682291666667 0.5779685185185185 0.061158854166666665 0.1402
1 0.06719420572916666 0.4120169351851852 0.04747853645833333 0.10014261111111111
1 0.09737130729166665 0.38769659259259265 0.024141760416666665 0.08011422222222223
2 0.5765003984375 0.2533187546296296 0.07031225520833333 0.10398195370370371
1 0.6069897552083334 0.22345127314814814 0.07155694791666667 0.0951326388888889
3 0.6521017526041667 0.1155975 0.034845171875000004 0.04977907407407407
1 0.5811669270833334 0.10121666666666666 0.037333854166666666 0.06084074074074074
