2 0.1650658854166667 0.37090662037037037 0.07367760416666667 0.08690212962962962
1 0.10555729166666668 0.3879091712962963 0.045339583333333336 0.09067980555555556
3 0.14345859375 0.44080610648148144 0.06588489583333333 0.10831221296296295
1 0.14345885416666665 0.5239295972222222 0.05596666666666667 0.16372771296296296
1 0.21076041666666667 0.46095694444444446 0.07155208333333334 0.17884166666666668
1 0.08501249999999999 0.5793452685185184 0.05525833333333333 0.1385386851851852
3 0.26608546875 0.5642315694444444 0.0858548125 0.18639832407407408
3 0.31171302083333335 0.17443326388888888 0.042506249999999995 0.07430726851851853
3 0.34607213541666665 0.15302288425925925 0.0389640625 0.07430687962962963
2 0.38822421874999996 0.14357685185185187 0.03967239583333334 0.06297222222222222
3 0.4424236848958333 0.12405555555555557 0.03897236979166666 0.06423148148148149
1 0.2961272057291667 0.3413097222222222 0.06234256770833334 0.22670092592592592
2 0.3336744166666667 0.24685145833333336 0.04817383333333333 0.09571773148148148
1 0.5005845833333333 0.17254398148148148 0.06036291666666667 0.07304722222222222
2 0.3365080625 0.3104532407407407 0.043923416666666666 0.09445833333333334
3 0.37263844791666667 0.2720402777777778 0.03967272916666666 0.08816203703703704
1 0.38361935677083336 0.433249537037037 0.08288732812499999 0.30982314814814815
3 0.44985807291666663 0.33249391666666667 0.07367760416666667 0.10831190740740741
1 0.4866970520833333 0.3047861111111111 0.036838895833333336 0.10327407407407407
1 0.5373505208333333 0.273299537037037 0.06446770833333333 0.10831203703703704
1 0.47607051302083325 0.5314861111111111 0.14310456770833332 0.35516296296296296
2 0.56072890625 0.35138560185185186 0.0814703125 0.13350083333333335
1 0.5823361979166666 0.10390416666666666 0.03825572916666666 0.05919351851851852
1 0.6220088541666666 0.12342546296296296 0.046757291666666666 0.06801018518518517
5 0.6475125 0.12090648148148149 0.02975416666666667 0.03778333333333333
2 0.710209375 0.2210328703703704 0.06588437500000001 0.14735462962962964
1 0.752715625 0.1618388888888889 0.029045833333333333 0.08438333333333334
1 0.7962846354166666 0.20654907407407405 0.045340104166666666 0.07556666666666666
3 0.07322953385416667 0.4749642361111111 0.061158640624999996 0.1287553611111111
1 0.5753755520833334 0.2532188194444444 0.0772531875 0.10014319444444444
1 0.6054342682291666 0.22676990277777778 0.07217938020833332 0.1106194537037037
3 0.46553124999999995 0.1895564814814815 0.06357291666666667 0.08440555555555555
1 0.5236104166666667 0.15818587037037038 0.054134375 0.08407085185185185
1 0.7361034166666667 0.16980084722222222 0.042311916666666664 0.07411497222222221
