2 0.16258645833333332 0.36397976388888886 0.061634375 0.08816137962962964
2 0.14310454166666667 0.5245590370370371 0.06517633333333334 0.1448365925925926
2 0.21146872916666665 0.45910855092592595 0.06163433333333333 0.1800196759259259
4 0.10909973958333333 0.655541625 0.08784635416666667 0.2002517685185185
1 0.29506447135416664 0.3400501574074074 0.05880022395833333 0.2241817962962963
1 0.33615390624999997 0.2569268518518518 0.054549479166666665 0.07556666666666666
1 0.3836192708333333 0.2229218564814815 0.057383333333333335 0.09319887962962964
2 0.46367291666666666 0.1914361111111111 0.0588 0.0881611111111111
3 0.38716155468749996 0.2846347175925926 0.05454980729166667 0.08060462037037036
4 0.43923168489583336 0.3324936435185185 0.06517621354166667 0.11335025
1 0.48988515624999995 0.30415601851851853 0.060217187500000005 0.10705277777777779
1 0.5387671875 0.2701513888888889 0.06305104166666667 0.10453425925925927
1 0.5554153645833334 0.3482368981481481 0.08076197916666666 0.13727935185185183
1 0.5812736979166666 0.1045337962962963 0.03754739583333333 0.05793425925925926
1 0.62448828125 0.12342555092592594 0.05029947916666667 0.06801036111111111
1 0.7491736979166668 0.16120925925925925 0.0389640625 0.07556666666666666
1 0.7973473958333333 0.20466013425925925 0.04888229166666667 0.07682582407407408
5 0.64645 0.12153657407407407 0.029045833333333333 0.03652314814814815
2 0.5780559036458333 0.2538717638888889 0.06595694270833334 0.10066387962962962
1 0.33289546354166666 0.3147123888888889 0.04604535416666666 0.10066372222222222
1 0.6676578125 0.1443583333333333 0.039822916666666666 0.07632777777777777
