1 0.16506614583333334 0.35579322685185183 0.05525833333333333 0.0944579907407407
1 0.10909947916666667 0.381612 0.043922916666666666 0.09823696296296305
1 0.15373100260416667 0.5188916342592592 0.07509424479166664 0.1738036388888888
4 0.11228738281250002 0.6605794953703703 0.08005335937500001 0.187657138888889
3 0.30994166666666667 0.17695206481481485 0.04179791666666664 0.07682635185185184
3 0.33544557291666677 0.1561712962962963 0.03329635416666665 0.06549074074074072
3 0.44135703125 0.12468518055555557 0.0368390625 0.06297221296296295
1 0.29718978385416667 0.3444583101851852 0.06163397395833335 0.23551662037037033
2 0.34005030468749997 0.31108325462962966 0.045340192708333345 0.10075539814814816
2 0.3956627890625001 0.2846346296296296 0.06021724479166668 0.09068037037037037
3 0.4399402083333334 0.34193956944444437 0.05809166666666664 0.09949617592592598
1 0.4888224427083333 0.30352643518518513 0.055258239583333334 0.10579342592592585
1 0.5373505208333335 0.268261574074074 0.06305104166666678 0.10579351851851852
1 0.4534004869791666 0.4974810185185184 0.09209694270833335 0.30226759259259256
1 0.6230713541666667 0.12216620370370371 0.04888229166666669 0.06549166666666667
5 0.6471583333333334 0.12216620370370371 0.029045833333333347 0.04030277777777778
1 0.6733705729166668 0.1448361111111111 0.051716145833333255 0.07304814814814814
1 0.07363189583333334 0.4670959351851852 0.060353916666666674 0.12446368518518527
1 0.20681334635416668 0.4570817037037037 0.06759648437499997 0.1816884444444444
1 0.14249177604166666 0.4513273148148149 0.06969040624999999 0.1128324074074074
1 0.06799904687500001 0.4062945092592592 0.053916552083333326 0.10872635185185187
1 0.560890671875 0.35050089351851854 0.10783238541666679 0.14019993518518528
1 0.5793003541666667 0.2549781018518519 0.06720137500000002 0.10066416666666667
1 0.48283262239583336 0.1702434212962963 0.033798296875000015 0.08297612037037039
