2 0.164357625 0.35894198611111106 0.06659308333333337 0.09068026851851851
3 0.20328935677083332 0.6272059907407408 0.07786334895833334 0.1561745740740741
3 0.2748102838541666 0.5623427638888889 0.08771848437499997 0.19269480555555554
3 0.31206718750000007 0.1763223425925926 0.043214583333333265 0.0755669074074074
2 0.34784322916666677 0.16183862962962964 0.03683854166666662 0.06926985185185186
2 0.3868072916666667 0.14357685185185184 0.04250624999999998 0.06800925925925928
3 0.44489947916666667 0.12405536111111112 0.042506249999999926 0.05919405555555558
1 0.29506452343750006 0.3406803101851852 0.05880032812500004 0.23047900925925924
1 0.3361539062499999 0.2569267361111111 0.05738385416666668 0.07052939814814818
3 0.38539054166666664 0.2835940972222222 0.056674833333333355 0.08104189814814812
2 0.44737882552083336 0.3230479953703704 0.06021734895833332 0.13727932407407406
2 0.48457184635416667 0.3028966805555556 0.04959056770833339 0.1171285462962963
2 0.5341625000000001 0.2632240648148148 0.07226041666666673 0.11083146296296299
2 0.6120907213541665 0.23299756481481482 0.0580918593749999 0.09319883333333334
1 0.581981875 0.10327453703703701 0.036130208333333275 0.05793425925925925
1 0.62448828125 0.12279583333333333 0.05029947916666669 0.06675092592592592
1 0.6712453125 0.14987407407407408 0.04888229166666657 0.06297222222222221
1 0.7095009817708333 0.21788414351851848 0.0559665468749999 0.14861458333333333
1 0.7509445937500002 0.16120909259259258 0.03967252083333328 0.07304781481481482
2 0.7661760416666666 0.2688914953703704 0.05455000000000006 0.18262002777777775
1 0.08167911458333332 0.5586551481481481 0.06840114583333333 0.17882674074074065
2 0.5758780026041667 0.25276565740740736 0.07155704687499996 0.10287575925925925
1 0.5257881510416667 0.16039829166666664 0.04106744791666657 0.0730089722222222
1 0.7348590078124999 0.1686947638888889 0.04977885937499984 0.08517713888888889
3 0.6524128697916667 0.1161502777777778 0.03546740625000003 0.05088462962962964
