2 0.15483159375 0.5285507175925926 0.07247431250000003 0.15812550925925928
3 0.12312417708333333 0.6756955000000001 0.09471102083333331 0.1771595185185187
3 0.27054367447916666 0.5724744814814815 0.09800535937500002 0.1756952592592593
3 0.31172213541666666 0.1771597222222222 0.04200260416666666 0.07320648148148147
1 0.34590026041666666 0.1573938564814815 0.034590104166666615 0.07759882407407409
3 0.28866222135416664 0.33382175925925917 0.05023805729166663 0.2430453703703703
3 0.3360174479166666 0.25402618981481484 0.052708854166666735 0.0746708981481481
1 0.5266745963541666 0.1559296064814815 0.07165080729166663 0.08638337962962961
1 0.5143210677083333 0.21742314814814812 0.056826614583333365 0.07759814814814815
2 0.33354661458333335 0.309663087962963 0.04776718749999998 0.1068817314814815
2 0.39037343750000003 0.2884333333333334 0.04941458333333338 0.09077592592592598
1 0.43697990625000005 0.3301606481481481 0.06685877083333332 0.11273796296296303
1 0.4838489244791667 0.3016101851851852 0.04694381770833337 0.10248888888888888
1 0.5394398437499999 0.2737921296296296 0.06094427083333341 0.09956018518518517
2 0.5752656250000001 0.25329444444444443 0.06670937500000006 0.10248888888888891
2 0.6110906249999999 0.2291361111111111 0.07576874999999994 0.10395370370370371
1 0.5625 0.356515574074074 0.08071041666666658 0.13030707407407405
1 0.5810304687500001 0.10248935185185186 0.0337661458333334 0.06149351851851852
1 0.6230325520833333 0.12005834722222222 0.04694322916666671 0.07027775
5 0.6485632812500001 0.12005833333333335 0.03211927083333339 0.03513888888888888
1 0.6675054687500002 0.1456810185185185 0.04364947916666668 0.06588611111111108
2 0.7535687499999999 0.16032233333333334 0.029648958333333298 0.07759837037037037
2 0.80092421875 0.2013175925925926 0.04694322916666671 0.07467037037037037
1 0.3823632005208334 0.3926993148148148 0.08026806770833339 0.23230048148148144
1 0.3798283854166666 0.2124464212962963 0.05954947916666663 0.10157382407407403
2 0.73423671875 0.17201330092592593 0.04106718749999996 0.0785398796296296
