2 0.16258671875 0.3715366203703704 0.0743859375 0.08312324074074069
1 0.10661983854166665 0.3860199074074074 0.04321448958333332 0.09445833333333327
3 0.07261484375 0.47584697222222216 0.06446822916666667 0.13557357407407397
3 0.1441671875 0.4508814814814815 0.06588437499999998 0.12342592592592588
4 0.09245104166666665 0.5730476851851851 0.07013541666666664 0.13098240740740733
1 0.14275030208333334 0.5207809814814814 0.05313289583333334 0.15743048148148153
1 0.21217734375 0.46032725 0.07296927083333334 0.17758227777777777
1 0.11512128645833333 0.6681359907407407 0.09847305208333333 0.22292198148148154
3 0.2689019921875 0.571788513888889 0.09148785937500001 0.17128443518518524
3 0.31100442708333337 0.17758148148148148 0.042506770833333304 0.07556666666666666
3 0.34926015625 0.15617129629629625 0.036839062500000054 0.07808518518518515
2 0.3868072916666667 0.1429472222222222 0.04250624999999998 0.0642314814814815
1 0.442065625 0.12090694444444444 0.041089583333333304 0.07052870370370369
1 0.2954188463541667 0.340050462962963 0.06092584895833332 0.221662037037037
1 0.5012202083333333 0.17317400462962967 0.06305125 0.07682578703703707
2 0.33969611197916666 0.31171279166666666 0.053132776041666635 0.0969774351851852
2 0.5114924583333333 0.22103283333333335 0.045340083333333205 0.09445825925925926
1 0.3843277942708333 0.4363981481481482 0.081470453125 0.30100740740740756
1 0.4470244791666667 0.3268260462962963 0.07084375 0.11209098148148144
1 0.48974803906250003 0.3060454768518519 0.047190869791666694 0.10327428703703698
1 0.5380588541666669 0.26952119444444445 0.061634374999999984 0.09571831481481484
1 0.45233802083333335 0.49811111111111117 0.09138854166666661 0.2984888888888888
2 0.5207020833333333 0.3822416666666667 0.08642916666666653 0.15995000000000004
2 0.56143746875 0.3539046296296296 0.07863639583333341 0.13602037037037032
1 0.5805651041666666 0.10264444444444445 0.0347135416666666 0.06171296296296297
1 0.6195291666666666 0.12279583333333333 0.04179791666666664 0.06675092592592592
5 0.6464499999999999 0.12216666666666666 0.030462500000000028 0.03778333333333333
2 0.7109177213541666 0.2185139583333333 0.06446768229166674 0.139798287037037
2 0.7654674479166667 0.2663728842592593 0.0588005208333333 0.18513836111111118
1 0.5765826692708332 0.25250374074074083 0.06679195312500011 0.10157400000000004
1 0.5220547552083333 0.15763274537037042 0.04355641666666668 0.07853982407407406
2 0.7323700208333332 0.17090707870370367 0.046045354166666524 0.0763274351851852
