1 0.16577447916666666 0.3564231898148148 0.06092604166666664 0.10075563888888886
1 0.11051640625 0.38161203703703706 0.04675677083333334 0.10075555555555558
3 0.14204192708333335 0.44332499537037034 0.07155260416666666 0.1007555462962963
4 0.11193333333333332 0.6668766203703704 0.09068020833333333 0.17254398148148156
3 0.31065026041666666 0.17506299074074075 0.04038072916666664 0.07556672222222223
3 0.33615390625 0.1542824074074074 0.03187968750000003 0.06171296296296297
3 0.44171145833333336 0.1259449074074074 0.03613020833333334 0.057934259259259276
1 0.29612734375 0.3425689814814815 0.05950885416666664 0.23173796296296298
1 0.48280052083333336 0.17065462962962963 0.03471354166666665 0.08690185185185184
1 0.34359270833333333 0.30415630555555556 0.05525833333333333 0.0994959444444444
2 0.3946 0.2858939814814815 0.06375937500000001 0.09068055555555556
3 0.43887734375 0.3438286435185185 0.0588005208333333 0.09823691666666666
1 0.4888223958333333 0.303526388888889 0.05100729166666659 0.10327499999999998
1 0.53593359375 0.2688916666666667 0.06021718749999986 0.10201481481481478
1 0.4537547057291667 0.5025186944444444 0.09138850520833325 0.2997484999999999
1 0.6234255677083334 0.12342546296296296 0.048174052083333405 0.06801018518518516
5 0.6482208333333334 0.12216666666666666 0.02833749999999995 0.03778333333333333
1 0.6740789062499999 0.14357685185185184 0.053132812499999814 0.07556666666666667
1 0.7530697916666667 0.1605791435185185 0.02833749999999995 0.07178800925925928
1 0.0748389609375 0.46638059722222225 0.05954916145833333 0.1287554722222222
1 0.20842274739583333 0.4878399583333334 0.05633047395833337 0.11731082407407409
1 0.5774336692708334 0.25497778240740737 0.06720141145833326 0.10287591666666664
