1 0.5807677083333334 0.1021648148148148 0.035013541666666606 0.05818703703703704
1 0.6218705729166665 0.12043287037037037 0.04719218750000008 0.07036574074074074
5 0.6488919270833333 0.11975648148148148 0.031207812499999932 0.0365351851851852
1 0.6675406250000002 0.14817314814814814 0.04110312499999994 0.06630555555555556
1 0.69988984375 0.1400541666666667 0.03881927083333328 0.0663064814814815
2 0.7539325520833332 0.15561574074074075 0.031207812499999932 0.06765925925925924
2 0.7653500130208333 0.2726657407407408 0.05708752604166681 0.1799722222222222
2 0.8209151041666668 0.19688762962962963 0.03425208333333328 0.0690122962962963
1 0.7969385416666667 0.20500694444444448 0.04110312500000006 0.06901203703703708
3 0.4384302083333333 0.3335590787037037 0.073071875 0.1150207314814815
1 0.4821973958333333 0.2990527777777778 0.04338645833333334 0.11096111111111108
2 0.5758203124999999 0.25236799074074073 0.07231041666666656 0.09878227777777776
2 0.6108338541666666 0.22801064814814817 0.07535520833333334 0.10148796296296296
3 0.470157453125 0.5174089074074075 0.12102499999999997 0.3247629629629629
2 0.3318671875 0.3095384398148148 0.045669791666666626 0.10216206481481484
1 0.37982057291666665 0.21853843055555555 0.05784843749999998 0.09878241666666668
3 0.3120770833333334 0.17861990740740738 0.04262500000000002 0.07307129629629633
3 0.3383372838541667 0.1589986111111111 0.03120772395833337 0.07983796296296296
1 0.4375019869791667 0.12110972222222222 0.04076855729166665 0.06901203703703704
3 0.28810045052083333 0.3382949074074074 0.047953265625 0.23545277777777773
2 0.3904770833333334 0.29161018518518517 0.04871458333333335 0.09066296296296296
3 0.270213125 0.5703655879629629 0.09742895833333334 0.17185339814814807
3 0.12292797916666667 0.6935045277777778 0.0936232083333333 0.22327427777777786
3 0.15718034895833333 0.36671157407407406 0.06013201041666665 0.10284166666666673
3 0.3355686770833334 0.25321885185185183 0.05311160416666668 0.07439192592592592
1 0.3823631067708334 0.14491150462962962 0.04417865104166664 0.06858406481481481
2 0.7308143229166665 0.17146018518518522 0.04915677083333338 0.07743333333333334
