2 0.16471197916666666 0.36460967129629634 0.06305104166666667 0.08186378703703705
4 0.119017546875 0.651763425925926 0.07367740625000001 0.2052898148148148
3 0.2731029921875 0.5579344398148148 0.08572109895833332 0.2015114722222222
3 0.31100442708333337 0.17468143981481482 0.0439234375 0.07984065740740741
2 0.3499684895833333 0.15869038425925927 0.0340046875 0.07304743518518518
3 0.444190625 0.12342573148148148 0.042506249999999995 0.060453314814814814
1 0.2929392109375 0.340050462962963 0.054549703124999994 0.22670092592592592
1 0.3357997395833333 0.25503796296296294 0.055257812499999996 0.0743074074074074
1 0.3368622395833334 0.3035263888888889 0.0531328125 0.10831203703703704
3 0.3889325520833333 0.2842237268518519 0.05242447916666667 0.0797826388888889
1 0.3871614427083333 0.42191435185185183 0.07863648958333333 0.2846342592592592
1 0.44206562499999996 0.34068009259259263 0.06942708333333333 0.07934537037037037
2 0.5366419270833334 0.2739295324074074 0.05738385416666667 0.09949610185185184
1 0.5830445312499999 0.10201509259259259 0.03967239583333334 0.05793425925925926
1 0.6216544270833333 0.12216620370370371 0.0460484375 0.06801018518518517
1 0.7505903645833333 0.16057962962962963 0.04038072916666667 0.07682592592592592
2 0.76511328125 0.27015138888888884 0.05384114583333333 0.18010092592592591
1 0.8136414062499999 0.19395484722222223 0.04038072916666667 0.06800969444444444
5 0.6450330729166666 0.1190175925925926 0.029046354166666667 0.04156111111111111
2 0.5784462291666668 0.2547815462962963 0.068909625 0.10326838888888888
3 0.3848521328125 0.14103990277777778 0.03920094270833333 0.07632760185185185
1 0.66796875 0.14380555555555555 0.04044479166666667 0.07300925925925926
