3 0.4702598828125 0.5219620462962963 0.12353586979166664 0.32357224074074065
2 0.5213213541666667 0.3806735462962963 0.0823572916666666 0.15226931481481473
1 0.5637351562500001 0.357979462962963 0.0765921875 0.12737929629629635
2 0.7646869791666667 0.27159607870370367 0.058473958333333326 0.18594400925925927
1 0.8017477057291666 0.20571010185185185 0.05023811979166659 0.0717423148148148
2 0.8202782708333333 0.19061720833333332 0.03458987499999999 0.0708399722222222
2 0.72968515625 0.17203518518518518 0.04941406249999988 0.07759814814814814
1 0.668740625 0.1471449074074074 0.044472916666666626 0.06588611111111108
1 0.7004484375 0.13716814351851853 0.03706041666666664 0.059734509259259265
1 0.6217971354166667 0.12152268518518518 0.04612031250000008 0.07027870370370368
5 0.6481515625000001 0.12225475925925927 0.031295833333333314 0.042459740740740756
3 0.43180056770833336 0.3330890972222222 0.059794885416666686 0.11859486111111105
1 0.48549609374999997 0.30380694444444445 0.05023802083333333 0.11273796296296297
2 0.3327234375 0.31259166666666666 0.044472916666666626 0.1068814814814815
2 0.39037343750000003 0.286969125 0.04941458333333338 0.08491973148148146
3 0.28907400781250003 0.3382134259259259 0.04941448437499997 0.2430453703703703
3 0.33601770833333333 0.25549074074074074 0.05106145833333334 0.07467037037037037
3 0.3121339687500001 0.17642772222222222 0.041178625000000045 0.07174270370370368
3 0.34301790885416666 0.16032197685185187 0.03706081770833336 0.06881432407407408
3 0.2701318880208333 0.5717421759259259 0.09882893229166667 0.1683750925925926
1 0.15277272916666668 0.5278184305555556 0.07494516666666667 0.1625183425925926
3 0.12230051041666666 0.684480236111111 0.09635797916666668 0.19472913888888896
1 0.5382328854166667 0.2704648055555556 0.06346785416666663 0.1050889074074074
2 0.5749448125000001 0.25387167592592597 0.06720108333333338 0.10066372222222218
1 0.37942596614583335 0.22031462962962958 0.060354078125000044 0.10300407407407405
4 0.4393775859375 0.12660946296296297 0.03057920312499996 0.05579403703703705
