2 0.1630674479166667 0.3623717592592593 0.06753281250000005 0.09223981481481484
2 0.14041901041666668 0.525622337962963 0.0584734375 0.14934097222222228
3 0.124359375 0.6625184074074072 0.095534375 0.19765718518518524
3 0.27424963281250003 0.5702781851851851 0.10706442187499994 0.18008785185185192
3 0.3113104166666666 0.17715925925925927 0.04282604166666667 0.07906296296296297
3 0.35042994791666665 0.15812592592592595 0.037060937499999905 0.07320555555555554
3 0.3850200520833333 0.14202037037037038 0.03870781249999998 0.06735
1 0.43855234375 0.12079074074074075 0.048591145833333314 0.07759814814814814
3 0.5612648437499999 0.07613472222222223 0.03211927083333339 0.06442129629629628
3 0.29113463802083334 0.3451625555555556 0.050241453124999946 0.24815844444444446
3 0.33684114583333336 0.25036600462962966 0.054356250000000016 0.08199126851851848
1 0.48590767968750004 0.17130307407407408 0.04447307812500002 0.09077598148148149
1 0.51802696875 0.1595900648148148 0.05435602083333339 0.0937042037037037
1 0.6213854166666667 0.1215226851851852 0.04364895833333324 0.06734907407407408
5 0.6473278645833335 0.12371851851851853 0.028001562500000077 0.039531481481481494
1 0.6712114583333334 0.14787685185185184 0.0494145833333332 0.07027777777777777
2 0.7099195312499998 0.21303078703703707 0.06094427083333341 0.13323564814814817
2 0.7543924479166667 0.16617870370370372 0.032943229166666775 0.07467037037037037
2 0.7671578125000001 0.26939952314814813 0.06012083333333334 0.17276756481481484
2 0.81904296875 0.19838981481481482 0.03211927083333339 0.0629574074074074
3 0.3345315104166666 0.31055475925925924 0.05860989583333331 0.10960766666666667
3 0.39123828125 0.28083110185185184 0.05023697916666669 0.07993072222222221
2 0.4650711484374999 0.1907986111111111 0.06241521354166668 0.0893101851851852
2 0.38552940104166666 0.38903888888888893 0.08448911458333334 0.23951296296296298
1 0.48491815364583335 0.303112287037037 0.051872765625000025 0.11366716666666665
1 0.5777234374999999 0.2516915416666667 0.07763854166666669 0.10554789814814816
2 0.5210166666666667 0.38159673611111106 0.08144479166666674 0.1461434722222222
2 0.5644028645833333 0.35791620370370375 0.07992239583333323 0.13667129629629626
1 0.07926506770833333 0.5593704537037038 0.06196361458333332 0.17739612962962956
1 0.6104120885416666 0.2295352453703704 0.07342373958333326 0.10287580555555556
1 0.3806330625 0.21530753240740738 0.06276820833333333 0.10729604629629627
