3 0.16032159375 0.3688927268518518 0.0659609375 0.08631878703703703
1 0.10397994791666668 0.3884363935185185 0.035728645833333336 0.09934871296296297
2 0.14154114583333335 0.5244298425925926 0.06138020833333333 0.14658005555555553
1 0.21299895833333335 0.4560262824074074 0.068709375 0.18240997222222222
2 0.12459270833333333 0.6669381111111111 0.09344479166666667 0.21661237037037037
3 0.20108932291666667 0.6121983101851853 0.09069635416666667 0.16902254629629632
3 0.26828542708333336 0.5529314120370371 0.08950210416666667 0.21335541666666666
3 0.31194036458333335 0.17485964814814814 0.04489010416666666 0.07284707407407408
3 0.3472109375 0.15716620370370368 0.040309375 0.07654722222222222
2 0.3856323229166667 0.14739398148148147 0.0438625625 0.06026018518518519
3 0.44477786458333335 0.12459305555555554 0.0430578125 0.0635175925925926
1 0.29453379166666666 0.33794779166666666 0.05954804166666667 0.22964187962962962
1 0.33713359374999996 0.261400462962963 0.0494703125 0.0635175925925926
2 0.462184375 0.1921823240740741 0.057715625 0.09120538888888888
1 0.3357594348958333 0.3135178287037037 0.05405116145833333 0.10260602777777778
3 0.385687984375 0.28583055555555553 0.05679992708333333 0.08631851851851852
1 0.48829408593749996 0.29967446759259264 0.04947046354166666 0.10423412037037037
2 0.5263131302083334 0.26384386111111113 0.05405126041666666 0.10749142592592592
2 0.6119705729166667 0.2320846296296296 0.0604640625 0.08957666666666667
2 0.5221905546875 0.3811074537037037 0.08061889062500001 0.15309453703703702
2 0.5615838541666667 0.35749166666666665 0.069625 0.1254074074074074
1 0.6238802083333332 0.1221499675925926 0.04947083333333333 0.06840363888888888
1 0.67151875 0.1506513472222222 0.04947083333333333 0.06351767592592593
1 0.7984018229166666 0.2043976851851852 0.04672239583333333 0.07328981481481482
1 0.8158083333333332 0.1872962962962963 0.033896875 0.0651462962962963
1 0.08047215104166666 0.576537837962963 0.05954944791666667 0.14306136111111112
2 0.5752556875 0.25221241666666666 0.07155720833333333 0.10398224074074074
3 0.652101671875 0.1155973425925926 0.03608980208333334 0.04977875925925926
1 0.5423820911458334 0.09084398148148147 0.028970192708333335 0.050071296296296294
