2 0.162940625 0.35768240740740737 0.06234270833333332 0.11083148148148146
2 0.14027073697916667 0.5232998703703704 0.065176234375 0.14987381481481482
2 0.21076041666666664 0.45843826851851854 0.06163437500000001 0.1788413518518519
1 0.442065625 0.11712850925925927 0.041089583333333304 0.07304775925925926
1 0.2950644192708333 0.34005025 0.06021699479166666 0.22670049999999997
1 0.33650833333333335 0.25629722222222223 0.05667500000000002 0.0717888888888889
3 0.38648203906249995 0.28382369444444444 0.05460782812499995 0.07394553703703703
1 0.5146804687500001 0.22229212962962966 0.051716145833333255 0.08942129629629633
1 0.48882249479166673 0.30289675925925924 0.06092584375000006 0.10705277777777775
1 0.53699609375 0.27392916666666667 0.05950885416666664 0.09445833333333332
1 0.5547072578125001 0.34886662037037036 0.08501243229166675 0.13853879629629628
1 0.58198203125 0.10327453703703703 0.03896406250000008 0.060452777777777765
1 0.6251966145833332 0.12342592592592594 0.05313281249999993 0.06549074074074074
5 0.6471583880208336 0.12090694444444444 0.02904594270833331 0.03526388888888887
1 0.7495276041666666 0.16120909259259258 0.04108958333333336 0.07304781481481482
2 0.7661760130208334 0.2688916666666667 0.055966609374999976 0.18513888888888883
2 0.58023375 0.25387167592592597 0.06657895833333333 0.10066372222222218
1 0.38304723697916665 0.22174536111111107 0.05633052604166669 0.08869816666666666
1 0.6670355104166668 0.1415931435185185 0.038578312500000086 0.07743408333333333
1 0.5387608307291667 0.08512153240740741 0.03782208854166669 0.05865508333333333
