2 0.16398619791666666 0.36400648148148146 0.06412864583333332 0.08957592592592589
2 0.14383151041666667 0.5252441759259259 0.06229635416666667 0.14820872222222214
2 0.12413463541666667 0.6693809444444444 0.09436093750000002 0.2117267037037036
3 0.1933021796875 0.6107490370370371 0.07328977604166671 0.1693814074074074
3 0.26888243750000007 0.556188800925926 0.08703154166666666 0.2100979722222223
3 0.31194036458333335 0.17589560185185182 0.041225520833333286 0.0716615740740741
3 0.34721096354166664 0.14739398148148147 0.03664484374999996 0.08306203703703702
2 0.38614609375 0.14739398148148147 0.043057812499999966 0.0635175925925926
3 0.4443197916666667 0.12459302314814814 0.04397395833333325 0.06351752777777778
1 0.2949918645833333 0.3395764537037037 0.06046418750000007 0.23289920370370368
1 0.33667552083333335 0.26140062037037026 0.050386458333333314 0.06677531481481477
1 0.3339271432291666 0.31188914814814817 0.05771574479166664 0.1026060740740741
3 0.3847721354166667 0.28420195370370377 0.05679947916666676 0.08631922222222223
3 0.3879783619791667 0.42426727314814816 0.0797026510416666 0.2817586203703703
2 0.44432005208333336 0.32573287037037035 0.05863177083333338 0.1205212962962963
1 0.48829401041666665 0.3021170601851852 0.05496718749999996 0.09934893518518514
2 0.5263131197916667 0.26384398148148147 0.05588353124999994 0.11074907407407406
2 0.6119705729166666 0.23534212962962964 0.05863177083333326 0.09283425925925928
1 0.46905520833333336 0.5236157407407406 0.12276041666666675 0.31758888888888887
2 0.5212744791666667 0.3827361111111111 0.08428333333333331 0.14332222222222224
1 0.6225059895833333 0.12296435185185185 0.04672239583333339 0.06677500000000001
1 0.6710606770833335 0.14983703703703705 0.050386979166666755 0.06188888888888887
1 0.7521375 0.16123796296296297 0.036644791666666524 0.06840370370370367
2 0.7663375625000001 0.27117268518518517 0.05771575000000008 0.18729722222222225
1 0.7979437656249999 0.205211875 0.04580628124999997 0.07817560185185184
1 0.8176403645833333 0.18973935185185187 0.03572864583333318 0.07328981481481484
1 0.07926513541666666 0.5765379629629629 0.05552597916666668 0.14019999999999994
1 0.06638932291666667 0.40987105092592585 0.04586927083333334 0.09298960185185189
1 0.09737130729166665 0.3855506435185186 0.024141760416666654 0.08726723148148152
2 0.578055984375 0.2511060787037037 0.07342342708333334 0.10398252777777775
1 0.48444205989583333 0.17095851388888889 0.03540772395833329 0.08726752777777778
3 0.6514796171874998 0.11559718055555555 0.036089442708333405 0.05199082407407409
