2 0.16294088541666665 0.3740550925925926 0.07367760416666669 0.08312314814814817
1 0.10697426562499998 0.3888239074074074 0.043923343749999996 0.09502744444444444
3 0.07332317708333334 0.4741813194444445 0.06588489583333332 0.1347607870370371
3 0.14381276041666666 0.44899241203703705 0.06659322916666664 0.12216630555555558
1 0.14381302083333333 0.5264482083333334 0.05100729166666668 0.1612093796296297
1 0.2111147213541667 0.4609567592592593 0.07367735937499997 0.1813601851851851
3 0.2689019921875 0.5724182361111111 0.09148785937500001 0.17254387962962964
1 0.31135885416666664 0.1782115740740741 0.04179791666666664 0.07934537037037039
2 0.3496143229166666 0.15491203703703704 0.03471302083333339 0.07556666666666667
2 0.387515625 0.1460955555555556 0.04108958333333336 0.06549074074074072
1 0.44135703125000003 0.11964768518518516 0.03967239583333336 0.06801018518518516
1 0.29577301302083325 0.3381611111111112 0.0616341822916666 0.2204037037037037
2 0.386453125 0.2216622824074074 0.05171562500000005 0.10075604629629627
1 0.5214106145833334 0.16120925925925925 0.04533997916666668 0.08564259259259259
2 0.3404046875 0.309823611111111 0.054549999999999994 0.0931990740740741
1 0.38609899479166665 0.4357680555555556 0.08217909375 0.3073046296296297
3 0.4466703125 0.3287153055555555 0.06730208333333329 0.10579357407407404
1 0.5373503671875 0.2745591064814815 0.06021740104166676 0.10327437962962963
2 0.5564783854166666 0.3526449537037038 0.0885546875000001 0.13350101851851848
1 0.5816278645833334 0.10327453703703701 0.03683906249999988 0.05793425925925925
1 0.6202375 0.12342592592592594 0.04179791666666664 0.06549074074074074
5 0.6478669270833334 0.12342592592592594 0.03046302083333335 0.04030185185185186
1 0.6666404869791668 0.1505037037037037 0.04817368229166673 0.06171296296296297
1 0.7002911458333334 0.13413101851851852 0.04321458333333332 0.06675092592592592
2 0.7105635026041666 0.2185140509259259 0.06517611979166678 0.14231699074074072
2 0.7346505208333334 0.17065462962962963 0.04675729166666673 0.07682592592592591
1 0.7959304036458333 0.20528935185185182 0.04463164062500009 0.0806046296296296
1 0.08328872395833334 0.5793992083333332 0.04908817708333334 0.14306137962962956
1 0.48627624218750004 0.3042035925925925 0.03546730729166659 0.09955762962962969
1 0.5741683645833333 0.2539342962962963 0.06035389583333348 0.10443511111111113
1 0.49934326822916664 0.16869454166666667 0.05911242187500007 0.0674775833333333
1 0.7522815104166668 0.16039843518518518 0.024889062500000017 0.07522164814814813
