1 0.10319554427083334 0.38646637962962965 0.04060161979166667 0.09624016666666667
2 0.15140989583333334 0.5248120092592592 0.08289479166666666 0.14736846296296296
2 0.22077083333333333 0.45338366203703706 0.081203125 0.1789469537037037
2 0.12307326822916667 0.6789472129629629 0.09558263020833334 0.19097775925925925
2 0.28970859375 0.5526315046296296 0.09727447916666666 0.19699263888888888
1 0.38444557291666664 0.14887229629629628 0.04144739583333333 0.06015014814814815
3 0.44407890624999996 0.12330842592592593 0.0406015625 0.0631575925925926
1 0.29478380989583336 0.33834591203703707 0.06005633854166667 0.2315788611111111
1 0.33665416666666664 0.25864663425925927 0.05075208333333334 0.06917289814814814
2 0.3358083333333333 0.31127803703703705 0.060902083333333336 0.10526348148148149
3 0.3861369791666666 0.28496255092592593 0.05667291666666666 0.08571399074074075
3 0.38782883333333334 0.42330833333333334 0.08035691666666667 0.2842111111111111
4 0.43519739583333333 0.3421052638888889 0.060056250000000005 0.08270676851851852
2 0.5227442708333334 0.3819547638888889 0.081203125 0.15037619444444444
2 0.53712421875 0.2646615740740741 0.07443593750000001 0.11729351851851852
1 0.5799225651041666 0.1030074074074074 0.03484513020833333 0.061653703703703704
1 0.6225565104166667 0.12180462962962961 0.04736822916666667 0.06616481481481482
1 0.6724625 0.14887222222222224 0.04906041666666667 0.0631574074074074
1 0.75155078125 0.16315787037037036 0.0380640625 0.07368425925925925
1 0.8001877604166666 0.20526342592592595 0.0406015625 0.07067685185185185
1 0.8204885416666666 0.1939847222222222 0.028759375 0.06315833333333333
1 0.08047215104166666 0.576537837962963 0.05954944791666667 0.14306136111111112
1 0.16416300520833332 0.34907011574074076 0.054720864583333334 0.10014310185185185
2 0.5758780833333332 0.2505529814814815 0.07031241666666667 0.10287633333333333
3 0.6511683203124999 0.11504440277777776 0.03422309895833333 0.050885268518518524
1 0.5327255208333334 0.0879827037037037 0.025751041666666665 0.058654962962962964
