2 0.16307005208333336 0.3615636388888889 0.06046406249999998 0.08794764814814818
3 0.07008333333333333 0.5077426851851852 0.06504479166666667 0.14903537037037035
1 0.1438315104166667 0.4429967592592593 0.06412864583333334 0.14006574074074077
2 0.14108307291666666 0.5260584861111111 0.0659609375 0.15309474999999995
1 0.2038375390625 0.6213355046296297 0.09802524479166666 0.19381108333333333
3 0.31056614583333336 0.17589537037037037 0.04397395833333325 0.07817592592592591
2 0.35087552083333334 0.16042355555555557 0.03847708333333332 0.07328970370370369
3 0.38385572916666677 0.14332222222222224 0.042141666666666626 0.06514629629629633
3 0.44340390625000003 0.12540739814814814 0.040309895833333324 0.05863146296296296
2 0.3856880208333333 0.22394117129629632 0.05130312499999998 0.0960916018518518
2 0.4617263020833333 0.18973935185185184 0.0567994791666667 0.08957685185185188
1 0.5189841145833333 0.15960925925925926 0.03939322916666678 0.07491851851851852
1 0.3348432291666666 0.3127034768518518 0.059547916666666666 0.10423473148148148
3 0.3888944505208334 0.28501641203703704 0.05771598437500002 0.08794763888888894
1 0.5066166666666666 0.2166125 0.040309375 0.09120462962962964
2 0.3879783619791667 0.422638425925926 0.0797026510416666 0.2817583333333334
3 0.4314942708333333 0.33631934722222223 0.05130312499999998 0.11237758333333335
1 0.48371328125 0.30293181944444436 0.051302604166666654 0.10749141666666662
1 0.5386809895833335 0.2728011527777778 0.06596093750000011 0.10912082407407411
2 0.5721192708333334 0.2524431111111111 0.07603854166666674 0.100976962962963
1 0.46951338541666665 0.521987037037037 0.12550906249999988 0.32410370370370367
2 0.522190625 0.38029305555555554 0.07878645833333332 0.15798055555555557
1 0.6229640624999999 0.12215 0.05130312499999998 0.06840370370370373
5 0.648615625 0.12214953703703701 0.032980208333333275 0.03583055555555556
1 0.6692283854166665 0.14820833333333333 0.04855468750000007 0.06840370370370367
2 0.76771175 0.26954398148148156 0.06046412500000002 0.19055462962962966
1 0.8006921874999998 0.2043976851851852 0.04397395833333337 0.07328981481481484
1 0.5795023437500002 0.10327453703703704 0.038255729166666794 0.06297314814814814
1 0.29251614583333324 0.5500712962962963 0.09093333333333332 0.2102999999999999
2 0.22290761458333333 0.4527896064814815 0.08530064583333334 0.17024300925925923
3 0.2816522578125 0.3440631296296296 0.04667360937499998 0.22746818518518516
1 0.33476403906249996 0.25822594444444447 0.0531114114583333 0.07009996296296292
1 0.7407703125 0.18307515277777778 0.041689583333333266 0.054203398148148174
