1 0.16428177083333337 0.3539717592592592 0.057827083333333314 0.10046759259259264
3 0.14193932291666667 0.41355144907407404 0.06045572916666666 0.1425232685185185
2 0.1488390625 0.5327103935185186 0.08082604166666668 0.15186893518518516
1 0.12353984375 0.6781539999999999 0.10119739583333334 0.19042096296296293
2 0.20633773177083334 0.6232476851851851 0.084111921875 0.19042129629629628
3 0.3091778645833333 0.17640209722222225 0.04271302083333328 0.07710234259259258
2 0.3831046875000001 0.1471960324074074 0.04862708333333329 0.07009391666666669
3 0.44158880208333334 0.12616839814814815 0.03548489583333338 0.05841087037037035
1 0.2970209973958333 0.3452101851851852 0.06308404687500004 0.23714999999999997
1 0.46163125 0.19158892592592594 0.057169791666666706 0.079438962962963
2 0.34104842708333327 0.31250006018518517 0.04599893749999998 0.09462604629629633
1 0.3880330598958333 0.2762851851851852 0.06374111979166663 0.10864444444444443
1 0.49153046874999995 0.29848101851851855 0.0591411458333333 0.11331759259259258
2 0.5358864583333334 0.27044398148148147 0.06242708333333334 0.10864537037037039
2 0.5766283854166667 0.25584120370370367 0.06768385416666665 0.1051398148148148
1 0.6068559895833334 0.22721944444444447 0.07688385416666677 0.11098148148148144
1 0.45275989322916665 0.5005842638888889 0.0906833385416667 0.30023334259259254
1 0.6226270833333333 0.1232476851851852 0.04665625000000008 0.06658796296296299
1 0.7392669270833334 0.17698611111111112 0.04994114583333342 0.050233333333333345
5 0.6472692708333334 0.12091111111111111 0.028913541666666612 0.0362148148148148
2 0.7662089869791667 0.2710277777777778 0.057827348958333503 0.17523333333333338
1 0.8026796875 0.20443935185185189 0.03745624999999997 0.07476574074074073
1 0.1038090859375 0.37768240740740733 0.03540786979166666 0.10300370370370368
