2 0.16294088541666665 0.36397962962962965 0.0651765625 0.08564259259259259
2 0.14522980208333333 0.5277077407407407 0.06942685416666668 0.14105807407407409
1 0.12433103124999999 0.6668767314814814 0.09989002083333333 0.2279593888888889
3 0.2716861692708334 0.5604536064814815 0.087138078125 0.20151091666666665
3 0.31135859374999997 0.17538760185185184 0.044631770833333334 0.07621594444444445
3 0.4438364583333333 0.12405555555555557 0.041797916666666664 0.06171296296296297
1 0.2943560859375 0.3406799768518519 0.058800328125 0.2279599537037037
1 0.3357997395833333 0.254408125 0.055257812499999996 0.07304773148148147
1 0.38468203124999995 0.22292175925925928 0.05242447916666667 0.09571759259259259
3 0.3404046875 0.3104532407407407 0.057383333333333335 0.10705277777777779
3 0.3860989270833334 0.2890425925925926 0.0566749375 0.08438333333333334
1 0.4438364583333333 0.3180103055555556 0.06305104166666667 0.12972246296296294
2 0.5355791666666667 0.26448341666666664 0.07084375000000001 0.11083164814814814
2 0.5221189661458333 0.3853902546296296 0.082178734375 0.14105828703703704
1 0.58198203125 0.10327453703703703 0.0389640625 0.06045277777777778
1 0.6230713541666667 0.12153657407407407 0.047465625 0.06926944444444445
1 0.7509447916666667 0.16057962962962966 0.042506249999999995 0.0743074074074074
1 0.7282747395833334 0.16687638888888887 0.059508854166666666 0.0843824074074074
2 0.7668844010416667 0.2688916666666667 0.055966718750000005 0.18513888888888888
2 0.8161208333333333 0.19521388888888888 0.04108958333333333 0.06297222222222222
2 0.481298328125 0.2981193472222223 0.05288980208333333 0.11615019444444445
2 0.5752557682291667 0.25276556944444445 0.070312421875 0.10287626851851851
1 0.3481401041666667 0.1565264675925926 0.03920104166666667 0.0785396574074074
