2 0.1639861979166667 0.36319212962962966 0.05679947916666667 0.09120462962962964
3 0.06825104166666666 0.49918564814814814 0.06138020833333333 0.12866388888888888
3 0.2748372604166667 0.5692181805555555 0.10260572916666666 0.15146591666666667
3 0.31056614583333336 0.17670993055555556 0.043973958333333334 0.07329023148148149
3 0.34766901041666665 0.15798055555555557 0.035728645833333336 0.0684037037037037
2 0.38477187500000004 0.14820833333333333 0.04214166666666667 0.06188888888888889
3 0.44386171875 0.1254074074074074 0.0430578125 0.06188888888888889
2 0.38522994791666665 0.22557037037037037 0.0540515625 0.10586296296296295
2 0.4626424479166667 0.19136805555555556 0.05679947916666667 0.08631944444444443
1 0.5194421874999999 0.16612407407407406 0.040309375 0.07491851851851852
1 0.33530130208333336 0.3118891064814815 0.05863177083333333 0.10912080555555556
3 0.38660416666666664 0.2850164490740741 0.056799999999999996 0.08143289814814815
2 0.50615859375 0.21742685185185184 0.0430578125 0.08957592592592593
1 0.3875202994791666 0.42508148148148145 0.08061877604166666 0.2801296296296297
3 0.43470078125000006 0.3428337962962963 0.04672239583333333 0.10586388888888888
1 0.4836718619791667 0.3053743703703704 0.04938747395833333 0.10912096296296296
2 0.5382229166666668 0.2728013888888889 0.06504479166666667 0.10260648148148148
1 0.46905520833333336 0.5105861111111111 0.12276041666666666 0.34364814814814815
2 0.522190625 0.3811074074074074 0.08061875 0.14657962962962964
1 0.6215898437499999 0.12215 0.04672239583333333 0.0684037037037037
5 0.6476994791666667 0.12296388888888887 0.03298020833333334 0.03745925925925926
1 0.6687703125 0.15065138888888888 0.04580625 0.07328981481481482
1 0.75351171875 0.15879490740740743 0.03389635416666667 0.0635175925925926
2 0.76587946875 0.271987037037037 0.0622964375 0.1856685185185185
1 0.8189681666666666 0.19751124999999997 0.031055083333333334 0.06277435185185186
0 0.8061890625 0.41775231481481484 0.0018322916666666665 0.004886111111111111
1 0.08047218229166668 0.5772532037037037 0.05633063541666667 0.13590840740740742
1 0.06638944791666666 0.40844081481481476 0.045869020833333336 0.09871281481481482
2 0.5780557864583333 0.2522123287037037 0.07217905208333333 0.10176978703703704
2 0.6116565598958333 0.23064143981481483 0.070934796875 0.10066341666666666
3 0.28326168229166665 0.3447783518518519 0.045064135416666665 0.23462107407407407
4 0.33476397395833335 0.26037187037037035 0.053111635416666664 0.06580811111111111
2 0.74232578125 0.1830750277777778 0.04853385416666667 0.054203148148148146
4 0.51180234375 0.1101574212962963 0.0370171875 0.08583700925925926
