1 0.15400810677083332 0.35871157407407406 0.05929732812499999 0.1083453703703704
3 0.121888625 0.6595902685185185 0.0955342083333333 0.19472868518518524
3 0.31172213541666666 0.1771597222222222 0.04200260416666666 0.07613425925925928
3 0.3426059895833333 0.15666157407407408 0.03459010416666667 0.0732064814814815
2 0.3866674479166667 0.14860925925925925 0.04529635416666669 0.06295740740740739
1 0.44431729687500005 0.12737916203703703 0.04200230208333337 0.06149350925925924
3 0.29030923177083334 0.3451791898148149 0.0502377864583333 0.24526393518518522
3 0.33766484374999994 0.2518301157407407 0.05435572916666664 0.07320652777777778
2 0.3899615989583334 0.28770118981481474 0.05188513541666661 0.08638386111111108
1 0.51555625 0.21961944444444445 0.056003125000000036 0.07906296296296295
1 0.38337305989583326 0.39019027777777776 0.08318096354166667 0.2298675925925926
3 0.4323755208333333 0.3338215046296296 0.060944791666666616 0.1171300462962963
1 0.48508428906249995 0.3030745231481481 0.05106128645833336 0.10541756481481483
1 0.5377927083333333 0.272328125 0.06423854166666665 0.09663217592592596
2 0.5765007812500003 0.2540263888888889 0.06588593749999999 0.10102500000000005
1 0.47060875520833334 0.5183013888888889 0.12423313541666664 0.33089351851851845
2 0.5204979166666667 0.38067361111111103 0.08235729166666654 0.14055648148148148
1 0.5662059869791667 0.3579796296296297 0.08153384895833327 0.13030740740740743
1 0.6213854166666667 0.12152268518518518 0.045296875000000014 0.07320648148148147
5 0.6485632812500001 0.12445092592592594 0.03211927083333339 0.03806666666666667
1 0.6687409296875 0.1486087962962963 0.042825609374999844 0.0688138888888889
2 0.7160962447916667 0.21449467592592592 0.06835646875 0.13030787037037042
2 0.7552158854166665 0.16032222222222225 0.029648437499999975 0.0717425925925926
1 0.7980416666666665 0.20424629629629631 0.042826041666666606 0.07174259259259257
1 0.8206898437499999 0.19326527777777777 0.03211927083333339 0.06442129629629628
1 0.3810354062499999 0.214592287037037 0.06196352083333334 0.10300431481481477
2 0.7357922369791667 0.17256644444444444 0.03795615104166667 0.07743377777777775
