2 0.16329505208333334 0.3589422638888889 0.06446822916666667 0.09823637962962964
4 0.1158296875 0.6454657870370369 0.07155208333333334 0.21032787037037037
3 0.2731029921875 0.5566752731481481 0.08572109895833332 0.20654869444444443
3 0.38716145833333326 0.1423175925925926 0.037546875 0.07304814814814814
3 0.444190625 0.12531481481481482 0.042506249999999995 0.06171296296296297
1 0.2936475442708334 0.340050375 0.05596636979166667 0.22418136111111112
1 0.3357997395833333 0.2512592361111111 0.055257812499999996 0.08438328703703704
3 0.332965875 0.31360196296296294 0.05100779166666667 0.10075577777777778
3 0.38751588541666665 0.28400499537037044 0.05242447916666667 0.07934517592592592
3 0.4395859375 0.34571799537037035 0.06021770833333333 0.09445821296296296
1 0.48917656249999997 0.3016375 0.05596666666666667 0.10453425925925927
3 0.47040300520833334 0.5201509259259259 0.12468517708333333 0.32745555555555556
1 0.5809192708333334 0.10327453703703703 0.03683854166666667 0.06045277777777778
1 0.6237796875 0.12153657407407407 0.04888229166666667 0.06675092592592592
1 0.7502361979166667 0.16057962962962963 0.03825572916666666 0.07682592592592592
2 0.7658218463541666 0.2720403796296296 0.05667494270833333 0.17884146296296294
1 0.077928125 0.5598236805555555 0.05525833333333333 0.17254408333333335
5 0.6464497395833333 0.11964768518518519 0.031879687500000004 0.03274537037037037
1 0.06920608072916666 0.4012875138888889 0.054721171875 0.09012867592592592
1 0.5532457734374999 0.3469239814814815 0.08771446354166666 0.1416312962962963
1 0.5363661562500001 0.26548653240740744 0.06844581250000001 0.10176952777777779
2 0.5765003984374999 0.25276556944444445 0.07031274479166667 0.10287626851851851
1 0.66796875 0.1426990740740741 0.04044479166666667 0.07300925925925926
