1 0.16329505208333334 0.3564231898148148 0.0673015625 0.10075563888888889
4 0.11087057291666666 0.6662468101851852 0.09705572916666667 0.18136028703703705
1 0.33509140625 0.25755648148148147 0.05384114583333333 0.0743074074074074
1 0.46048489583333335 0.18765753703703705 0.05950833333333334 0.0906798888888889
3 0.3860989583333333 0.2827458333333333 0.05525833333333333 0.07934537037037037
4 0.43887734375 0.3431990092592593 0.060217187500000005 0.08690172222222221
1 0.4905934895833333 0.29974768518518513 0.060217187500000005 0.10579351851851852
1 0.57560625 0.25251868518518517 0.06871875 0.09949662962962963
1 0.5809192708333334 0.10138518518518519 0.035421875000000005 0.06423148148148149
1 0.6237799479166666 0.12216620370370371 0.04746510416666667 0.06801018518518517
2 0.7668843463541666 0.2688918564814815 0.054549942708333334 0.18261999074074073
5 0.6471583333333334 0.12027685185185186 0.029045833333333333 0.03652407407407407
1 0.10743013020833334 0.38054351851851853 0.04747828125 0.10300370370370371
1 0.3335178229166667 0.3163717592592593 0.04604560416666667 0.0951324074074074
1 0.4389753671875 0.11945638888888889 0.04265030729166666 0.0701001851851852
1 0.7501039062500001 0.16261062037037038 0.040445312500000004 0.07522124074074074
1 0.66796878125 0.14325212037037036 0.04168964583333334 0.07632724074074074
