3 0.12271219791666667 0.6647147037037037 0.0938870625 0.1932645925925926
1 0.0668984765625 0.41068796296296295 0.044851119791666665 0.1039537037037037
2 0.28083828125 0.5614934444444444 0.11035885416666667 0.1859442962962963
3 0.31089843749999996 0.1764277037037037 0.04035520833333333 0.07467022222222222
1 0.4369052083333333 0.12298703703703703 0.04035520833333333 0.06735
3 0.29030929947916667 0.3422846851851852 0.048590776041666665 0.2453304814814815
3 0.3364294270833333 0.25695455092592595 0.05188489583333333 0.0717424351851852
1 0.3802223359375 0.21888723148148145 0.058761338541666666 0.09809668518518518
1 0.5229685390625 0.1573938703703704 0.06588583854166667 0.08931181481481482
2 0.39160859375 0.2884333333333333 0.045296354166666664 0.09077592592592593
2 0.38460833333333333 0.3887263564814815 0.08400416666666667 0.23865271296296298
1 0.5386164062500001 0.27452409722222226 0.06753281250000001 0.10688152777777778
2 0.6115026041666667 0.22693981481481482 0.07494479166666666 0.1024888888888889
2 0.5217330729166667 0.38140549074074076 0.08153385416666666 0.1508054259259259
2 0.5629118906249999 0.35651521296296296 0.07329773958333334 0.1215230185185185
1 0.5797950520833334 0.101025 0.032943229166666664 0.06735
5 0.647328125 0.1215226851851852 0.031295833333333335 0.03513981481481482
1 0.6720351562500001 0.1442168472222222 0.05106197916666667 0.07759850925925925
2 0.7103312656249999 0.21669087037037038 0.060120802083333334 0.13470025925925927
2 0.7366854166666666 0.17203518518518518 0.04035520833333333 0.07759814814814815
2 0.7576867187499999 0.16105416666666666 0.03459010416666666 0.07320648148148148
2 0.7667460468749999 0.2657393518518519 0.054355635416666666 0.18008796296296298
1 0.7988653645833333 0.203514 0.04282552083333333 0.070278
1 0.5774335078125 0.25165917592592596 0.07591284895833333 0.10508872222222222
1 0.4816255208333333 0.16666651388888887 0.0362125 0.08154475
3 0.80954921875 0.17954212962962965 0.0337984375 0.07296203703703705
