1 0.1675671875 0.3627337962962963 0.053884375 0.08294351851851851
1 0.13799635416666664 0.4275702824074074 0.06965520833333333 0.1168220462962963
3 0.20075200520833333 0.45210293055555556 0.061112656249999994 0.14485956481481482
3 0.31016354166666665 0.17640185185185184 0.04074166666666667 0.08177592592592592
3 0.3492625 0.16004675925925926 0.037456249999999996 0.07243055555555555
3 0.440603125 0.1267523148148148 0.03614166666666666 0.06191574074074074
1 0.29669244791666666 0.34521043055555556 0.06374114583333333 0.2394856759259259
2 0.3410484270833333 0.3078272268518519 0.045998937499999996 0.1063081574074074
2 0.39197568750000006 0.28095771296296296 0.057170124999999995 0.08761727777777778
3 0.4386317708333333 0.3422896064814815 0.058484375000000005 0.09813106481481482
1 0.48923052083333335 0.30081775925925924 0.05059854166666666 0.10630833333333334
2 0.536871875 0.2669391759259259 0.061769791666666664 0.10864501851851852
1 0.453088375 0.5005841157407408 0.08871179166666666 0.30257008333333335
1 0.6236127604166666 0.1232476851851852 0.048627604166666664 0.06658796296296297
1 0.67322578125 0.14427592592592595 0.05191302083333334 0.07359814814814815
1 0.7974225026041668 0.20443931018518519 0.04139874479166667 0.07710269444444444
1 0.0675964453125 0.4077254166666667 0.051501901041666666 0.10872694444444445
1 0.5768112734374999 0.25387190740740745 0.06595661979166666 0.10287655555555555
3 0.4611052447916667 0.19098689814814815 0.056330281249999996 0.08440583333333333
1 0.48283264062500003 0.17024320370370372 0.03218888541666667 0.08583690740740742
5 0.6480571458333333 0.12057508796296296 0.02800075 0.03539797222222222
