2 0.16506614583333334 0.3683875 0.07226041666666667 0.09445833333333334
1 0.10661999479166667 0.3891685185185185 0.04604855208333333 0.0881611111111111
3 0.07190651041666667 0.47252746759259256 0.06446822916666667 0.1364901203703704
3 0.14239609374999998 0.44899259259259255 0.0651765625 0.12468518518518518
1 0.09068008333333334 0.576826375 0.06517629166666666 0.13350089814814814
3 0.26653596875 0.5623426805555556 0.08817269791666667 0.19017610185185185
3 0.31135885416666664 0.1756925925925926 0.041797916666666664 0.07934444444444444
2 0.3499684895833334 0.15869038425925927 0.03967239583333334 0.07304743518518518
2 0.38609895833333335 0.14609556018518519 0.042506249999999995 0.06297260185185184
3 0.44277395833333333 0.12531481481481482 0.03825520833333333 0.06423148148148149
1 0.29577291666666666 0.3413101851851852 0.06305104166666667 0.22418148148148148
2 0.33686249999999995 0.2437027777777778 0.057383333333333335 0.09193888888888889
2 0.3868072916666667 0.22040324074074075 0.058091666666666666 0.103275
1 0.49944895833333336 0.17191435185185186 0.06092604166666667 0.06926944444444445
1 0.5231817708333334 0.1593199074074074 0.047465625 0.07430648148148149
2 0.3414674479166667 0.3091939814814815 0.059508854166666666 0.09949537037037037
3 0.3935375 0.2846347222222222 0.0588 0.08564166666666666
2 0.37936875000000003 0.428211574074074 0.06305104166666667 0.30982314814814815
3 0.4491497395833333 0.33471847222222223 0.07226093750000001 0.10268694444444444
1 0.4888146875 0.3041564814814815 0.04532416666666667 0.10201481481481482
1 0.5391216145833333 0.26952129629629634 0.059508854166666666 0.11586851851851852
2 0.5741890625 0.2531486111111111 0.07013541666666666 0.10075648148148147
1 0.6046520833333333 0.2304787037037037 0.07438645833333334 0.10831296296296296
2 0.5189310989583333 0.38224201388888895 0.08572113541666666 0.1574303240740741
2 0.56072890625 0.3513851851851852 0.0814703125 0.13602037037037035
1 0.5805651041666666 0.10201481481481484 0.03471354166666667 0.06045370370370371
1 0.6198833333333333 0.12342592592592594 0.042506249999999995 0.06549074074074074
5 0.6475124999999999 0.1227962962962963 0.0283375 0.03652407407407407
2 0.7105635416666668 0.21914398148148148 0.06375937500000001 0.14357685185185184
1 0.7654677083333332 0.2663729629629629 0.057383333333333335 0.18765740740740738
1 0.07041328125 0.40700985648148147 0.04747864583333334 0.0901284351851852
1 0.5083655885416667 0.22289816666666667 0.03982298958333333 0.08960188888888888
