2 0.15112557552083333 0.5322109027777778 0.084828015625 0.15080513888888888
3 0.12353593750000001 0.6603219907407407 0.0872989583333333 0.1991217592592593
3 0.31213397916666674 0.17642777777777777 0.042825520833333346 0.08345555555555556
3 0.34466509895833325 0.15739373611111113 0.040354687500000055 0.07467080555555557
2 0.38913809635416663 0.15007314814814815 0.05188526562499997 0.0629574074074074
1 0.442258375 0.12225472685185183 0.044472999999999985 0.06295760185185185
3 0.2911330729166667 0.3451791898148149 0.05023802083333327 0.24526393518518522
3 0.33848828125 0.2547585972222222 0.05600260416666671 0.07320608333333332
2 0.38049044791666664 0.21961917592592595 0.06094443750000001 0.09663279629629629
2 0.39078515625 0.2884335972222222 0.04859114583333337 0.08491904629629632
3 0.43237544791666666 0.33382116203703704 0.05929702083333333 0.12005899074074078
1 0.48590765104166667 0.30527071759259256 0.04776698958333334 0.10980995370370374
1 0.5373809895833334 0.27306018518518516 0.06506197916666666 0.09809629629629633
2 0.5748535182291666 0.25475828703703707 0.06753307812500005 0.0995610185185185
1 0.4698481770833334 0.5197657407407407 0.12271197916666671 0.3221092592592593
2 0.5217330729166666 0.38433379629629627 0.08153385416666664 0.14494907407407415
1 0.5657942708333333 0.3579796296296297 0.07576874999999988 0.13030740740740743
1 0.6217973958333333 0.12079074074074075 0.044472916666666626 0.0717425925925926
4 0.6493869791666665 0.12005874074074074 0.03376666666666672 0.0380677037037037
1 0.6720351562500001 0.14714490740740743 0.05270885416666668 0.0688138888888889
2 0.7336268151041667 0.17115345370370372 0.04482553645833344 0.0758346851851852
2 0.7548041796875 0.16178657407407404 0.028825026041666747 0.07759907407407406
2 0.7618046875 0.26793564814814813 0.05106145833333334 0.17569537037037036
1 0.8005125390625002 0.20863842592592594 0.0461198697916668 0.08052685185185188
1 0.610100953125 0.2295355648148148 0.07777934375000004 0.10066405555555559
1 0.5148990833333333 0.22013293055555555 0.055378916666666694 0.08407117592592592
