2 0.1704417578125 0.36015049074074074 0.04990606770833333 0.08270653703703704
1 0.10531012760416666 0.3849620370370371 0.044830786458333334 0.09624074074074074
2 0.14210520833333332 0.5240601481481482 0.06597708333333334 0.1488721851851852
2 0.12434204947916667 0.6774435370370371 0.094736734375 0.19699262962962963
2 0.20554505208333335 0.6233081898148148 0.09135364583333333 0.19097760185185184
2 0.288439828125 0.5511277407407407 0.09642861458333334 0.1939851111111111
2 0.3476502604166667 0.16015037962962964 0.037218229166666665 0.07067668518518519
2 0.38444557291666664 0.15037592592592594 0.0431390625 0.05714259259259259
3 0.4445018229166667 0.12330842592592593 0.0431390625 0.0631575925925926
3 0.28505621875000003 0.330826875 0.054135416666666665 0.24060189814814817
1 0.3370770833333333 0.25639120370370366 0.04990625 0.07368425925925925
1 0.3857143229166667 0.21503739351851853 0.04905989583333333 0.10827108333333334
3 0.3366541067708333 0.33082706944444445 0.060902203125000005 0.14135337962962963
3 0.3852911458333333 0.2827069398148149 0.05667291666666666 0.08421017592592593
3 0.38782883333333334 0.4225565416666666 0.08035691666666667 0.2887221018518518
2 0.5290884635416667 0.26466154166666667 0.05836442708333334 0.1172934537037037
2 0.5227442708333333 0.38195473611111114 0.08289479166666666 0.1473687314814815
1 0.5806861979166666 0.10225555555555556 0.03637239583333333 0.0631574074074074
1 0.6212877604166667 0.12180462962962961 0.044830729166666666 0.06616481481481482
1 0.6716353854166666 0.1466162037037037 0.04902297916666667 0.07067685185185185
1 0.7549341145833334 0.16090225925925924 0.03468072916666667 0.07218044444444445
2 0.768890859375 0.26992458333333336 0.06259421875 0.18496194444444444
1 0.7993419270833333 0.2060152777777778 0.04229322916666667 0.07518796296296297
1 0.8209114583333333 0.19473657407407405 0.029605208333333334 0.06466203703703703
4 0.43435156249999995 0.3413533703703704 0.05836458333333334 0.08120303703703703
1 0.08047215104166666 0.5743919444444444 0.05954944791666667 0.14449203703703703
2 0.5755669661458334 0.25276565740740736 0.06969018229166667 0.10287575925925925
3 0.6524128697916667 0.11615027777777778 0.03546740625 0.05088462962962963
1 0.5331278645833334 0.08869814814814815 0.024946354166666667 0.06008518518518518
