1 0.16542031249999997 0.3602016157407408 0.061634375 0.09823656481481481
1 0.14168776041666667 0.45340028240740743 0.07226093750000001 0.11335056481481481
3 0.3102958333333333 0.17695197222222223 0.04108958333333333 0.07430764814814815
3 0.3368622395833334 0.15554158333333334 0.031879687500000004 0.0617127962962963
3 0.44100286458333327 0.1278337962962963 0.03754739583333333 0.06171203703703704
1 0.2975440026041667 0.3431987731481482 0.06234241145833333 0.2304790277777778
1 0.3368624921875 0.24811099537037037 0.050298942708333336 0.08816087962962964
3 0.38468203125 0.27267018055555553 0.059508854166666666 0.09949591666666667
3 0.43675234375000005 0.3312341990740741 0.06588489583333333 0.12342580555555556
1 0.4877596354166666 0.30541527777777777 0.058800520833333335 0.10705277777777779
1 0.5352250000000001 0.2720402777777778 0.06305104166666667 0.10831203703703704
1 0.4530463203125 0.5018890648148148 0.091388609375 0.3010077592592592
1 0.6234255208333334 0.12279583333333333 0.048173958333333336 0.06675092592592592
1 0.6733705729166667 0.14294722222222223 0.054549479166666665 0.07682592592592592
1 0.7690098958333333 0.26700277777777776 0.05596666666666667 0.18639814814814815
3 0.7990343046875 0.1996222222222222 0.045171734375 0.06675
5 0.6475979166666667 0.12149537037037038 0.029570833333333334 0.042055555555555554
1 0.206008640625 0.4628041666666666 0.06759644791666666 0.17024351851851852
1 0.06880375260416667 0.4012875555555556 0.052307078125 0.09871244444444445
1 0.10743014583333334 0.3819740740740741 0.045868875 0.10014259259259259
1 0.5786780390625 0.2555308796296296 0.06720121354166667 0.10176972222222222
1 0.4928916119791667 0.16666648148148147 0.041040734375 0.08440592592592593
1 0.7547703411458333 0.1620574074074074 0.027378067708333335 0.07411481481481481
