1 0.16658151041666666 0.3586448101851852 0.055855729166666666 0.10046739814814815
1 0.10349739843750001 0.38288843981481485 0.03745624479166666 0.10689837962962963
3 0.13799648958333333 0.42207009722222216 0.06308410416666667 0.1315235277777778
1 0.14456765364583332 0.5262850138888889 0.08148344270833333 0.14135521296296297
1 0.11236848958333333 0.678154087962963 0.09199739583333333 0.21845817592592592
2 0.3095064635416666 0.17873842592592593 0.04337040625 0.07943981481481481
3 0.34860546875 0.16121527777777778 0.0361421875 0.07710277777777778
2 0.3824473958333333 0.146028125 0.04994166666666667 0.07009328703703703
3 0.44101399999999996 0.12441576851851853 0.036963416666666665 0.05957968518518518
1 0.2970209973958333 0.3463784861111111 0.063084046875 0.23714956481481483
3 0.46393098958333334 0.19158863425925926 0.06308385416666666 0.0841124537037037
1 0.4849591145833333 0.1711449074074074 0.0407421875 0.0876175925925926
2 0.3926328854166667 0.27780471296296294 0.05723976041666667 0.08598349999999999
3 0.4366604166666666 0.339369087962963 0.062427083333333334 0.1063085462962963
1 0.5352291666666668 0.27161203703703707 0.06505520833333334 0.11799074074074074
1 0.45308853906249996 0.49941574074074074 0.09134063020833333 0.3025703703703704
1 0.5789281250000001 0.10163564814814814 0.03417083333333334 0.06308425925925926
1 0.6222984375 0.12266342592592594 0.048627083333333335 0.06775648148148149
5 0.6472692708333334 0.12091111111111111 0.028913541666666667 0.03855185185185185
1 0.6745401041666667 0.1431074074074074 0.053227083333333335 0.07359814814814815
1 0.7428809895833334 0.18017533796296298 0.046655729166666667 0.057253324074074075
2 0.7662091145833333 0.27219629629629627 0.057827604166666664 0.17757037037037038
1 0.8020223958333332 0.2056074074074074 0.03614166666666666 0.07943888888888889
2 0.20922734114583333 0.4542201898148148 0.056330723958333336 0.1702429537037037
1 0.07202258593750001 0.39985675 0.05069753645833333 0.10729575925925926
1 0.0679989140625 0.4692415601851852 0.06518238020833333 0.14878354629629628
1 0.5799226692708334 0.2555308796296296 0.06720153645833334 0.10176972222222222
1 0.5105435364583334 0.22400425925925926 0.042933947916666666 0.08517666666666666
