3 0.12271223958333333 0.6734992037037038 0.09224010416666667 0.1815521111111111
3 0.27054367447916666 0.5710102314814814 0.098005359375 0.16983898148148147
3 0.1548315546875 0.3616398240740741 0.054355640625 0.09956075925925927
3 0.4714952942708333 0.5204981481481482 0.12435933854166666 0.32064444444444445
1 0.5625 0.35651533333333335 0.08071041666666666 0.12445103703703703
3 0.4331989583333334 0.3330890972222222 0.05765 0.1185948611111111
2 0.33231145833333336 0.31039537037037035 0.043648958333333335 0.1024888888888889
2 0.3916088541666667 0.2884337962962963 0.048590625 0.08491944444444444
3 0.28825030989583333 0.3382138888888889 0.04776708854166667 0.2401166666666667
3 0.31048671875 0.17642777777777777 0.04117864583333333 0.07467037037037037
3 0.34260625 0.15812592592592595 0.0362375 0.07027777777777779
1 0.6226208333333333 0.11932638888888888 0.04611979166666667 0.0688138888888889
5 0.64938671875 0.12298675925925927 0.03211927083333333 0.040995740740740735
1 0.6670937499999999 0.1471449074074074 0.039531250000000004 0.0658861111111111
1 0.7025072916666667 0.13909215740740744 0.039531250000000004 0.061493574074074075
2 0.76509871875 0.26939975925925924 0.0592974375 0.18447962962962963
1 0.8013361979166668 0.20351375925925927 0.047767187499999995 0.06442196296296297
2 0.8206901041666668 0.19546108796296296 0.035413541666666666 0.0717425462962963
2 0.7305088541666667 0.17276759259259258 0.04941458333333334 0.07906296296296297
2 0.611090625 0.229136 0.07576875 0.10395348148148148
2 0.5732065104166666 0.25183027314814815 0.07247447916666667 0.09956054629629629
1 0.5373809895833334 0.27452431944444444 0.06506197916666666 0.10102456481481482
3 0.33684114583333336 0.2554904398148148 0.05106145833333333 0.08052717592592593
1 0.3833728671875 0.3894578703703704 0.08153343229166667 0.2313324074074074
1 0.3802306692708334 0.2160228888888889 0.058744671875 0.10014305555555555
1 0.4804185 0.1673819722222222 0.040235958333333335 0.08011444444444445
1 0.38298534114583327 0.1443583472222222 0.041689713541666666 0.06747774999999999
