2 0.16294088541666665 0.3646093935185185 0.06092552083333335 0.08690212037037036
2 0.21465703124999996 0.46410595833333335 0.06659322916666666 0.1826193240740741
3 0.20367600781250003 0.6209068703703703 0.07863665104166667 0.15617114814814828
3 0.2759209791666667 0.5585644398148149 0.08710654166666666 0.19773258333333335
3 0.3113585937499999 0.17546413425925927 0.04321510416666659 0.07385049074074075
2 0.3481973958333333 0.16246851851851854 0.03613020833333334 0.06549074074074072
3 0.3871615286458334 0.13790935648148145 0.04321472395833338 0.07682612037037036
3 0.444190625 0.12531481481481482 0.042506249999999926 0.06171296296296298
1 0.2943561380208334 0.3400503472222222 0.05738355729166666 0.22921921296296302
1 0.3368624999999999 0.25755694444444444 0.05596666666666668 0.06675092592592591
1 0.5260155130208333 0.16309814814814813 0.04179769270833322 0.07682592592592591
3 0.38680731510416666 0.2853300138888889 0.05667504687500002 0.08199484259259256
1 0.4480869791666667 0.3230479953703704 0.06305104166666667 0.13727932407407406
1 0.4866970546875 0.30226695833333345 0.05100765104166669 0.11586910185185183
2 0.53593359375 0.2644837870370371 0.07155260416666677 0.10831201851851857
2 0.5228274557291667 0.3835012592592593 0.0807619635416667 0.14987405555555558
1 0.5812734374999999 0.10390416666666666 0.036130208333333275 0.0541564814814815
1 0.6712453125 0.15113333333333331 0.04888229166666657 0.06297222222222221
1 0.7502361979166667 0.16120925925925925 0.03967239583333336 0.07556666666666666
2 0.816475 0.19647361111111114 0.036130208333333275 0.06801018518518513
2 0.5755669661458335 0.2516593194444444 0.06969018229166662 0.10287604629629633
3 0.6514796875 0.11504440277777775 0.03608958333333329 0.05088526851851851
