1 0.16077970833333335 0.3566775277777778 0.07054166666666667 0.09771987037037036
1 0.10397994791666668 0.38517916666666663 0.035728645833333336 0.09283425925925926
1 0.20841822916666666 0.4609118333333333 0.07054166666666667 0.18892551851851852
2 0.12596692708333332 0.6587948564814814 0.09619322916666667 0.22964156481481482
3 0.19879895833333333 0.6107490740740741 0.086115625 0.16938148148148147
3 0.31148218489583335 0.17508143518518518 0.04397374479166667 0.0732899074074074
3 0.3490432291666667 0.16123796296296297 0.03664479166666667 0.0684037037037037
2 0.38522994791666665 0.14576527777777779 0.04672239583333333 0.06026018518518519
3 0.44477786458333335 0.12377870370370368 0.0430578125 0.06188888888888889
1 0.2949918541666667 0.3395763888888889 0.058631916666666666 0.2328990740740741
1 0.33713359375 0.26058611111111113 0.05130260416666667 0.0651462962962963
1 0.5267712708333333 0.16205231481481483 0.042141500000000005 0.07003240740740742
1 0.3320949401041667 0.3143321435185185 0.046722171875 0.10749206481481481
3 0.3870622395833333 0.2865044259259259 0.05771614583333333 0.08628318518518518
1 0.4420296875 0.3175893935185185 0.068709375 0.12703619444444444
1 0.5359325520833332 0.27198697222222223 0.06779322916666668 0.12703583333333335
2 0.522190625 0.38192178703703705 0.08245104166666667 0.15472320370370368
1 0.6234221354166666 0.12296435185185185 0.0485546875 0.066775
1 0.6710606770833334 0.1506513888888889 0.050386979166666665 0.06026018518518519
2 0.7626731770833334 0.27117268518518517 0.0485546875 0.18729722222222223
1 0.7974856770833333 0.20195462962962962 0.0430578125 0.08794814814814814
1 0.8171822916666667 0.19136805555555556 0.03664479166666667 0.07980462962962963
1 0.07966746354166668 0.5772532175925926 0.05794007291666667 0.1473533611111111
1 0.5624999401041666 0.34835493981481486 0.06920613020833333 0.13304691666666668
2 0.5768114583333334 0.25608379629629635 0.069690625 0.11393796296296296
3 0.6524128697916667 0.1161504212962963 0.03546740625 0.05309730555555556
