2 0.16398619791666666 0.36400648148148146 0.06412864583333333 0.08957592592592593
2 0.14383151041666667 0.5252441759259259 0.062296354166666665 0.1482087222222222
2 0.12413463541666667 0.6693809444444444 0.0943609375 0.2117267037037037
3 0.1933021796875 0.6107490370370371 0.07328977604166667 0.1693814074074074
3 0.2688824375 0.5561888009259259 0.08703154166666667 0.21009797222222223
3 0.31194036458333335 0.17589560185185185 0.041225520833333335 0.07166157407407407
3 0.34721096354166664 0.14739398148148147 0.036644843749999996 0.08306203703703703
2 0.38614609375000003 0.14739398148148147 0.0430578125 0.0635175925925926
3 0.4443197916666667 0.12459302314814814 0.043973958333333334 0.06351752777777778
1 0.2949918645833333 0.3395764537037037 0.0604641875 0.2328992037037037
1 0.33667552083333335 0.2614006203703703 0.050386458333333335 0.06677531481481482
1 0.3339271432291666 0.31188914814814817 0.05771574479166666 0.10260607407407407
3 0.3847721354166667 0.28420195370370377 0.05679947916666667 0.08631922222222223
3 0.3879783619791667 0.42426727314814816 0.07970265104166667 0.28175862037037036
2 0.44432005208333336 0.32573287037037035 0.05863177083333333 0.1205212962962963
1 0.48829401041666665 0.3021170601851852 0.0549671875 0.09934893518518519
2 0.5263131197916667 0.26384398148148147 0.05588353125 0.11074907407407407
2 0.6119705729166666 0.2353421296296296 0.05863177083333333 0.09283425925925926
1 0.46905520833333336 0.5236157407407407 0.12276041666666666 0.31758888888888887
2 0.5212744791666667 0.3827361111111111 0.08428333333333334 0.14332222222222224
1 0.6225059895833333 0.12296435185185185 0.04672239583333333 0.066775
1 0.6710606770833334 0.14983703703703705 0.050386979166666665 0.06188888888888889
1 0.7521375 0.16123796296296297 0.03664479166666667 0.0684037037037037
2 0.7663375625000001 0.27117268518518517 0.057715749999999996 0.18729722222222223
1 0.797943765625 0.205211875 0.04580628125 0.07817560185185185
1 0.8176403645833333 0.18973935185185187 0.035728645833333336 0.07328981481481482
1 0.07926513541666666 0.5765379629629629 0.05552597916666667 0.1402
1 0.06638932291666667 0.4098710509259259 0.04586927083333334 0.09298960185185186
1 0.09737130729166665 0.38555064351851853 0.024141760416666665 0.08726723148148148
2 0.578055984375 0.2511060787037037 0.07342342708333334 0.10398252777777778
1 0.48444205989583333 0.17095851388888889 0.03540772395833334 0.08726752777777778
3 0.6514796171874999 0.11559718055555555 0.036089442708333336 0.05199082407407407
