2 0.16116953125000003 0.36586883796296304 0.0588005208333333 0.08942100925925923
1 0.14522990885416667 0.5201511342592593 0.059508932291666636 0.16876574999999996
2 0.2150111432291667 0.4622165092592593 0.06588500520833333 0.18387931481481473
3 0.2754222291666667 0.562333550925926 0.08327570833333328 0.1919060092592592
3 0.31171302083333335 0.1763223425925926 0.042506249999999926 0.0755669074074074
3 0.386453125 0.13916861574074071 0.04038125000000008 0.07430760185185187
3 0.44489947916666667 0.12468508796296297 0.042506249999999926 0.06045350925925928
1 0.29400197135416667 0.3413097222222222 0.056675223958333375 0.231737962962963
1 0.33615390624999997 0.25629722222222223 0.054549479166666616 0.0717888888888889
1 0.4477330963541667 0.324307162037037 0.05809214062500002 0.13224210185185184
2 0.4849260078125 0.3016371435185185 0.05313286979166669 0.11209095370370369
2 0.5348708333333333 0.2632239722222222 0.07084375000000005 0.10831275925925928
2 0.5228273437500001 0.38224182870370377 0.07934531250000004 0.15239291666666668
1 0.6712453125 0.14987407407407408 0.05029895833333337 0.06297222222222221
1 0.7498820312499999 0.16246851851851854 0.04038072916666676 0.07808518518518517
2 0.7658218463541666 0.2670026064814815 0.05667494270833326 0.18639780555555552
2 0.8175377604166665 0.19584351851851853 0.03967239583333336 0.06423148148148151
1 0.5238901041666667 0.1618388888888889 0.0417979166666667 0.07430740740740742
1 0.12818046875 0.4408187731481482 0.058490104166666675 0.14269949074074076
2 0.5758780833333332 0.2533184351851852 0.07031241666666664 0.10177020370370371
1 0.34782902604166666 0.15542012962962964 0.03857840624999997 0.0785393703703704
3 0.6514796875 0.11449116203703703 0.03608958333333329 0.049778787037037045
1 0.5814781250000001 0.10287638888888889 0.03422291666666671 0.059734259259259265
