2 0.16329505208333334 0.36649865277777777 0.06446822916666667 0.08060471296296291
4 0.11653802083333333 0.6473551388888888 0.07013541666666664 0.20654916666666684
3 0.2731029921875 0.5585641620370368 0.08572109895833331 0.20277091666666663
3 0.31065026041666666 0.17506299074074075 0.04463177083333333 0.07556672222222223
2 0.3486683776041667 0.16010694444444445 0.035655505208333396 0.07021388888888891
3 0.44419088541666674 0.12405536111111112 0.04108906249999998 0.05919405555555558
1 0.29116796875 0.34005025 0.05242447916666668 0.22670049999999997
1 0.33650833333333335 0.2581861111111111 0.05525833333333328 0.07556666666666666
1 0.5267236979166666 0.16057934722222225 0.037547395833333455 0.07178841666666672
3 0.329778125 0.3085643518518519 0.057383333333333356 0.11586944444444451
3 0.38857838541666667 0.2854064537037037 0.06163385416666666 0.07962957407407406
1 0.3864530572916667 0.42191457407407407 0.07863659375 0.28715322222222217
3 0.441357140625 0.3463475324074074 0.06942678124999997 0.09068025000000003
1 0.5309744765625 0.2758189814814815 0.055966661458333476 0.1057935185185185
3 0.47111145833333334 0.5195213055555556 0.1261020833333332 0.3236777962962962
1 0.5812734374999999 0.10327453703703703 0.036130208333333275 0.060452777777777765
1 0.6223630208333334 0.12405555555555557 0.04604895833333321 0.06674999999999999
1 0.7502361979166667 0.16120925925925925 0.04108906250000004 0.07808518518518517
2 0.7661760677083334 0.2726699074074074 0.05738338541666674 0.1801009259259259
5 0.6471583333333334 0.12027685185185186 0.029045833333333347 0.036524074074074056
2 0.5793004531250001 0.25276542592592594 0.0647126354166667 0.10066359259259261
3 0.38951871874999994 0.14380525 0.04728964583333326 0.06858394444444445
1 0.66796875 0.14325231481481482 0.041689583333333266 0.07190277777777775
1 0.5411749270833333 0.08655212037037037 0.03943139583333336 0.0586550185185185
