2 0.16294088541666665 0.36712837962962963 0.06659322916666667 0.0944586111111111
1 0.108745359375 0.38853885185185183 0.04746553125 0.09697770370370369
1 0.12185149739583333 0.6643577453703704 0.10484908854166666 0.21788400925925927
3 0.1998915546875 0.6129238055555556 0.08948727604166667 0.1704327962962963
3 0.2750680625 0.5566750879629629 0.08398404166666666 0.20151128703703705
3 0.31171302083333335 0.17506299074074075 0.042506249999999995 0.07556672222222222
3 0.3474890625 0.15617129629629628 0.041797916666666664 0.07808518518518517
3 0.38574475520833335 0.14042843055555557 0.03613013541666667 0.07430686111111112
3 0.4445450520833333 0.12468518518518518 0.044631770833333334 0.06297222222222222
1 0.29435603125000004 0.3369016388888889 0.06021710416666667 0.23299772222222223
1 0.3357997395833333 0.2569268518518518 0.055257812499999996 0.07304814814814814
2 0.4622559895833333 0.19395462962962964 0.055966145833333335 0.09067962962962962
1 0.33721661197916664 0.31234261111111117 0.062342598958333335 0.10075559259259259
3 0.3857737057291667 0.28351756481481477 0.05602449479166667 0.08340735185185184
1 0.3875158177083333 0.42758207407407406 0.08076211458333334 0.27329933333333334
2 0.48350911458333334 0.30478575462962965 0.05029947916666667 0.10579373148148148
2 0.5263696536458333 0.2638539027777778 0.05100756770833333 0.10453400925925926
2 0.5756062239583333 0.2512595185185185 0.07155203125 0.10453385185185185
2 0.6131533854166666 0.2311083333333333 0.06163385416666667 0.08690185185185186
1 0.5621458125000001 0.35201513888888886 0.07013545833333333 0.12972287037037036
1 0.5816276041666667 0.10138518518518519 0.035421875000000005 0.06423148148148149
1 0.6248424479166667 0.12342592592592594 0.0510078125 0.06549074074074074
1 0.6712453125 0.14987407407407408 0.05029895833333333 0.06045370370370371
1 0.7505903645833334 0.16057962962962966 0.0389640625 0.0743074074074074
1 0.20761802604166668 0.46423462962962964 0.08208154166666667 0.18168814814814813
1 0.0663894140625 0.41201738425925927 0.049087838541666665 0.0886985648148148
3 0.47076189583333333 0.5221744629629629 0.12553629166666666 0.3261804074074074
3 0.6517905546874999 0.11670337500000001 0.035467567708333335 0.04977843518518519
