2 0.16294088541666665 0.3639796296296297 0.06517656249999998 0.08564259259259256
2 0.14522980208333333 0.5277077407407407 0.06942685416666666 0.14105807407407406
1 0.12433103124999999 0.6668767314814814 0.09989002083333336 0.2279593888888889
3 0.2716861692708334 0.5604536064814815 0.087138078125 0.20151091666666662
3 0.3113585937499999 0.17538760185185184 0.04463177083333338 0.07621594444444448
3 0.4438364583333333 0.12405555555555557 0.04179791666666664 0.061712962962962956
1 0.2943560859375 0.3406799768518519 0.05880032812500004 0.2279599537037037
1 0.3357997395833333 0.254408125 0.055257812499999955 0.07304773148148147
1 0.3846820312499999 0.2229217592592593 0.05242447916666671 0.09571759259259262
3 0.3404046875 0.3104532407407407 0.057383333333333356 0.10705277777777775
3 0.3860989270833334 0.2890425925925926 0.05667493749999994 0.08438333333333335
1 0.4438364583333333 0.3180103055555556 0.06305104166666667 0.129722462962963
2 0.5355791666666667 0.26448341666666664 0.07084375000000005 0.11083164814814818
2 0.5221189661458333 0.38539025462962956 0.08217873437499996 0.14105828703703707
1 0.58198203125 0.10327453703703703 0.03896406250000008 0.060452777777777765
1 0.6230713541666667 0.12153657407407407 0.047465625000000004 0.06926944444444448
1 0.7509447916666667 0.16057962962962968 0.042506250000000044 0.07430740740740742
1 0.7282747395833336 0.16687638888888884 0.05950885416666658 0.08438240740740739
2 0.7668844010416667 0.2688916666666667 0.055966718749999936 0.18513888888888883
2 0.8161208333333332 0.19521388888888888 0.04108958333333336 0.06297222222222221
2 0.481298328125 0.29811934722222233 0.052889802083333375 0.11615019444444444
2 0.5752557682291666 0.2527655694444445 0.07031242187499996 0.10287626851851851
1 0.3481401041666667 0.1565264675925926 0.03920104166666671 0.07853965740740741
