2 0.16326953125000002 0.36535879629629625 0.0631765625 0.0974287037037037
2 0.14195703125 0.5284166018518519 0.0616546875 0.1447906111111111
3 0.12330833333333334 0.6623817962962963 0.09438437499999999 0.19350433333333333
3 0.27782476562499997 0.5671622916666667 0.11721921875 0.1789801388888889
3 0.31131588541666666 0.17794305555555556 0.04262552083333333 0.074425
3 0.34899375 0.15967546296296295 0.04034166666666667 0.07036574074074074
3 0.38400703125 0.14343719444444444 0.038819270833333336 0.07036512962962962
1 0.43843046874999997 0.12381574074074074 0.047192187499999996 0.06630555555555555
1 0.5221582630208333 0.1569686527777778 0.063937640625 0.08660397222222223
2 0.46507109375 0.19012175925925925 0.062415104166666666 0.08525092592592592
1 0.5815291666666667 0.10013564814814815 0.03805833333333333 0.06495277777777778
1 0.6218705729166666 0.12110972222222222 0.04414739583333334 0.06901203703703704
5 0.6473697916666666 0.12449212962962963 0.02968541666666667 0.04059537037037037
1 0.6709658854166667 0.1468199074074074 0.04947552083333333 0.06901203703703704
2 0.7105463255208334 0.21515555555555554 0.06165422395833333 0.13802407407407408
2 0.7543132812500001 0.16373472222222224 0.03044635416666667 0.0730712962962963
2 0.7664919036458334 0.2652231481481482 0.057848484375 0.18132592592592592
2 0.8190122395833334 0.19553425925925924 0.031969270833333334 0.05818703703703704
3 0.290950859375 0.34490514814814816 0.05060901041666667 0.24867325925925926
3 0.33681510416666666 0.25304456481481485 0.054042708333333335 0.08119098148148149
1 0.37982057291666665 0.21761708796296297 0.06089322916666667 0.10333145370370371
3 0.3318673489583333 0.3142102638888889 0.05175905208333333 0.10609275
3 0.38667109375000003 0.2780783564814815 0.05175885416666667 0.09336967592592593
2 0.385529515625 0.3897157407407407 0.08296701041666667 0.24357222222222222
1 0.4838458385416667 0.3037889398148148 0.05277292708333334 0.10960750925925926
2 0.5784846354166666 0.2523680555555556 0.0791609375 0.10690092592592593
2 0.5213973958333333 0.3782138657407407 0.08068333333333334 0.15290921296296298
0 0.19029095572916666 0.6069012175925925 0.06546003645833333 0.15561569444444445
1 0.5329439661458334 0.2621679490740741 0.07280165104166667 0.10840669444444444
1 0.6107231874999999 0.2295355648148148 0.07653487499999999 0.10066405555555555
1 0.48323497916666663 0.16809727777777778 0.037821885416666666 0.07868383333333333
2 0.73579221875 0.17311950925925926 0.041689520833333334 0.08296468518518518
