3 0.123947625 0.6705712175925925 0.08976933333333334 0.20497762037037043
3 0.31172213541666666 0.17496323148148146 0.04200260416666666 0.0746709074074074
3 0.3426059895833333 0.15812592592592595 0.03459010416666667 0.07320555555555554
2 0.3870791666666667 0.15007309259259258 0.0461197916666667 0.0600295185185185
1 0.4389640625000001 0.12225509259259264 0.04941458333333338 0.06881388888888892
3 0.29072121093750003 0.3458945 0.05106174479166669 0.24669455555555556
3 0.33684114583333336 0.25475825462962964 0.054356250000000016 0.07613502777777781
2 0.3895497395833333 0.28770118981481474 0.04776718749999998 0.08638386111111108
3 0.43252359114583333 0.3308931435185185 0.05959330729166664 0.12005850925925919
1 0.5386164062500001 0.27525648148148146 0.06423906249999997 0.10248888888888891
1 0.4698481770833334 0.5241578703703704 0.12271197916666671 0.3221083333333334
2 0.5620880208333333 0.35871157407407406 0.07988645833333342 0.12591574074074072
1 0.6217973958333333 0.12079027777777777 0.044472916666666626 0.0688138888888889
5 0.6485632812500001 0.12225462962962963 0.03211927083333339 0.03660370370370369
1 0.6728585989583333 0.14641296296296297 0.05270886458333332 0.06735
2 0.7119784010416665 0.21595925925925924 0.06341507291666666 0.13909259259259263
2 0.7539807291666666 0.1595902777777778 0.027178125000000126 0.07613425925925928
2 0.7618044270833335 0.2628111111111111 0.04941406249999988 0.18008703703703707
1 0.8001007812500001 0.2049781296296296 0.04529635416666669 0.07320625925925928
1 0.15410395052083334 0.35765360185185185 0.05391605729166666 0.10300390740740739
1 0.5786781197916667 0.25110613425925926 0.06844584374999994 0.10398217592592594
2 0.7348589843750001 0.17035408796296297 0.03733411458333317 0.0752214537037037
