2 0.164357625 0.3589419861111111 0.06659308333333333 0.09068026851851853
3 0.20328935677083332 0.6272059907407408 0.07786334895833333 0.1561745740740741
3 0.27481028385416667 0.5623427638888889 0.087718484375 0.19269480555555554
3 0.3120671875 0.1763223425925926 0.04321458333333333 0.07556690740740742
2 0.3478432291666667 0.16183862962962964 0.03683854166666667 0.06926985185185186
2 0.3868072916666667 0.14357685185185184 0.042506249999999995 0.06800925925925926
3 0.44489947916666667 0.12405536111111112 0.042506249999999995 0.059194055555555555
1 0.29506452343750006 0.3406803101851852 0.058800328125 0.23047900925925927
1 0.33615390624999997 0.2569267361111111 0.05738385416666667 0.07052939814814815
3 0.38539054166666664 0.28359409722222223 0.056674833333333334 0.08104189814814815
2 0.44737882552083336 0.3230479953703704 0.06021734895833333 0.1372793240740741
2 0.48457184635416667 0.3028966805555556 0.04959056770833334 0.1171285462962963
2 0.5341625000000001 0.2632240648148148 0.07226041666666667 0.11083146296296296
2 0.6120907213541665 0.23299756481481482 0.058091859375000006 0.09319883333333334
1 0.581981875 0.10327453703703703 0.03613020833333334 0.05793425925925926
1 0.62448828125 0.12279583333333333 0.05029947916666667 0.06675092592592592
1 0.6712453125 0.14987407407407408 0.04888229166666667 0.06297222222222222
1 0.7095009817708333 0.21788414351851848 0.055966546875 0.14861458333333333
1 0.7509445937500001 0.16120909259259258 0.03967252083333333 0.07304781481481482
2 0.7661760416666666 0.2688914953703704 0.05455 0.18262002777777778
1 0.08167911458333332 0.5586551481481481 0.06840114583333333 0.17882674074074073
2 0.5758780026041667 0.25276565740740736 0.071557046875 0.10287575925925925
1 0.5257881510416667 0.16039829166666666 0.04106744791666667 0.07300897222222222
1 0.7348590078124999 0.1686947638888889 0.049778859375000005 0.08517713888888889
3 0.6524128697916667 0.11615027777777778 0.03546740625 0.05088462962962963
