2 0.17215052083333332 0.34508796296296296 0.04392291666666663 0.11586851851851855
2 0.10839088541666667 0.3935768518518518 0.05384114583333333 0.09445925925925927
2 0.14097916666666668 0.44899250462962964 0.07226041666666666 0.12468500925925925
1 0.20615554166666664 0.46347613888888883 0.06659319791666668 0.1662467222222222
3 0.31100442708333337 0.17758194444444445 0.04108906249999998 0.07808611111111113
3 0.33615390625 0.15428205092592592 0.03187968750000003 0.0692696574074074
3 0.44135703125 0.1259449074074074 0.038255729166666676 0.057934259259259276
1 0.29506458333333335 0.3387907129629629 0.05879999999999995 0.2216629074074074
1 0.33934177083333333 0.31234259259259256 0.048173958333333405 0.10579259259259256
3 0.37086744791666665 0.2745587962962963 0.04321510416666664 0.09319907407407405
1 0.49307317708333337 0.30793472222222223 0.05384114583333333 0.10957129629629639
3 0.53699609375 0.27392944444444445 0.06092552083333326 0.10201481481481484
1 0.4534005911458333 0.5006296296296296 0.08926340104166665 0.30100740740740745
1 0.6205919270833334 0.12405555555555557 0.043923437499999926 0.06423148148148149
5 0.6475124999999999 0.12153657407407407 0.02833749999999995 0.03400462962962963
1 0.752715625 0.1612087962962963 0.036130208333333275 0.07052870370370368
3 0.7998268229166666 0.20528962962962966 0.04817343750000009 0.07808555555555556
1 0.5796115703124999 0.25497778240740737 0.0640904010416668 0.10287591666666664
