2 0.16581843229166668 0.3623777777777778 0.06229646875000003 0.08957592592592595
1 0.15528292968750002 0.5162867685185185 0.07054143229166664 0.16612353703703706
3 0.31102421875 0.17422566203703707 0.04305781249999991 0.0741150462962963
2 0.3490432291666667 0.1620522361111111 0.040309374999999946 0.07328965740740741
3 0.3875203125 0.14576527777777779 0.043973958333333306 0.06351759259259258
3 0.44386171875 0.1254074074074074 0.04305781249999991 0.06514629629629633
1 0.335759375 0.2548858240740741 0.052218749999999994 0.07654757407407407
1 0.52081640625 0.15879490740740745 0.041225520833333404 0.07328981481481486
1 0.3366755208333333 0.3118893518518518 0.061380208333333346 0.10586388888888891
3 0.3856880208333333 0.28583055555555553 0.05679999999999996 0.08957592592592595
2 0.3833979140625 0.4210098842592592 0.07420625520833338 0.2850160648148148
1 0.48188119531250007 0.30700324074074076 0.04580635937500007 0.11237870370370373
1 0.5318098958333334 0.27442962962962963 0.052218749999999994 0.1091203703703704
2 0.5766999921875 0.2540716435185185 0.07054168229166666 0.10423449074074077
1 0.51715184375 0.37785010185185186 0.08519947916666659 0.1530945740740741
1 0.5771578125 0.10179166666666667 0.04030937500000012 0.06351851851851854
5 0.6490736979166667 0.12214953703703701 0.032064062499999935 0.039087962962962956
1 0.6692283854166665 0.14820833333333333 0.04855468750000007 0.06840370370370367
1 0.708621875 0.21579814814814816 0.05588333333333324 0.1416944444444445
2 0.7654214296874999 0.26954398148148156 0.05771577604166668 0.18729722222222223
1 0.7988598958333334 0.20358320833333335 0.04030937500000012 0.07491826851851853
1 0.8185566536458334 0.19462546296296296 0.02656747395833321 0.06677500000000004
1 0.6223630208333334 0.12279583333333333 0.04604895833333321 0.06675092592592592
1 0.08087444791666668 0.5779685231481482 0.060354104166666665 0.1402002870370371
1 0.1365803984375 0.43473472222222226 0.05911211979166668 0.1482305555555555
4 0.4392974713541667 0.34015494444444444 0.068445984375 0.08517714814814813
1 0.5117880026041667 0.22179218981481483 0.042934411458333405 0.08738969444444443
3 0.2820546874999999 0.34120155555555554 0.04747812500000001 0.22174503703703707
2 0.7413925182291669 0.18418134722222218 0.042933994791666784 0.05199100925925927
