2 0.1630674479166667 0.3623717592592593 0.06753281250000001 0.09223981481481482
2 0.14041901041666668 0.525622337962963 0.0584734375 0.14934097222222223
3 0.124359375 0.6625184074074073 0.09553437499999999 0.19765718518518519
3 0.27424963281250003 0.5702781851851851 0.10706442187500001 0.18008785185185186
3 0.3113104166666666 0.17715925925925927 0.04282604166666667 0.07906296296296297
3 0.35042994791666665 0.15812592592592595 0.037060937499999995 0.07320555555555555
3 0.3850200520833333 0.14202037037037038 0.0387078125 0.06735
1 0.43855234375 0.12079074074074075 0.048591145833333335 0.07759814814814815
3 0.56126484375 0.07613472222222223 0.03211927083333333 0.0644212962962963
3 0.29113463802083334 0.3451625555555556 0.050241453124999995 0.24815844444444446
3 0.33684114583333336 0.25036600462962966 0.05435625 0.08199126851851851
1 0.48590767968750004 0.17130307407407408 0.044473078125 0.09077598148148149
1 0.51802696875 0.1595900648148148 0.05435602083333334 0.0937042037037037
1 0.6213854166666667 0.1215226851851852 0.043648958333333335 0.06734907407407408
5 0.6473278645833334 0.12371851851851853 0.0280015625 0.03953148148148149
1 0.6712114583333334 0.14787685185185184 0.04941458333333334 0.07027777777777779
2 0.70991953125 0.21303078703703704 0.060944270833333335 0.13323564814814814
2 0.7543924479166667 0.16617870370370372 0.032943229166666664 0.07467037037037037
2 0.7671578125 0.26939952314814813 0.06012083333333333 0.1727675648148148
2 0.81904296875 0.19838981481481482 0.03211927083333333 0.0629574074074074
3 0.3345315104166666 0.31055475925925924 0.058609895833333335 0.10960766666666666
3 0.39123828125 0.28083110185185184 0.05023697916666667 0.07993072222222222
2 0.46507114843749997 0.1907986111111111 0.06241521354166667 0.08931018518518519
2 0.38552940104166666 0.3890388888888889 0.08448911458333333 0.23951296296296296
1 0.48491815364583335 0.303112287037037 0.051872765625 0.11366716666666667
1 0.5777234374999999 0.2516915416666667 0.07763854166666667 0.10554789814814815
2 0.5210166666666667 0.38159673611111106 0.08144479166666667 0.1461434722222222
2 0.5644028645833333 0.35791620370370375 0.07992239583333333 0.1366712962962963
1 0.07926506770833333 0.5593704537037038 0.06196361458333333 0.1773961296296296
1 0.6104120885416666 0.22953524537037037 0.07342373958333333 0.10287580555555555
1 0.3806330625 0.2153075324074074 0.06276820833333334 0.10729604629629629
