1 0.14226796875 0.4515188981481481 0.0716265625 0.12032668518518519
1 0.14358199218749998 0.5268690185185185 0.046655807291666664 0.15887877777777779
3 0.31114921875 0.1758179861111111 0.04271302083333333 0.07593412037037037
3 0.33710572916666665 0.1571263888888889 0.03417083333333334 0.06425277777777778
3 0.4409317708333333 0.12792037037037038 0.03679895833333333 0.057242592592592595
1 0.29472109375 0.3386394814814815 0.0597984375 0.2240085925925926
2 0.5224153645833334 0.15712638888888888 0.044684895833333335 0.08528055555555555
1 0.3870473125 0.4310747638888889 0.07754088541666666 0.308411212962963
3 0.431075 0.32768703703703705 0.057827083333333335 0.12032777777777778
1 0.4902161458333333 0.3019861111111111 0.05914166666666667 0.10163518518518519
1 0.5358864583333334 0.26869166666666666 0.0611125 0.1028037037037037
1 0.453088375 0.5023362824074075 0.08871179166666666 0.30140219444444444
1 0.5785994791666665 0.10221944444444443 0.03614166666666666 0.06658888888888889
1 0.6232843750000001 0.12149537037037038 0.049284375000000005 0.0677574074074074
5 0.6472692708333334 0.12207962962962964 0.028913541666666667 0.03621481481481482
1 0.66731171875 0.14252361111111111 0.04271302083333333 0.07710277777777778
1 0.7550380208333334 0.16004675925925926 0.04205625 0.06775648148148149
2 0.7668662786458335 0.26985961574074074 0.056512765624999996 0.1752340462962963
3 0.8008145130208334 0.20210277777777777 0.04161131770833334 0.0700925925925926
1 0.578678125 0.25276556944444445 0.0647125 0.10287626851851851
1 0.6975248411458334 0.13219030092592593 0.038578442708333334 0.07190273148148148
