2 0.10909947916666667 0.3897983888888889 0.05384166666666667 0.0894208518518519
2 0.13956223958333333 0.4521412037037037 0.07509427083333334 0.11838796296296294
1 0.2058013020833333 0.4591320416666667 0.07155260416666666 0.1575585277777777
3 0.3117127604166667 0.17758148148148148 0.03967239583333336 0.07556666666666666
3 0.33686223958333333 0.1536523148148148 0.03046302083333329 0.06549166666666666
3 0.44064869791666667 0.12468518518518515 0.036839062500000054 0.0554148148148148
1 0.2915222317708333 0.3406802777777778 0.05313261979166661 0.2204027777777778
1 0.33544557291666677 0.2481111111111111 0.047465104166666744 0.08564259259259262
3 0.36945052083333335 0.2739296296296297 0.04321458333333332 0.08942037037037039
2 0.44135703125 0.3306045648148148 0.05809218750000002 0.11209061111111111
1 0.49484401041666665 0.30163703703703704 0.05171614583333337 0.10201481481481481
3 0.5366419270833334 0.2733 0.05880052083333324 0.09823703703703701
1 0.4534005390625 0.501259625 0.09068017187499997 0.3073044351851852
1 0.62094609375 0.12405555555555557 0.04463177083333321 0.06423148148148149
5 0.6475125 0.12153657407407407 0.029754166666666748 0.03904351851851855
1 0.7512989583333333 0.1618388888888889 0.036130208333333275 0.06675000000000003
3 0.7978754166666667 0.20277083333333334 0.04427062500000005 0.0730472222222222
1 0.56330471875 0.3483545925925926 0.10139485416666669 0.14163129629629634
1 0.5799225078125 0.25497778240740737 0.06471227604166678 0.10287591666666664
1 0.4888679296875 0.16738179166666667 0.03138393229166662 0.08297530555555555
