2 0.16441145833333334 0.3633289259259259 0.06546041666666666 0.09878192592592593
1 0.06507952864583334 0.40933674999999997 0.046430932291666664 0.0933697962962963
2 0.14157630208333333 0.531123162037037 0.06545989583333334 0.15290928703703704
3 0.1236890625 0.6617051481481482 0.09362291666666667 0.19756400000000002
3 0.2789665104166667 0.5717185046296296 0.11493572916666667 0.17726663888888888
3 0.31093541666666663 0.17658981481481484 0.043386458333333336 0.07713148148148148
3 0.29054839583333336 0.3427592222222222 0.0498045 0.2443814074074074
3 0.3360536458333333 0.25101499537037036 0.054042708333333335 0.07983739814814815
3 0.3505158854166667 0.15696898148148147 0.03729739583333334 0.0730712962962963
1 0.4376692708333333 0.12246296296296295 0.04566979166666667 0.06630555555555555
1 0.5191136666666667 0.15832222222222223 0.05632611458333334 0.09201666666666666
3 0.3299643229166666 0.31258458796296296 0.04947552083333333 0.10825436111111111
2 0.3912380208333333 0.28890389814814815 0.04566979166666667 0.08525038888888889
2 0.38514869791666667 0.38768585648148146 0.08220572916666667 0.23680689814814815
1 0.48371953125 0.3017592592592592 0.04795364583333333 0.11096111111111111
2 0.5773427083333332 0.25169120370370374 0.07535520833333333 0.10284166666666666
2 0.5621192708333334 0.3562231759259259 0.07535520833333333 0.12017166666666668
1 0.5796263020833333 0.10148842592592593 0.034252604166666666 0.06495277777777778
1 0.6218708333333333 0.12110972222222222 0.04566979166666667 0.06630648148148148
5 0.6477502604166666 0.12178611111111111 0.028924479166666666 0.03247592592592592
1 0.6705854166666667 0.14479027777777778 0.04871458333333333 0.0730712962962963
2 0.7105463255208334 0.21650863425925923 0.06165422395833333 0.13802467592592593
2 0.7531716145833334 0.16373485648148148 0.031207812499999998 0.0730715648148148
1 0.8182510416666667 0.1914254814814815 0.030446874999999998 0.06350096296296297
1 0.380633046875 0.2153075324074074 0.06115880208333333 0.10729604629629629
1 0.48283257291666665 0.168812375 0.03862652083333333 0.08297525
