2 0.16263880208333334 0.36331778703703704 0.06111302083333334 0.08644853703703703
1 0.105140296875 0.3855141296296296 0.03548503125 0.10747640740740741
2 0.21126612760416666 0.45093462500000003 0.062427119791666666 0.16588776851851852
4 0.11663984375000001 0.6507009259259259 0.0689984375 0.20794444444444446
3 0.2733645286458334 0.5724300925925926 0.086740734375 0.23364537037037036
3 0.3108208333333334 0.17640193055555556 0.04205625 0.07242978703703704
2 0.35024817708333333 0.1588787037037037 0.03811302083333334 0.0677574074074074
3 0.44356015625 0.12441576851851853 0.04205572916666667 0.05957968518518518
1 0.2943926119791667 0.3405373657407407 0.05782727604166667 0.22546732407407408
1 0.33612005208333334 0.25642525925925924 0.05454114583333333 0.07126162962962963
3 0.3390770833333333 0.30957962962962965 0.05914166666666667 0.1028037037037037
3 0.38573281249999997 0.28504675925925926 0.057827083333333335 0.08411203703703703
1 0.4425744791666667 0.3452104166666667 0.06636979166666666 0.0852800925925926
2 0.5368721354166667 0.2751166666666666 0.06965572916666667 0.11799074074074074
3 0.47050234374999994 0.5221962962962963 0.12354010416666666 0.3177574074074074
2 0.52208671875 0.383761462962963 0.08214114583333335 0.14602848148148148
1 0.62295546875 0.12207962962962964 0.04731302083333333 0.06658888888888889
1 0.75175234375 0.16004675925925926 0.0341703125 0.07243055555555555
2 0.76752340625 0.2704435185185185 0.05782702083333333 0.1834111111111111
1 0.20520385677083333 0.6359086064814815 0.09012874479166667 0.17882723148148147
2 0.5757779505208334 0.2539342962962963 0.068401390625 0.1044351111111111
