2 0.16444424479166664 0.36156361574074075 0.06504484375 0.09120500925925927
3 0.06654948697916667 0.5094704351851852 0.05745519270833333 0.14271864814814816
1 0.15482500000000002 0.5154722222222222 0.075121875 0.14169444444444446
3 0.12321848958333333 0.6636806388888888 0.0943609375 0.1970686851851852
3 0.2743791666666667 0.5692181435185186 0.103521875 0.15472332407407408
3 0.3117010416666667 0.1349974861111111 0.03298854166666667 0.06684762037037037
3 0.3104325520833333 0.17669212962962963 0.04229322916666667 0.07669166666666667
1 0.34934218750000007 0.15789482407407407 0.037217708333333335 0.07218027777777777
3 0.38613723958333335 0.14285696296296296 0.0431390625 0.06616577777777778
1 0.44492473958333334 0.12481203703703704 0.04229322916666667 0.06015
3 0.29010314322916664 0.3458625833333333 0.05069500520833334 0.2496196111111111
3 0.33623125 0.25413564814814815 0.05159791666666667 0.07819537037037036
3 0.3861372395833333 0.28646631018518515 0.05836510416666667 0.08872150925925926
3 0.3353854166666667 0.3105263888888889 0.061747916666666666 0.1067675925925926
3 0.38782883333333334 0.4248118888888889 0.08035691666666667 0.2842108148148148
1 0.444924703125 0.309774537037037 0.06259419791666666 0.13533796296296297
1 0.5798403645833333 0.10075185185185186 0.03975572916666667 0.06616481481481482
1 0.62340234375 0.12180416666666666 0.04736822916666667 0.06917314814814814
5 0.646240625 0.12255648148148147 0.030451041666666668 0.037594444444444444
1 0.6695018229166666 0.14887222222222224 0.0482140625 0.06917222222222222
1 0.7511278645833334 0.15563935185185188 0.03383489583333333 0.06766944444444445
1 0.7622643463541666 0.26992453703703706 0.052724526041666664 0.18195462962962963
1 0.8039945312500001 0.20751898148148148 0.04144739583333333 0.06917314814814814
1 0.8230546249999999 0.19940725 0.027010541666666665 0.05832809259259259
1 0.51531953125 0.15635185185185183 0.0485546875 0.08143333333333333
1 0.08208154166666667 0.5743919907407409 0.06115879166666667 0.1502145925925926
1 0.13438847916666669 0.44206015277777777 0.04989283333333334 0.13161673148148148
1 0.5633046979166667 0.35479271296296294 0.07564372916666667 0.12017198148148149
1 0.5307660390625 0.26050884722222223 0.063467921875 0.10066371296296296
1 0.5774335338541667 0.2522123287037037 0.075912421875 0.10176978703703704
5 0.7420145885416666 0.18196884722222223 0.04168957291666667 0.04756600925925926
