1 0.16430266666666668 0.3572474027777778 0.060120708333333335 0.11127371296296297
1 0.06568203645833333 0.4070277777777778 0.04406511458333333 0.10541666666666666
1 0.15894947916666666 0.5183015231481481 0.06753333333333332 0.1756956388888889
1 0.08112182552083333 0.5612735972222223 0.061767807291666664 0.1650064537037037
3 0.121888625 0.6742311481481482 0.09553420833333333 0.18008822222222223
3 0.2705434817708333 0.5710103518518519 0.09635782812499999 0.172767
3 0.4714952942708333 0.521962037037037 0.12435933854166666 0.32357222222222226
1 0.438140625 0.12298657407407408 0.0362375 0.06149351851851852
3 0.31089843749999996 0.17642731481481483 0.042002083333333336 0.07759907407407407
3 0.3450768307291667 0.1559296296296296 0.03459011979166667 0.07467037037037037
3 0.2882502421875 0.34041018518518523 0.04941409895833333 0.2415814814814815
3 0.33684114583333336 0.25329398148148147 0.052708333333333336 0.07320648148148148
1 0.37966692708333327 0.22108330555555555 0.059297395833333336 0.09956105555555556
2 0.33189966145833333 0.30966343055555556 0.04282567708333333 0.10395278703703703
2 0.39037347135416667 0.2877011898148148 0.052708401041666665 0.0863838611111111
3 0.43200203125 0.33382116203703704 0.05690302083333333 0.12005899074074075
1 0.48508437499999996 0.3030747638888889 0.05106145833333333 0.11127360185185185
1 0.5365575520833333 0.27159607870370367 0.06341510416666667 0.10688104629629629
2 0.5760888020833334 0.25329439814814814 0.07000364583333334 0.1024887962962963
2 0.61067890625 0.2298684074074074 0.0749453125 0.10248866666666666
2 0.5209096354166667 0.3806734259259259 0.08153385416666666 0.1493412962962963
1 0.5645591145833333 0.3572475185185185 0.07659218749999999 0.1288431851851852
1 0.6213854166666667 0.12079074074074075 0.043648958333333335 0.0717425925925926
5 0.647328125 0.12005833333333335 0.031295833333333335 0.03513888888888889
1 0.66750546875 0.14714508796296297 0.045296354166666664 0.07174202777777779
1 0.7004484375 0.13909212962962964 0.04035520833333333 0.06149351851851852
2 0.7329795963541667 0.17203518518518518 0.04447309895833333 0.07759814814814815
2 0.76509871875 0.27013194444444444 0.0592974375 0.18301574074074076
2 0.81821928125 0.19137141666666665 0.0354135625 0.0680075
1 0.5077434348958333 0.22123909259259258 0.04231208854166667 0.08849588888888889
