2 0.16296744791666662 0.3627336481481481 0.06439843750000002 0.09228972222222219
2 0.1455533671875 0.5216123287037036 0.07162659895833336 0.1507005833333333
4 0.11926848958333333 0.6647194444444444 0.07556927083333331 0.1822425925925926
3 0.20206640625000005 0.6203271805555557 0.08082656250000003 0.16588769444444448
3 0.2740216145833333 0.5578270462962963 0.08805468749999996 0.19743001851851852
3 0.31082057291666665 0.1769858935185185 0.04337031249999998 0.07593475000000001
2 0.34926276041666665 0.15887850462962963 0.03482760416666662 0.06775700925925926
3 0.4452028645833333 0.12441620370370372 0.044027604166666616 0.06191574074074075
1 0.2914355807291667 0.34112147685185185 0.051913213541666656 0.22663554629629626
1 0.33579166666666665 0.2558413148148148 0.053884374999999984 0.07476596296296299
1 0.5240580729166667 0.1635513888888889 0.042713020833333344 0.07476574074074076
3 0.33907709895833343 0.3101636574074073 0.057827114583333325 0.10397175925925929
3 0.38573281249999997 0.2885514027777778 0.057827083333333286 0.08878504629629626
1 0.44126015625000004 0.3417055555555556 0.06768385416666665 0.08294444444444449
1 0.5365434895833333 0.2751170185185185 0.06899843749999987 0.11331737037037036
3 0.47050234374999994 0.5245324074074074 0.12091093750000007 0.3154203703703704
2 0.5224153645833334 0.38317734722222224 0.0801692708333333 0.14486025
1 0.5398291666666667 0.0905375 0.03614166666666675 0.052569444444444446
1 0.5812281249999998 0.10338796296296297 0.034828125000000064 0.05957962962962961
1 0.6236127604166666 0.12207950925925926 0.04862760416666667 0.06658864814814812
1 0.75043828125 0.1606310185185185 0.03942760416666668 0.07593425925925924
2 0.7675234895833333 0.26869166666666666 0.05651260416666659 0.1845796296296296
2 0.5757779322916666 0.2539342962962963 0.07001080208333335 0.10443511111111113
