3 0.13637425781249998 0.42695193981481483 0.05880059895833333 0.13602054629629629
2 0.2114690104166667 0.45088140740740745 0.058800520833333335 0.17128503703703704
2 0.2834041770833334 0.5447106481481482 0.1091573125 0.20780833333333332
3 0.30994166666666667 0.17758148148148148 0.041797916666666664 0.07556666666666666
2 0.38397369791666663 0.14546602314814816 0.04675677083333333 0.06675056481481481
3 0.44064869791666667 0.12216610648148148 0.0368390625 0.06549147222222222
1 0.2954186458333333 0.34382868055555554 0.058091666666666666 0.23677587962962962
3 0.3882242421875 0.2613351759259259 0.05384119270833333 0.11460924074074073
1 0.5362876041666667 0.2732998148148148 0.06375937500000001 0.10831296296296296
2 0.6106739583333334 0.2355165462962963 0.06375937500000001 0.08816087037037038
1 0.45446309114583333 0.4993700833333334 0.09138840104166666 0.3060457222222222
1 0.623425625 0.12279583333333333 0.046757291666666666 0.06675092592592592
5 0.6475127604166667 0.1227962962962963 0.031171354166666665 0.03652407407407407
2 0.7332335937500001 0.17254444444444444 0.03825572916666666 0.07556666666666666
2 0.7665302864583334 0.2707805555555555 0.05809182291666667 0.1763222222222222
1 0.5592810807291666 0.34835456481481486 0.09012882812499999 0.14163135185185186
2 0.5796114713541667 0.2549777824074074 0.066579140625 0.10287591666666668
1 0.46432413020833335 0.19313325 0.06276805208333333 0.0829760925925926
1 0.3481401614583333 0.15652632407407407 0.03422280208333333 0.07632698148148148
3 0.31424375000000004 0.14306157407407408 0.03943125 0.05436388888888889
