2 0.16444426562499997 0.3631920324074074 0.06138019791666668 0.09446223148148147
3 0.06779296875 0.508557037037037 0.06229635416666666 0.14740666666666663
2 0.13558645833333335 0.4423186990740741 0.05313541666666664 0.13499504629629633
2 0.13925076041666665 0.5309445416666667 0.058631812500000005 0.15309463888888886
3 0.12413477343750001 0.666938111111111 0.09619299479166664 0.19055374074074075
3 0.27575338541666666 0.570032513888889 0.10443802083333331 0.14983725000000006
3 0.3105658854166667 0.13762222222222223 0.032980729166666715 0.07003333333333334
3 0.31056614583333336 0.17752407407407408 0.042141666666666626 0.07817592592592591
1 0.3481270833333333 0.15879490740740745 0.0366447916666667 0.07328981481481486
2 0.3875203125 0.1490226851851852 0.043973958333333306 0.05700277777777779
3 0.44386209374999996 0.12459304629629628 0.041225812499999986 0.06026016666666668
2 0.4626424479166667 0.18973934722222222 0.058631770833333326 0.08306202777777777
1 0.5203583333333334 0.1653096064814815 0.04214166666666668 0.07328958333333331
1 0.3334690104166667 0.311075 0.05863177083333338 0.10749259259259258
3 0.38614609375 0.2842023148148148 0.0577161458333333 0.08306203703703703
2 0.5075326979166666 0.21824126851851855 0.04397418749999999 0.09120475925925925
1 0.3875202994791666 0.4258959537037037 0.08061877604166666 0.281758574074074
3 0.43149423697916667 0.33876200000000006 0.05130305729166658 0.09772029629629633
1 0.4829198776041667 0.3029319444444445 0.053380380208333376 0.11074907407407411
1 0.5382228307291667 0.28013009259259253 0.06687725520833349 0.10749166666666662
2 0.52081640625 0.3811074537037037 0.07970260416666661 0.153094537037037
1 0.6229640624999999 0.12296435185185185 0.049470833333333415 0.07003240740740745
5 0.6463252604166667 0.12296388888888887 0.030231770833333373 0.037459259259259234
1 0.6696864583333332 0.1490226851851852 0.04763854166666673 0.0700324074074074
2 0.7099959947916666 0.21905528703703706 0.06229655208333339 0.14495131481481474
1 0.7571763359375 0.16286658796296297 0.03756100520833326 0.07166095370370369
2 0.7658794687500001 0.271987037037037 0.06229643749999987 0.18566851851851854
1 0.8181634453125 0.19869725462962962 0.02944564062500016 0.05863154629629629
1 0.08288619791666667 0.573676851851852 0.06115885416666667 0.14592222222222234
1 0.5633046953124999 0.35407718981481484 0.074034390625 0.12446363888888888
1 0.5802336822916667 0.2538716805555556 0.07280143749999984 0.10508849074074073
3 0.2840666302083334 0.339771287037037 0.04667403125000001 0.23605187037037031
3 0.33476403906249996 0.2553646851851852 0.0531114114583333 0.07868359259259262
5 0.7398368854166667 0.18252208796296296 0.03982310416666657 0.04867249074074077
3 0.56290234375 0.08082975 0.03299322916666654 0.0586552037037037
