1 0.10678281250000002 0.37733657407407406 0.049284375000000005 0.11214907407407407
1 0.14226796875 0.45210269444444445 0.0716265625 0.1191590925925926
1 0.142925 0.523364537037037 0.04534166666666666 0.1635512962962963
3 0.3371057239583333 0.15595794444444447 0.03022780208333333 0.06658877777777777
3 0.440603125 0.12441574074074074 0.03614166666666666 0.059579629629629635
1 0.4944875 0.17406574074074072 0.03877083333333333 0.09579444444444445
1 0.3449912708333333 0.3119159722222222 0.05914141666666666 0.10046712962962963
3 0.37160468750000003 0.2739485787037037 0.04139895833333333 0.09228974999999999
1 0.5036872395833333 0.21904212962962963 0.04928489583333333 0.09696203703703703
3 0.4284463541666667 0.3259345787037037 0.053884375 0.11214952777777777
1 0.48923046875 0.3031541666666667 0.06111302083333334 0.10163611111111111
1 0.5365434895833334 0.2710282407407408 0.0624265625 0.10513981481481481
1 0.45275989322916665 0.5035046574074075 0.09068333854166667 0.30140190740740735
1 0.6219700520833334 0.12266342592592594 0.046655729166666667 0.06775648148148149
5 0.6479263020833332 0.1232476851851852 0.030227604166666665 0.038550925925925926
1 0.6699401041666666 0.1431074074074074 0.04796979166666667 0.07593518518518519
1 0.7533951093749999 0.16238317592592594 0.030885010416666667 0.07476635185185185
1 0.7688377421875 0.26460281481481485 0.059141109374999994 0.18341118518518518
3 0.7984407994791667 0.20035046296296294 0.04474930729166667 0.068925
1 0.204801609375 0.46280413425925926 0.07001051041666666 0.17310469444444443
1 0.1581275703125 0.35264650462962965 0.055525973958333336 0.10729587962962962
1 0.5604883125 0.352646787037037 0.10702766666666667 0.1416306111111111
1 0.5774335885416667 0.2538717638888889 0.06595678125 0.10066387962962962
1 0.7018806510416666 0.13108396296296296 0.04853453125 0.07190244444444445
1 0.58020390625 0.10014305555555555 0.0370171875 0.06294722222222222
