2 0.16307005208333336 0.36156342592592594 0.05679947916666667 0.09120462962962961
3 0.06550286458333333 0.505700462962963 0.057716145833333315 0.13517870370370375
1 0.21849557291666669 0.4543976203703704 0.08519947916666665 0.17915264814814807
3 0.2752953125 0.5692182407407407 0.10352187499999997 0.15146579629629622
3 0.30964973958333336 0.1359935185185185 0.032980729166666715 0.0667759259259259
2 0.3481270833333333 0.16205231481481483 0.0366447916666667 0.0700324074074074
2 0.38339765625 0.14657962962962962 0.03939322916666666 0.058631481481481486
3 0.44386171875 0.12459305555555554 0.04305781249999991 0.0602601851851852
3 0.282166125 0.34364819444444444 0.0458061875 0.2280130555555555
2 0.38385585677083334 0.22556981481481478 0.05313516145833326 0.10260629629629626
1 0.3343851302083333 0.3314330601851851 0.0586318229166667 0.15146612037037027
3 0.3852302083333334 0.28583055555555553 0.05771562500000004 0.08306111111111118
1 0.5203583333333334 0.16205231481481483 0.04214166666666668 0.0700324074074074
2 0.5075328125000002 0.22149815277777782 0.043973958333333306 0.09446297222222223
1 0.3875202994791666 0.42671018518518516 0.08061877604166666 0.28012962962962973
3 0.43195229947916663 0.3371333333333334 0.05221918229166664 0.094462962962963
1 0.4841713541666667 0.30293181944444436 0.050386458333333314 0.10749141666666662
1 0.5382229166666667 0.2760583333333333 0.06687708333333345 0.10260555555555555
2 0.5212744791666667 0.38029310185185183 0.08245104166666663 0.1547232407407407
1 0.5629580729166667 0.3566773148148148 0.0760380208333333 0.12052129629629625
1 0.6229640624999999 0.12215 0.04763854166666673 0.06840370370370373
5 0.6481575520833334 0.12133518518518518 0.032064062499999935 0.037459259259259234
1 0.6687703125 0.14739398148148147 0.04947083333333329 0.0700324074074074
1 0.7535117187499999 0.16042361111111111 0.033896354166666615 0.0700324074074074
2 0.7654214166666667 0.26791527777777785 0.05954804166666664 0.18729722222222223
1 0.8002341145833332 0.20276898148148148 0.04122552083333334 0.07654722222222218
1 0.8194727656249999 0.19625416666666667 0.03023198958333341 0.06677500000000004
1 0.1335837734375 0.4413448148148148 0.04989286979166665 0.13590851851851854
1 0.06598710416666667 0.40987139814814816 0.045064333333333345 0.09871275925925926
2 0.5796114348958333 0.2544248287037037 0.07404588020833328 0.10619478703703701
1 0.6079230885416667 0.23064140740740743 0.07342361458333334 0.10730051851851855
4 0.3359710937500001 0.25608005092592595 0.05230677083333332 0.0715306388888889
3 0.3108061614583333 0.17588502777777776 0.04168976041666674 0.07079661111111112
5 0.7367257317708334 0.18030972222222222 0.04604521354166676 0.04867314814814815
