2 0.16294088541666665 0.3740550925925926 0.07367760416666667 0.08312314814814814
1 0.10697426562499998 0.3888239074074074 0.043923343749999996 0.09502744444444444
3 0.07332317708333334 0.4741813194444445 0.06588489583333333 0.13476078703703703
3 0.14381276041666666 0.44899241203703705 0.06659322916666667 0.12216630555555555
1 0.14381302083333333 0.5264482083333334 0.05100729166666666 0.16120937962962964
1 0.2111147213541667 0.4609567592592593 0.073677359375 0.18136018518518518
3 0.2689019921875 0.5724182361111111 0.091487859375 0.1725438796296296
1 0.31135885416666664 0.1782115740740741 0.041797916666666664 0.07934537037037037
2 0.3496143229166666 0.15491203703703704 0.03471302083333334 0.07556666666666666
2 0.387515625 0.14609555555555556 0.04108958333333333 0.06549074074074074
1 0.44135703125000003 0.11964768518518516 0.03967239583333334 0.06801018518518517
1 0.2957730130208333 0.33816111111111113 0.061634182291666666 0.2204037037037037
2 0.386453125 0.2216622824074074 0.051715625 0.1007560462962963
1 0.5214106145833334 0.16120925925925925 0.04533997916666667 0.08564259259259259
2 0.3404046875 0.30982361111111106 0.05455 0.09319907407407407
1 0.38609899479166665 0.4357680555555556 0.08217909375 0.3073046296296296
3 0.4466703125 0.32871530555555556 0.06730208333333333 0.10579357407407407
1 0.5373503671875 0.2745591064814815 0.06021740104166667 0.10327437962962964
2 0.5564783854166666 0.35264495370370375 0.0885546875 0.1335010185185185
1 0.5816278645833334 0.10327453703703703 0.0368390625 0.05793425925925926
1 0.6202375 0.12342592592592594 0.041797916666666664 0.06549074074074074
5 0.6478669270833334 0.12342592592592594 0.030463020833333333 0.04030185185185185
1 0.6666404869791667 0.1505037037037037 0.048173682291666665 0.06171296296296297
1 0.7002911458333334 0.13413101851851852 0.04321458333333333 0.06675092592592592
2 0.7105635026041666 0.21851405092592593 0.06517611979166667 0.14231699074074072
2 0.7346505208333334 0.17065462962962963 0.046757291666666666 0.07682592592592592
1 0.7959304036458333 0.20528935185185185 0.044631640625 0.08060462962962962
1 0.08328872395833334 0.5793992083333334 0.04908817708333334 0.14306137962962964
1 0.48627624218750004 0.30420359259259255 0.035467307291666667 0.09955762962962962
1 0.5741683645833333 0.2539342962962963 0.06035389583333333 0.1044351111111111
1 0.49934326822916664 0.16869454166666667 0.059112421875 0.06747758333333333
1 0.7522815104166667 0.16039843518518518 0.0248890625 0.07522164814814815
