2 0.16294088541666665 0.3608310185185185 0.059508854166666666 0.09697685185185187
2 0.21146890364583334 0.4596976203703704 0.06021740104166667 0.17884153703703706
2 0.2833752838541666 0.5516372175925924 0.10909943229166665 0.21410591666666662
3 0.31135854947916664 0.13602009722222222 0.03329644270833333 0.07052908333333334
3 0.31065026041666666 0.17632225000000004 0.04038072916666664 0.07304820370370368
2 0.34784322916666677 0.15869027777777775 0.03683854166666662 0.07304722222222221
1 0.29718978385416667 0.33816108333333333 0.06163397395833335 0.22292216666666662
1 0.3357997395833333 0.258816 0.05384114583333333 0.0768264444444444
1 0.3396961666666666 0.31423186574074075 0.044631624999999946 0.09445817592592584
3 0.38539062500000004 0.28337518055555555 0.05667500000000002 0.07556702777777778
1 0.38751586979166663 0.423173611111111 0.07934534375000002 0.28463425925925917
4 0.4395859375000001 0.33683788425925926 0.06730208333333329 0.09181095370370373
1 0.49413567708333334 0.3041564814814815 0.05313281250000005 0.10201481481481481
1 0.5359333333333332 0.27141018518518517 0.06305104166666678 0.09949629629629632
2 0.55364453125 0.3520152777777778 0.08288697916666662 0.1322416666666667
1 0.5830447916666667 0.10390416666666666 0.04108958333333336 0.059193518518518506
1 0.62448828125 0.12342546296296296 0.05029947916666669 0.06801018518518516
1 0.7512986979166667 0.16183881481481485 0.03754739583333328 0.0743072592592593
2 0.7672386197916665 0.26826177314814814 0.056675156250000094 0.18136058333333335
5 0.6482210937499999 0.12153657407407407 0.026920312499999946 0.036523148148148145
1 0.2048014453125 0.6266092361111111 0.09576169270833332 0.188840787037037
2 0.5786780963541667 0.2527654861111111 0.06595685937499998 0.10066371296296295
2 0.7351701432291667 0.16924771759259258 0.04542325520833342 0.0818582685185185
