2 0.16347890625 0.3682287037037037 0.0634151041666667 0.0951685185185185
2 0.1515375 0.5278184305555556 0.08235729166666667 0.1625183425925926
3 0.12271223958333334 0.6639824166666668 0.09388697916666669 0.1976574259259258
2 0.282485359375 0.5614933425925926 0.10871157291666664 0.19472927777777782
3 0.31254557291666674 0.17862407407407407 0.043649479166666616 0.07906296296296297
3 0.3413708333333333 0.15885787037037036 0.035413541666666624 0.07174166666666666
3 0.43896406250000003 0.12298657407407408 0.03623750000000001 0.06149351851851852
3 0.29113281249999995 0.3408707083333333 0.04859062499999999 0.23957474999999998
3 0.33642924218750003 0.25841868055555556 0.053532442708333385 0.07467069444444442
1 0.5225568203125001 0.15592962500000002 0.06506240104166677 0.08345554629629631
2 0.3924322578124999 0.28989738425925926 0.04694368229166669 0.09077625000000003
2 0.38543177083333335 0.385797875 0.08400416666666667 0.2386531574074074
3 0.4319638333333333 0.32650052314814815 0.05847349999999996 0.1317711759259259
1 0.4859077265625 0.3016101851851852 0.0494144114583334 0.11420185185185182
1 0.5382046875000001 0.2752560416666667 0.06670937500000011 0.10541763888888887
2 0.6115026041666667 0.22913612037037037 0.07494479166666655 0.10688149999999999
3 0.4694361979166667 0.5153731574074074 0.12353593750000004 0.3367500185185186
2 0.5213213541666666 0.3836015462962963 0.08071041666666658 0.14055679629629633
2 0.5625 0.3572473981481481 0.07412187499999992 0.12591516666666672
5 0.6473278645833334 0.1215226851851852 0.029648437499999857 0.0351398148148148
2 0.7321559895833333 0.173499462962963 0.04282552083333328 0.08052670370370368
2 0.7576867187499999 0.15828555555555554 0.03459010416666679 0.07059703703703704
1 0.8017479166666667 0.20424629629629631 0.04859062499999993 0.07467037037037037
1 0.5761892187500001 0.25000002777777774 0.07466802083333318 0.099557462962963
1 0.48283255208333326 0.16666666666666666 0.03862656249999995 0.07868333333333331
3 0.8119635729166668 0.18025742592592592 0.033798177083333415 0.0715309259259259
1 0.6710799557291668 0.1432523148148148 0.04791199479166662 0.0807527777777778
1 0.5802336640625001 0.09900416666666666 0.031733994791666595 0.06305277777777778
