1 0.10974010416666667 0.3907712962962963 0.05125625 0.09696296296296296
2 0.17019583333333335 0.34988318981481475 0.04599895833333333 0.10397193518518517
2 0.14128203125 0.4515185833333334 0.07228385416666666 0.11799087037037037
1 0.20469479166666668 0.4620886898148148 0.06899791666666667 0.1688125648148148
3 0.31049218750000007 0.1775699074074074 0.04139895833333333 0.07710277777777778
3 0.337434375 0.15303750000000002 0.03351354166666667 0.06775648148148149
3 0.44158880208333334 0.1267523148148148 0.03679947916666667 0.0595787037037037
1 0.29340677083333333 0.3370328703703704 0.05716979166666667 0.2161212962962963
1 0.335134375 0.24941585185185186 0.048627083333333335 0.08761688888888888
3 0.3693049479166667 0.27336435185185187 0.044684895833333335 0.09345833333333334
2 0.44126015625000004 0.3271028425925926 0.0597984375 0.11682235185185184
1 0.49448723958333335 0.30315416666666667 0.0597984375 0.1039712962962963
1 0.53720078125 0.2716125 0.0597984375 0.09929907407407407
1 0.4534171015625 0.5046726851851852 0.09068350520833332 0.2990657407407407
1 0.52274375 0.15771018518518518 0.04534166666666666 0.08177592592592592
1 0.6236127604166666 0.12207962962962964 0.04731302083333333 0.06658888888888889
5 0.6469408854166667 0.12207962962962964 0.030884895833333332 0.03855185185185185
1 0.698525 0.1325935185185185 0.03811354166666667 0.06892592592592592
1 0.7520809895833334 0.16296712962962964 0.04008489583333333 0.07126203703703703
2 0.7671947473958334 0.26869157870370375 0.054541578125000004 0.1845794537037037
3 0.7988431588541667 0.20268657407407406 0.04555402604166667 0.068925
1 0.5793003723958333 0.25442500462962964 0.06346800520833333 0.10177036111111111
