1 0.16471200260416666 0.36083123148148144 0.061634328125 0.09697733333333333
4 0.11016223958333334 0.6542822731481481 0.08005364583333334 0.21284602777777778
3 0.27416559635416665 0.5573049953703704 0.08501255729166667 0.2078081388888889
1 0.2964813984375 0.33942052777777776 0.061634078125 0.22544105555555555
1 0.33650833333333335 0.2544078703703703 0.05525833333333333 0.0780861111111111
1 0.5222647369791666 0.16246851851851854 0.04646531770833333 0.07304814814814814
1 0.33402858333333335 0.31675057407407414 0.0474655 0.09445855555555556
3 0.386453125 0.28337527314814814 0.05455 0.07808573148148147
3 0.44029453125 0.3469772546296297 0.060217187500000005 0.09193969444444444
1 0.48988515624999995 0.2984887129629629 0.058800520833333335 0.09823668518518518
1 0.5369963046875 0.2732999027777778 0.06375927604166667 0.10075536111111112
2 0.5787564869791666 0.2531484074074074 0.072335984375 0.10075607407407407
3 0.4704028645833333 0.5201509259259259 0.12185156250000001 0.3249370370370371
1 0.5809192708333334 0.10327470370370369 0.03683854166666667 0.06045311111111111
1 0.6227171874999999 0.12279583333333333 0.046757291666666666 0.06675092592592592
5 0.64928359375 0.12090694444444444 0.031879687500000004 0.035263888888888886
1 0.7512989583333334 0.15994953703703704 0.04321458333333333 0.07304722222222222
2 0.7672385677083333 0.27392962962962963 0.055258385416666674 0.17758148148148148
1 0.06960842708333333 0.40915581944444446 0.05391641666666667 0.10586528703703703
1 0.10421141145833332 0.3826897268518518 0.03782196875 0.10729647222222222
1 0.6667243125 0.1438052175925926 0.039200708333333334 0.0752210462962963
