2 0.16364921875 0.3696472685185185 0.07509427083333334 0.08690194444444445
1 0.10697421874999999 0.38602018981481484 0.0439234375 0.08942073148148147
3 0.0733234375 0.4737010509259259 0.06305104166666667 0.13128173148148148
3 0.14381276041666666 0.45025185185185185 0.06659322916666667 0.12468518518518518
1 0.08395 0.5755666666666667 0.051715625 0.12594444444444444
3 0.2667269479166666 0.5591940694444445 0.08713777083333334 0.19647332407407408
3 0.31100442708333337 0.17695206481481485 0.0410890625 0.07682635185185185
3 0.4456078125 0.1227962962962963 0.043922916666666666 0.06423148148148149
1 0.2968356171875 0.3431990740740741 0.060925640625000006 0.22795925925925925
2 0.38680729166666666 0.21914351851851852 0.05100729166666666 0.10075555555555556
1 0.5235359374999999 0.15743055555555557 0.05384166666666667 0.0881611111111111
2 0.33863359375 0.30982361111111106 0.05242447916666667 0.09319907407407407
3 0.3722841145833333 0.27392916666666667 0.0389640625 0.09193981481481482
1 0.3839735234375 0.4313601388888889 0.08359566145833333 0.31108324074074073
3 0.4463161458333333 0.3299745370370371 0.06517604166666667 0.10579351851851852
1 0.49023932291666666 0.3041560324074074 0.0439234375 0.10453428703703704
1 0.53699609375 0.2733 0.0651765625 0.11083148148148148
1 0.47748744010416666 0.5226699305555556 0.14027071354166668 0.36775837962962965
2 0.5199937499999999 0.37972314814814817 0.08501249999999999 0.16246851851851854
2 0.5614372604166665 0.3539046296296296 0.0800536875 0.1385388888888889
1 0.5802109375000001 0.1026449074074074 0.03683854166666667 0.05919351851851852
1 0.62094609375 0.12153657407407407 0.043215104166666664 0.06926944444444445
5 0.6478669270833334 0.12342592592592594 0.030463020833333333 0.03778333333333333
1 0.7966388020833334 0.20403009259259258 0.044631770833333334 0.0705287037037037
1 0.5753755390625 0.2525035787037037 0.07403433854166666 0.10157367592592592
3 0.46553124999999995 0.19027175925925927 0.06357291666666667 0.082975
1 0.4915653645833333 0.17090718518518522 0.041067187500000005 0.07411525925925926
1 0.7677038619791666 0.26537911574074075 0.059549359375000006 0.18741058333333332
1 0.7351701432291667 0.16980084722222222 0.04542325520833333 0.07411497222222221
