1 0.1675671875 0.3627337962962964 0.053884374999999984 0.08294351851851853
1 0.13799635416666664 0.4275702824074074 0.06965520833333333 0.11682204629629632
3 0.20075200520833333 0.45210293055555556 0.06111265625000003 0.1448595648148149
3 0.3101635416666666 0.17640185185185184 0.04074166666666669 0.0817759259259259
3 0.3492625 0.16004675925925926 0.03745624999999997 0.07243055555555555
3 0.440603125 0.1267523148148148 0.03614166666666658 0.06191574074074075
1 0.29669244791666666 0.34521043055555556 0.06374114583333336 0.23948567592592584
2 0.34104842708333327 0.3078272268518519 0.04599893749999998 0.10630815740740741
2 0.3919756875000001 0.280957712962963 0.05717012499999997 0.08761727777777785
3 0.4386317708333333 0.3422896064814815 0.05848437500000004 0.09813106481481479
1 0.4892305208333333 0.30081775925925924 0.05059854166666664 0.10630833333333332
2 0.5368718749999999 0.2669391759259259 0.06176979166666659 0.10864501851851847
1 0.453088375 0.5005841157407409 0.08871179166666666 0.3025700833333334
1 0.6236127604166666 0.1232476851851852 0.04862760416666667 0.06658796296296299
1 0.67322578125 0.14427592592592595 0.051913020833333455 0.07359814814814812
1 0.7974225026041668 0.20443931018518519 0.04139874479166667 0.07710269444444445
1 0.0675964453125 0.4077254166666666 0.05150190104166666 0.10872694444444443
1 0.5768112734374999 0.25387190740740745 0.06595661979166655 0.10287655555555551
3 0.4611052447916667 0.19098689814814815 0.05633028124999993 0.08440583333333333
1 0.4828326406250001 0.17024320370370372 0.03218888541666664 0.0858369074074074
5 0.6480571458333333 0.12057508796296296 0.028000749999999876 0.03539797222222223
