1 0.16364921875 0.35642300462962956 0.059508854166666666 0.0957182314814815
1 0.10909957812499999 0.38161203703703706 0.04675709375000001 0.10075555555555558
3 0.14204166666666665 0.44332490277777775 0.07013541666666666 0.09823684259259262
2 0.28269584375 0.5472291574074074 0.11057397916666668 0.20528979629629626
3 0.30994166666666667 0.17758148148148148 0.04038125000000002 0.07556666666666666
3 0.3354455729166667 0.15491203703703704 0.03187968750000003 0.06297222222222221
3 0.44064843750000005 0.12531486574074074 0.035421875000000054 0.06171286111111112
1 0.29648151041666665 0.3438285879629629 0.06163385416666669 0.2342571759259259
2 0.3984965078125 0.2871537962962962 0.05454969270833333 0.0906798148148148
3 0.4378148619791667 0.34319892129629637 0.05950881770833334 0.0969774722222222
1 0.4888223958333333 0.30226712962962965 0.05809166666666664 0.10327500000000003
1 0.45375465364583334 0.5018893518518518 0.09280527604166669 0.29596944444444445
1 0.6220088541666667 0.12405555555555557 0.04675729166666673 0.06674999999999999
1 0.67407890625 0.1448361111111111 0.054549479166666734 0.07556666666666668
1 0.7661760130208334 0.26574297685185183 0.055966609374999976 0.17884150925925923
5 0.6469406249999998 0.11915925925925927 0.02957083333333337 0.03738333333333333
1 0.20600865885416664 0.4563662037037037 0.06920585937500003 0.1831194444444445
1 0.5786781380208335 0.2549781018518519 0.06471247395833342 0.10066416666666667
1 0.4884656249999999 0.16952824074074077 0.04023645833333334 0.0844064814814815
1 0.7970763020833334 0.20028614814814813 0.045869270833333316 0.08583696296296292
