2 0.16136666666666669 0.36400509259259256 0.062415624999999995 0.0974287037037037
1 0.08068339322916666 0.5629421898148148 0.06241550520833334 0.1788171388888889
1 0.15147149739583335 0.5189444398148149 0.08372783854166667 0.15832221296296295
3 0.12292805729166666 0.6705006759259259 0.08905638541666666 0.20703653703703703
1 0.27706354166666664 0.5568335648148147 0.09895104166666666 0.18538564814814815
3 0.31093539843749995 0.1772662037037037 0.040341703124999996 0.07848425925925927
3 0.34252343749999997 0.15967546296296295 0.03501354166666667 0.0730712962962963
1 0.4350049635416667 0.12584583333333332 0.04490888541666667 0.07036574074074074
3 0.2892421875 0.34486622685185186 0.04871458333333333 0.24588986111111114
3 0.3379567708333333 0.2550744537037037 0.053281249999999995 0.07442483333333334
2 0.3908576484375 0.286874537037037 0.047953453124999997 0.08389722222222222
1 0.5156884322916667 0.2185385833333333 0.05708728125 0.07983764814814814
2 0.38438776041666667 0.389039037037037 0.08525052083333334 0.2395132592592593
3 0.43272152604166664 0.340324537037037 0.05860971875 0.10690092592592593
1 0.4882864765625 0.3010827175925926 0.054042744791666666 0.11231358333333333
1 0.5381427083333334 0.2733425046296296 0.06546041666666666 0.10013500925925925
1 0.5800067291666667 0.25169166666666665 0.07307179166666668 0.10554814814814815
3 0.4696380208333333 0.5135314814814815 0.12178645833333333 0.3342351851851852
2 0.5213973958333333 0.38362652314814816 0.08068333333333334 0.14479025
2 0.5621193802083333 0.36062240277777774 0.07231063541666667 0.12855221296296296
5 0.646228125 0.12178611111111111 0.028923958333333333 0.03788888888888889
2 0.7090240468749999 0.21583194444444445 0.05860955208333333 0.1366712962962963
2 0.7356645833333334 0.17320694444444443 0.04034166666666667 0.07848425925925927
2 0.7645889973958334 0.2665763888888889 0.054042578125000004 0.17861944444444444
1 0.8018859375 0.20365370833333332 0.049476041666666665 0.06630556481481482
1 0.8216763020833333 0.19012175925925925 0.031207812499999998 0.06901203703703704
3 0.20721579166666668 0.4577970138888889 0.07644825000000001 0.18025782407407406
1 0.6113454218750001 0.22787598611111112 0.07529040625 0.09955728703703705
1 0.48162552604166664 0.1659512361111111 0.03782186458333334 0.08011419444444444
