2 0.15975288541666668 0.3627205972222222 0.05880047916666666 0.09319860185185184
1 0.15337682291666666 0.5132242175925926 0.06163385416666667 0.16498732407407407
2 0.21607369791666667 0.4571787314814815 0.0694265625 0.1863982037037037
3 0.3102958333333333 0.17695197222222223 0.042506249999999995 0.07430764814814815
2 0.3493336614583333 0.16095132870370368 0.035569406250000005 0.06526549074074074
2 0.3878700520833333 0.1467252824074074 0.0389640625 0.0642320462962963
3 0.4438364583333333 0.12468499074074073 0.041797916666666664 0.0579347962962963
1 0.29435619010416664 0.34068009259259263 0.055966786458333334 0.22796018518518518
1 0.3357997395833333 0.25881620370370373 0.05242447916666667 0.07178796296296297
2 0.4619015625 0.18828735185185186 0.056675 0.08186359259259259
3 0.38637863541666667 0.2829644675925926 0.05469864583333333 0.08230115740740741
2 0.44702473958333333 0.32115855092592593 0.059508854166666666 0.13853932407407407
2 0.48386328125 0.30352649537037035 0.055257812499999996 0.10831225
2 0.535225109375 0.2632243425925926 0.07155230208333332 0.10579312962962963
1 0.46969453125 0.5195213981481481 0.12326822916666667 0.3261965
2 0.5228275 0.3822419212962963 0.083595625 0.15491162037037037
1 0.5798567708333333 0.10201481481481484 0.03613020833333334 0.06297222222222222
1 0.6223630208333333 0.12342546296296296 0.04463125 0.06801018518518517
1 0.6712453125 0.15113333333333331 0.04888229166666667 0.06297222222222222
1 0.7080839505208333 0.21536515740740741 0.055966859375000004 0.14105809259259258
1 0.7505903645833334 0.15994974074074075 0.0389640625 0.07304762962962963
2 0.7661760130208334 0.2726701111111111 0.055966609375 0.18513837037037037
3 0.2744098958333333 0.5629472222222223 0.0853 0.19599444444444444
1 0.10018769791666668 0.38626620370370374 0.031383979166666666 0.0972824074074074
2 0.5758781640625 0.25165923148148145 0.07155721354166666 0.10287598148148148
2 0.6132120026041666 0.23230090740740741 0.06160099479166667 0.09292040740740741
1 0.7339255130208334 0.17035405555555555 0.04542293229166667 0.08185855555555556
3 0.6524127890625 0.1161504212962963 0.03671203645833333 0.05309730555555556
