2 0.16136666666666669 0.36400509259259256 0.06241562499999997 0.09742870370370371
1 0.08068339322916666 0.5629421898148148 0.062415505208333326 0.17881713888888887
1 0.15147149739583335 0.5189444398148149 0.08372783854166665 0.1583222129629629
3 0.12292805729166666 0.6705006759259258 0.08905638541666665 0.20703653703703706
1 0.27706354166666664 0.5568335648148147 0.09895104166666666 0.1853856481481482
3 0.31093539843749995 0.1772662037037037 0.040341703124999975 0.0784842592592593
3 0.34252343749999997 0.15967546296296295 0.035013541666666724 0.07307129629629633
1 0.43500496354166673 0.12584583333333332 0.04490888541666672 0.07036574074074076
3 0.2892421875 0.34486622685185186 0.04871458333333335 0.24588986111111114
3 0.3379567708333333 0.2550744537037037 0.053281249999999974 0.07442483333333337
2 0.3908576484375 0.28687453703703697 0.04795345312499997 0.0838972222222222
1 0.5156884322916667 0.21853858333333334 0.05708728124999999 0.07983764814814817
2 0.38438776041666667 0.389039037037037 0.08525052083333336 0.2395132592592593
3 0.43272152604166664 0.34032453703703697 0.058609718750000005 0.10690092592592595
1 0.4882864765625 0.30108271759259264 0.05404274479166672 0.1123135833333333
1 0.5381427083333334 0.2733425046296296 0.06546041666666653 0.10013500925925925
1 0.5800067291666667 0.25169166666666665 0.07307179166666676 0.10554814814814817
3 0.4696380208333332 0.5135314814814815 0.12178645833333329 0.3342351851851853
2 0.5213973958333333 0.38362652314814816 0.08068333333333347 0.14479025
2 0.5621193802083333 0.36062240277777774 0.07231063541666671 0.12855221296296296
5 0.646228125 0.12178611111111111 0.02892395833333339 0.03788888888888889
2 0.7090240468749999 0.21583194444444445 0.05860955208333334 0.13667129629629632
2 0.7356645833333334 0.17320694444444443 0.040341666666666734 0.0784842592592593
2 0.7645889973958334 0.2665763888888889 0.05404257812500006 0.17861944444444447
1 0.8018859375 0.20365370833333332 0.04947604166666662 0.06630556481481481
1 0.8216763020833333 0.19012175925925925 0.031207812499999932 0.06901203703703702
3 0.20721579166666668 0.4577970138888889 0.07644825000000001 0.18025782407407406
1 0.6113454218750001 0.22787598611111112 0.07529040624999996 0.09955728703703705
1 0.4816255260416666 0.1659512361111111 0.03782186458333333 0.08011419444444444
