2 0.16081536458333331 0.36020143055555554 0.06092552083333335 0.09319915740740738
1 0.08147041666666667 0.5610830416666667 0.06659270833333333 0.1574308981481482
3 0.3102958333333333 0.17443326388888888 0.041089583333333304 0.07430726851851856
2 0.38397369791666663 0.14609565277777775 0.045340104166666666 0.06549130555555555
1 0.44277395833333333 0.12216629166666666 0.04675729166666661 0.07052887962962966
1 0.2961270833333333 0.3463473888888889 0.06234270833333335 0.23677625925925924
1 0.3315489583333333 0.2581862777777778 0.048173958333333405 0.07556699999999997
1 0.46367291666666666 0.19143577777777782 0.06305104166666667 0.08312340740740744
3 0.3698046979166667 0.2701513888888889 0.048173979166666686 0.10705277777777777
1 0.48563463541666674 0.2953399212962963 0.06730156250000002 0.12468539814814814
1 0.5348708333333333 0.2726699074074074 0.06517604166666668 0.10705277777777779
1 0.6074857213541665 0.2323675925925926 0.07296935937500007 0.10201481481481478
1 0.46641742447916656 0.4905541666666667 0.11813081770833331 0.3261972222222223
2 0.5525817708333333 0.3545342592592592 0.07934479166666672 0.13979814814814817
1 0.5812736979166667 0.10012592592592592 0.03896406250000008 0.06675000000000002
1 0.6234255208333334 0.12405555555555557 0.048173958333333405 0.06423148148148149
5 0.6482210937499999 0.12216666666666666 0.03117135416666663 0.03778333333333333
1 0.7095010572916666 0.21851368055555556 0.05454996874999989 0.14483662037037034
1 0.73571328125 0.1706549074074074 0.04463177083333321 0.07682685185185184
1 0.7661760416666666 0.2676324074074074 0.055966666666666734 0.18765740740740738
3 0.13533591666666667 0.4264378657407407 0.05911245833333334 0.12500037962962962
4 0.4386754348958333 0.33351763425925934 0.06844600520833334 0.08738924999999997
1 0.5743225520833335 0.2538717638888889 0.062223645833333424 0.10066387962962967
1 0.48403968750000004 0.16666654166666667 0.032993541666666695 0.07868358333333335
