2 0.16435755208333333 0.3664986111111111 0.07226093750000001 0.09571759259259259
1 0.10768255208333333 0.3860201481481481 0.0439234375 0.09697733333333333
3 0.07190651041666667 0.4718121620370371 0.06446822916666667 0.13505950925925927
3 0.14381276041666666 0.4496222222222222 0.06659322916666667 0.12594444444444444
1 0.0928053984375 0.5768262824074073 0.06801003645833334 0.13098219444444445
1 0.14239608333333334 0.5214105231481482 0.05242445833333333 0.1662469722222222
4 0.10839114583333333 0.6593198611111112 0.07509479166666666 0.18010083333333335
4 0.18206855989583334 0.6095719537037038 0.07792836979166666 0.14861427777777778
3 0.2668900651041667 0.5648612916666667 0.08746450520833333 0.1876577685185185
3 0.31100442708333337 0.17506280092592594 0.0439234375 0.07052930555555556
2 0.3499684895833334 0.16120890277777777 0.03967239583333334 0.06801039814814815
3 0.4420213255208333 0.12279610185185184 0.03816765104166667 0.06171257407407407
1 0.29471015625 0.3413101851851852 0.06092552083333334 0.22418148148148148
2 0.3368622395833334 0.24433240740740741 0.0531328125 0.09571851851851852
2 0.3868072916666667 0.2185138888888889 0.05950833333333334 0.09445925925925927
1 0.49803203125 0.1706550925925926 0.0580921875 0.07178796296296297
1 0.5231815104166667 0.1593199074074074 0.0460484375 0.08186388888888889
2 0.33898780729166667 0.3110830694444444 0.054549572916666664 0.09571799074074074
3 0.39637109374999996 0.2890425925925926 0.058800520833333335 0.08438333333333334
2 0.37830613020833337 0.4326199074074074 0.06375961458333333 0.3085638888888889
3 0.4491497395833333 0.3337532407407407 0.07226093750000001 0.10831203703703704
1 0.48765631770833334 0.3035263101851852 0.04017409375 0.10327484259259259
1 0.53239140625 0.26637314814814816 0.0673015625 0.11209074074074074
2 0.5763146119791667 0.2531485046296297 0.071552140625 0.10327478703703705
1 0.6057148437500001 0.22858935185185186 0.06800989583333333 0.10705277777777779
1 0.4781958333333333 0.5270779814814816 0.13601979166666667 0.3513855925925926
2 0.5196393229166667 0.3790930555555555 0.08713802083333334 0.15365277777777778
1 0.5816276041666667 0.1026449074074074 0.035421875000000005 0.05919351851851852
1 0.6202375 0.1227962962962963 0.041797916666666664 0.06423148148148149
5 0.6464500000000001 0.1227962962962963 0.027629166666666666 0.03652407407407407
1 0.6599101458333333 0.1404281574074074 0.047465125 0.09193964814814815
1 0.6876303072916667 0.13413101851851852 0.033478322916666664 0.0843824074074074
2 0.7105635416666668 0.21914377314814815 0.06375937500000001 0.14357643518518518
1 0.7540344999999999 0.16057962962962966 0.02885025 0.0743074074074074
1 0.7661760677083334 0.26700231481481485 0.05738338541666667 0.18136018518518518
1 0.0696084921875 0.4084404953703704 0.04908822395833334 0.09299025
3 0.46512890625000003 0.18884120370370372 0.06437760416666667 0.08583611111111111
