1 0.16691015625 0.35105138888888887 0.0525703125 0.09696203703703699
1 0.10686769531250002 0.38815796759259263 0.03991565104166666 0.10780423148148141
3 0.1442390625 0.4147194444444444 0.06111250000000001 0.1542055555555556
2 0.14621041666666665 0.531542125 0.08214062500000004 0.13551387962962963
2 0.2109375 0.45560737500000004 0.061769791666666705 0.17757030555555553
1 0.11368281250000001 0.6740655740740741 0.0919979166666667 0.19859781481481492
2 0.2066661458333333 0.6220795833333334 0.08739791666666666 0.19042027777777779
2 0.28260051302083333 0.5478973935185185 0.1091551927083333 0.2102799722222221
2 0.31082062239583325 0.1764019490740741 0.043370213541666716 0.07943908333333333
3 0.34893385416666667 0.15829444444444443 0.03811354166666667 0.07359814814814813
2 0.3824473958333333 0.14427592592592595 0.04994166666666663 0.07359814814814812
3 0.44141635937500007 0.125 0.03776813541666666 0.058411111111111115
1 0.29767815625 0.3452102638888889 0.0643983645833334 0.23481312037037042
1 0.33217719010416663 0.247663412037037 0.04534188020833329 0.10046756481481478
3 0.4642596354166667 0.19392500000000001 0.06242656250000002 0.08644814814814818
2 0.52734375 0.16296712037037034 0.046656250000000024 0.07126201851851856
3 0.3853724661458333 0.2752513935185185 0.05184909895833331 0.10657686111111112
1 0.34236276041666674 0.3119157407407407 0.04731302083333334 0.09579444444444436
3 0.438303125 0.339369087962963 0.06176979166666664 0.10630854629629623
1 0.4859447916666666 0.29964953703703706 0.06242708333333334 0.11098055555555549
1 0.5950278307291667 0.22488302777777777 0.047970380208333316 0.09929875925925925
1 0.45275980989583337 0.5035046296296296 0.08936892187500002 0.29672962962962957
1 0.5795854166666667 0.1022199074074074 0.036798958333333215 0.06191574074074074
1 0.6236127604166666 0.12266342592592594 0.04862760416666667 0.0677564814814815
5 0.6469406249999998 0.12149537037037038 0.02957083333333337 0.037383333333333345
1 0.6742115442708332 0.14544351851851853 0.05519878645833352 0.07359814814814813
1 0.7385923671875001 0.17906927777777779 0.04480088020833328 0.05725359259259261
2 0.7655518619791667 0.27336435185185187 0.05651309895833343 0.1799064814814815
1 0.8010367187499999 0.20619179166666665 0.03548489583333338 0.07827062037037036
1 0.07001068489583333 0.4713876898148148 0.06437758854166667 0.12446350925925927
1 0.5771224713541668 0.2544246527777778 0.06657901562499985 0.11061921296296297
1 0.5077432916666667 0.2223451111111111 0.03608945833333331 0.09070792592592593
1 0.4844419973958333 0.16952811574074073 0.03701704687500005 0.08440673148148148
1 0.7089592343749999 0.21816904166666667 0.05633048958333345 0.14735289814814811
