2 0.13671296875 0.45461212037037035 0.08400427083333332 0.10980942592592592
2 0.13918385416666668 0.5241582083333334 0.056003125 0.14641271296296296
1 0.08482788281249999 0.5775987592592592 0.06753277604166666 0.14787714814814815
3 0.12353589583333333 0.6625181666666667 0.09553445833333334 0.19180114814814814
3 0.2796027890625 0.57101025 0.11612358854166667 0.1815519814814815
3 0.31378098958333334 0.13982453703703704 0.03623697916666667 0.0688138888888889
1 0.3471356770833333 0.15592984722222222 0.0387078125 0.07759858333333333
3 0.38584375000000004 0.14494889814814815 0.043648958333333335 0.06734964814814816
3 0.2931275390625 0.34587786111111113 0.05752174479166667 0.24958905555555555
3 0.33601744791666666 0.25256242129629625 0.052708854166666666 0.08052669444444444
3 0.3310760416666667 0.309662962962963 0.05106145833333333 0.10688148148148148
3 0.38872630208333336 0.2828482638888889 0.047767187499999995 0.08253356481481482
1 0.3833729166666667 0.3894584166666667 0.08153333333333333 0.24011683333333336
1 0.4414348958333333 0.3184481157407407 0.06753333333333332 0.14202030555555556
1 0.4859077942708333 0.3029225231481481 0.051061421875 0.11096912037037036
2 0.5777361979166665 0.2518303888888889 0.07659218749999999 0.10248855555555555
2 0.51967421875 0.3821377777777778 0.0856515625 0.1464125925925926
1 0.5633236979166667 0.34699861111111113 0.08070989583333334 0.12884351851851852
1 0.6209734375 0.1215226851851852 0.04447291666666667 0.06734907407407408
5 0.6469161458333333 0.12225462962962963 0.028825 0.0366037037037037
1 0.6712114583333334 0.14934074074074075 0.04941458333333334 0.06735
1 0.73421484375 0.17057083333333334 0.045296354166666664 0.08052685185185185
2 0.7523333333333333 0.16325046296296297 0.035413541666666666 0.07759907407407407
2 0.7692165833333334 0.2694 0.06588558333333333 0.16983888888888887
1 0.8186309895833334 0.1954611111111111 0.032943229166666664 0.0629574074074074
1 0.2027896901041667 0.6173103009259259 0.10461375520833333 0.19885578703703705
3 0.06638957291666667 0.509299 0.0587448125 0.14592274074074074
1 0.46754285156250003 0.5100142777777777 0.12875549479166667 0.35050077777777777
1 0.5335660390624999 0.26382724074074076 0.06906792187500001 0.1050881111111111
1 0.4840397213541667 0.16881243518518518 0.029774723958333336 0.07725290740740741
5 0.3030282317708333 0.19690262962962965 0.05724561979166667 0.04867251851851852
1 0.444608296875 0.11945644907407409 0.04265007291666667 0.06437784259259259
