2 0.16398619791666666 0.3648209675925926 0.0659609375 0.09446230555555556
1 0.10627031249999999 0.38517916666666663 0.038477083333333335 0.09609166666666666
2 0.13970885416666665 0.5228011203703704 0.06138020833333333 0.15309483333333335
3 0.20024382031250001 0.6129136203703704 0.08717330729166667 0.17045316666666666
3 0.31148219531250004 0.1758957638888889 0.042141473958333335 0.0749185648148148
1 0.3472109375 0.15992800925925926 0.038477083333333335 0.07428079629629629
3 0.3856880208333333 0.14087916666666667 0.040309375 0.07003240740740742
3 0.4443197916666667 0.12377870370370368 0.043973958333333334 0.0651462962962963
1 0.29453379166666666 0.34039080555555556 0.05954804166666667 0.23127050000000002
1 0.33713359375 0.25407129629629627 0.05130260416666667 0.07166111111111112
2 0.46310052083333336 0.1921823240740741 0.055883333333333333 0.09120538888888888
1 0.33621744791666663 0.31107491666666665 0.062296354166666665 0.10749185185185185
3 0.3852299479166667 0.2836850138888889 0.05588385416666666 0.0852848425925926
1 0.3875203125 0.4283385462962963 0.08061875 0.2768733888888889
1 0.44294583333333326 0.3175893518518519 0.07420625 0.12377870370370371
1 0.4832552083333333 0.3013030925925926 0.059547916666666666 0.11400618518518518
2 0.5240229166666667 0.26384398148148147 0.04947083333333333 0.11074907407407407
2 0.6119706666666666 0.23371342592592592 0.05863195833333333 0.09609166666666666
2 0.5217325520833334 0.38110741666666664 0.08153489583333333 0.15635194444444445
1 0.6234221354166666 0.12296435185185185 0.04672239583333333 0.0635175925925926
1 0.67151875 0.14983703703703705 0.04947083333333333 0.06188888888888889
1 0.7086974661458334 0.21778199537037035 0.05413319270833334 0.14385658333333332
1 0.7528096354166666 0.1580087962962963 0.035215104166666664 0.06959722222222223
2 0.7661087942708333 0.2693972222222222 0.05656863020833334 0.18381666666666666
1 0.12271994791666667 0.6587983333333333 0.1054184375 0.23319037037037035
1 0.2836641640625 0.5472101666666667 0.10863733854166666 0.20743892592592594
1 0.08328870833333334 0.567238962962963 0.05069758333333333 0.16165940740740742
1 0.06719415104166666 0.40915555555555555 0.04586898958333333 0.08583703703703703
2 0.5758780833333332 0.2522122407407407 0.07031241666666667 0.09955781481481482
3 0.6524127890625 0.11670337500000001 0.03671203645833333 0.04977843518518519
1 0.5814781250000001 0.0995574074074074 0.034222916666666665 0.0619462962962963
