1 0.06607477864583333 0.41215231481481485 0.046498515625 0.09809722222222221
1 0.10624088541666668 0.37628101851851853 0.039531770833333334 0.10541759259259259
2 0.16224375000000002 0.36676416666666667 0.06588541666666667 0.09809685185185185
2 0.15194921875 0.5278186342592592 0.08153385416666666 0.14494837962962964
3 0.12394768229166667 0.6625183009259259 0.09471088541666667 0.19472913888888888
1 0.4376692708333333 0.12516914814814814 0.04871458333333333 0.06630581481481482
3 0.2905485 0.34490514814814816 0.04980429166666667 0.24867325925925926
3 0.33643437499999995 0.25304456481481485 0.053281249999999995 0.08119098148148149
2 0.39199921874999993 0.2875507175925926 0.047192187499999996 0.08254402777777778
2 0.38476835156250005 0.3903924814814815 0.08448933854166667 0.23951274074074075
1 0.5389039062500001 0.27334244444444444 0.06545989583333334 0.10554785185185185
1 0.48410026041666665 0.3024356990740741 0.05023697916666667 0.11231399074074074
5 0.6462278645833333 0.12178611111111111 0.03044635416666667 0.03788888888888889
1 0.6713464453125 0.14479011111111112 0.05175919270833333 0.07577837037037037
2 0.7097851276041667 0.21515555555555554 0.060131828124999995 0.13531851851851853
2 0.7531715390625 0.16441136574074075 0.03120766145833333 0.07442489814814815
2 0.7672530468750001 0.2665765 0.05937077083333333 0.17861966666666668
1 0.8197732734375001 0.1935050925925926 0.033491338541666665 0.06495277777777778
2 0.5213972708333333 0.3822733425925926 0.08068358333333332 0.1474966111111111
2 0.5613580729166666 0.3534664259259259 0.0738328125 0.11424025925925926
3 0.34480712239583333 0.15290933796296297 0.03653575520833333 0.07577808333333333
1 0.6207291666666667 0.12178611111111111 0.043386458333333336 0.07036481481481481
2 0.5780559036458333 0.2505529814814815 0.07466805729166667 0.10287633333333333
1 0.5083655703125001 0.21847352777777776 0.043556359375 0.07853998148148147
1 0.38063307291666665 0.21602293055555552 0.061158854166666665 0.09728191666666666
1 0.46231223958333334 0.18812592592592592 0.061963020833333333 0.08726666666666667
