1 0.16559588020833332 0.35922870370370374 0.06308428125000001 0.09696296296296289
1 0.10908281250000001 0.3802568287037037 0.048627083333333335 0.10163587962962962
2 0.28326180208333335 0.5467288564814815 0.1094420625 0.205607712962963
3 0.33612005208333334 0.15887824074074075 0.032199479166666656 0.07009351851851854
3 0.44060309635416667 0.1261685185185185 0.03745619270833333 0.058411111111111115
1 0.2960353203125 0.34462615277777775 0.061112692708333326 0.23364489814814818
1 0.3423626927083333 0.3136680555555555 0.05257017708333335 0.09929907407407412
3 0.37193341145833336 0.27336446759259253 0.040741822916666594 0.0911215277777778
3 0.4284462213541667 0.32593444907407404 0.05651276562499993 0.10981334259259254
1 0.48824469010416666 0.3054907407407407 0.05914146354166672 0.11098148148148144
3 0.5352291666666666 0.2698597222222223 0.06111249999999983 0.10747685185185184
1 0.4530884557291666 0.5017523148148147 0.09002621354166672 0.3025694444444445
1 0.55494296875 0.34929904166666664 0.1018546874999999 0.1401869722222222
1 0.6236127604166666 0.12207962962962964 0.04862760416666667 0.06658888888888889
5 0.6475979166666667 0.12149537037037038 0.02957083333333337 0.037383333333333345
1 0.6738828125 0.1436912037037037 0.05454166666666668 0.0771027777777778
1 0.7537236979166667 0.16296712962962964 0.030227604166666686 0.07827129629629631
1 0.7704804609375001 0.2675231481481481 0.05979842187500009 0.1845796296296296
3 0.7993940104166666 0.20327129629629626 0.044027604166666734 0.07476666666666669
1 0.20560631510416666 0.45994299537037037 0.07001054687500001 0.170243638888889
1 0.14280260416666668 0.4546462962962963 0.0703125 0.12168148148148147
1 0.06840116666666667 0.4055792916666667 0.049892458333333334 0.10157345370370373
1 0.5796114713541667 0.25442500462962964 0.066579140625 0.10177036111111111
