2 0.16261197916666664 0.35504880092592583 0.06504479166666667 0.1042346388888888
1 0.10672838541666667 0.38029335648148144 0.039393229166666675 0.11237745370370368
3 0.06641901041666667 0.5101857407407409 0.05954843749999999 0.1441492592592592
2 0.1367697109375 0.44392540277777776 0.056264744791666654 0.13820845370370374
2 0.15161846875000004 0.524429824074074 0.08336722916666668 0.14983742592592586
3 0.12321874999999999 0.6636806388888888 0.09619270833333335 0.19706868518518525
3 0.27483723958333334 0.570032513888889 0.10443802083333331 0.14983725000000006
3 0.3188111979166667 0.13436481481481483 0.0329807291666666 0.0667759259259259
3 0.31102421875 0.17426689814814816 0.04305781249999991 0.07491898148148145
3 0.3481271041666666 0.15879490740740745 0.03481250000000002 0.07003240740740743
2 0.3870622395833333 0.1473941388888889 0.044890104166666646 0.06351790740740743
3 0.4438619791666667 0.12459305555555554 0.041226041666666664 0.0602601851851852
3 0.3353013020833334 0.2548861111111111 0.05313489583333328 0.08957592592592592
2 0.3843138020833333 0.22231249999999997 0.05221927083333332 0.08957685185185188
1 0.5199002604166666 0.16368101851851855 0.04122552083333334 0.07328981481481484
3 0.3339270833333334 0.30926593055555557 0.05954791666666672 0.10713186111111105
3 0.3847720989583333 0.28257341203703706 0.05863169791666666 0.08306163888888889
2 0.5070747395833333 0.21824120370370367 0.04122552083333334 0.09120462962962964
3 0.3879783619791667 0.4250814259259259 0.0797026510416666 0.2833876296296296
3 0.43195234374999997 0.33631944444444445 0.05221927083333332 0.10912037037037034
1 0.48383602343750004 0.30293175925925925 0.051548088541666696 0.11726351851851854
1 0.5395971145833334 0.2793157037037037 0.06779322916666668 0.10586296296296295
1 0.5785322916666668 0.2532573101851852 0.07603854166666674 0.10586315740740741
1 0.46951328125 0.5195439814814814 0.12367656250000003 0.3289898148148148
2 0.5212744791666667 0.37784999999999996 0.08428333333333331 0.1498370370370371
2 0.5615839218750001 0.35993472222222217 0.07695430208333344 0.11400648148148149
1 0.6234221354166666 0.12133564814814814 0.04855468750000007 0.07003240740740743
5 0.64724140625 0.12459259259259259 0.03206406250000005 0.04071666666666667
1 0.6701445312499998 0.14983703703703705 0.04855468750000007 0.06840370370370367
2 0.711370203125 0.21742660185185184 0.06321271874999988 0.14495135185185185
1 0.7690859348958334 0.2654726851851852 0.06321249479166664 0.19543981481481484
1 0.8020664088541667 0.20521203703703705 0.04672239062500007 0.06840370370370367
1 0.8198843124999998 0.1978828703703704 0.029222791666666716 0.05700277777777779
1 0.08167919791666667 0.5743917731481482 0.06035410416666667 0.15021502777777784
1 0.28768776822916664 0.3419170231481482 0.052306869791666696 0.23175965740740748
5 0.7379702265624999 0.18196884722222223 0.036089411458333484 0.047566009259259245
3 0.5620977317708336 0.07868388425925928 0.0329933802083333 0.06008593518518518
