2 0.16329505208333334 0.3583121712962963 0.05738385416666667 0.09949656481481481
2 0.14381302864583334 0.5277078101851852 0.06942706770833333 0.13853904629629632
2 0.21040627864583333 0.4590680555555556 0.05809172395833333 0.18010092592592591
4 0.10945364583333334 0.6586900462962963 0.089971875 0.18891712962962962
3 0.3141921875 0.13665 0.03471354166666667 0.07178888888888889
3 0.3102958333333333 0.17632242129629633 0.04108958333333333 0.07556675
1 0.38503619791666666 0.1429470416666667 0.0460484375 0.07178852777777778
1 0.29683577343749995 0.34382849537037036 0.063759703125 0.2317384722222222
1 0.33650833333333335 0.2594458148148148 0.05525833333333333 0.08060459259259259
1 0.46438151041666664 0.19332513425925926 0.060217187500000005 0.09193915740740741
1 0.3407587447916667 0.31360187037037035 0.04675707291666666 0.09823707407407407
3 0.38928674218750003 0.28400490277777773 0.05171619270833334 0.07682647222222222
3 0.44064869791666667 0.34130966203703705 0.06659322916666667 0.10327487962962963
1 0.4916561223958334 0.3028966759259259 0.053841411458333335 0.09193964814814815
1 0.5380588541666668 0.2726699074074074 0.06021770833333333 0.1095712962962963
1 0.5522275755208333 0.35327467592592593 0.078636515625 0.13476046296296296
1 0.6230713541666667 0.12279583333333333 0.047465625 0.06675092592592592
2 0.7346505208333334 0.17065493055555558 0.043922916666666666 0.0793450462962963
1 0.7544867187500001 0.1643578703703704 0.031171354166666665 0.06926944444444445
2 0.766884453125 0.2701513101851852 0.05738348958333333 0.18261928703703703
5 0.6471583333333333 0.12090694444444444 0.0304625 0.035263888888888886
3 0.1353359375 0.4292036388888889 0.0591125 0.12168161111111113
2 0.5789893359375 0.25331866666666664 0.06533486979166667 0.10177007407407408
1 0.6076119088541667 0.2323007314814815 0.06906784895833334 0.09734483333333332
