2 0.16888135677083332 0.34988306481481485 0.049941453125 0.11331798148148148
2 0.11072578125 0.38726656944444443 0.055855729166666666 0.09462573148148148
2 0.13996796875 0.4515188981481481 0.0735984375 0.12032668518518519
3 0.3111494791666667 0.17757037037037035 0.04139895833333333 0.07943888888888889
3 0.33710572916666665 0.15245324074074076 0.03154166666666667 0.06658796296296297
3 0.4402744791666667 0.12558428703703706 0.03679895833333333 0.05724264814814815
1 0.2937353203125 0.3387850277777778 0.05651269270833333 0.22196264814814815
1 0.3354627604166667 0.25 0.047970312499999994 0.08644814814814815
1 0.518202265625 0.15829444444444443 0.03757223958333333 0.08527962962962964
3 0.3683192708333333 0.2751168333333333 0.044027083333333335 0.09696262962962963
1 0.436003125 0.3235983611111111 0.06899791666666667 0.12149487037037038
1 0.4928447916666666 0.3043222222222222 0.061769791666666664 0.10163518518518519
3 0.5372005208333334 0.27278037962962964 0.0611125 0.1039712962962963
1 0.4534171015625 0.50584125 0.09068350520833332 0.2967287037037037
1 0.62164140625 0.1232476851851852 0.045998437499999996 0.06658796296296297
5 0.6472692708333334 0.12091111111111111 0.030228124999999998 0.03621481481481482
1 0.7527380208333334 0.16413535185185188 0.04271354166666667 0.07126203703703703
2 0.7668662369791668 0.26985961574074074 0.05519859895833333 0.1752340462962963
3 0.7980796875 0.20210277777777777 0.044027083333333335 0.0700925925925926
1 0.20520395312499998 0.46566536574074074 0.06920582291666667 0.16738223148148149
1 0.5789893359375 0.25055292592592593 0.06533486979166667 0.0962385925925926
