2 0.16364921875 0.3696472685185184 0.07509427083333331 0.0869019444444444
1 0.10697421874999999 0.38602018981481484 0.04392343749999998 0.08942073148148147
3 0.0733234375 0.4737010509259259 0.06305104166666667 0.13128173148148142
3 0.14381276041666666 0.4502518518518518 0.06659322916666664 0.1246851851851852
1 0.08395 0.5755666666666667 0.051715625 0.12594444444444441
3 0.2667269479166666 0.5591940694444445 0.08713777083333335 0.19647332407407414
3 0.31100442708333337 0.17695206481481485 0.04108906249999998 0.07682635185185184
3 0.4456078125 0.1227962962962963 0.043922916666666666 0.06423148148148147
1 0.2968356171875 0.34319907407407413 0.06092564062500007 0.22795925925925928
2 0.3868072916666667 0.21914351851851852 0.05100729166666659 0.10075555555555553
1 0.5235359374999999 0.15743055555555557 0.05384166666666659 0.08816111111111112
2 0.33863359375 0.309823611111111 0.052424479166666656 0.0931990740740741
3 0.3722841145833333 0.27392916666666667 0.03896406249999996 0.09193981481481481
1 0.38397352343749996 0.4313601388888889 0.0835956614583333 0.3110832407407406
3 0.4463161458333333 0.3299745370370371 0.06517604166666668 0.10579351851851847
1 0.49023932291666666 0.3041560324074074 0.043923437500000044 0.10453428703703702
1 0.53699609375 0.2733 0.06517656250000006 0.11083148148148146
1 0.47748744010416666 0.5226699305555557 0.1402707135416667 0.3677583796296297
2 0.5199937499999999 0.37972314814814817 0.08501249999999991 0.16246851851851848
2 0.5614372604166665 0.3539046296296296 0.0800536875 0.1385388888888889
1 0.5802109375000001 0.1026449074074074 0.036838541666666794 0.05919351851851852
1 0.62094609375 0.12153657407407407 0.04321510416666664 0.06926944444444448
5 0.6478669270833334 0.12342592592592594 0.03046302083333335 0.037783333333333315
1 0.7966388020833334 0.20403009259259258 0.04463177083333321 0.07052870370370369
1 0.5753755390625 0.2525035787037037 0.07403433854166662 0.10157367592592592
3 0.46553124999999995 0.19027175925925924 0.06357291666666663 0.08297500000000002
1 0.4915653645833333 0.17090718518518522 0.041067187500000026 0.07411525925925926
1 0.7677038619791666 0.2653791157407408 0.05954935937500008 0.18741058333333335
1 0.7351701432291667 0.1698008472222222 0.04542325520833342 0.0741149722222222
