2 0.16400338541666667 0.3639797638888888 0.06163385416666666 0.0881613796296297
2 0.14416724739583334 0.532745523148148 0.06871863020833335 0.15113363888888878
4 0.11157915364583335 0.6763223564814813 0.08288752604166667 0.125944712962963
3 0.2709776041666666 0.5585644398148149 0.08855520833333334 0.19773258333333335
3 0.31135885416666664 0.1756926203703704 0.04179791666666664 0.07430746296296299
3 0.3503229166666666 0.15984079166666662 0.03613020833333334 0.06527417592592594
3 0.4445450520833333 0.12468518518518518 0.041797395833333265 0.060453703703703725
1 0.29293915885416666 0.34068006944444446 0.0559664739583333 0.23047865740740744
1 0.33615416666666664 0.25629729166666665 0.055966666666666734 0.07682606481481481
1 0.3361540572916667 0.3073050925925926 0.06305082291666668 0.10831203703703707
3 0.3882242942708334 0.2877833333333334 0.0623423385416667 0.0843833333333334
2 0.48528009895833335 0.2972293611111111 0.05242417708333337 0.11083094444444441
2 0.5345166666666666 0.26637314814814816 0.07155208333333334 0.11209074074074078
2 0.6120908854166667 0.232367837962963 0.0595088541666667 0.09193937962962967
2 0.5228274479166667 0.38161209259259266 0.08076197916666672 0.14861461111111116
1 0.5809192708333335 0.10327453703703701 0.035421875 0.05793425925925925
1 0.7491734375 0.15994953703703704 0.04038125000000008 0.07304722222222221
1 0.7282744791666665 0.16624664351851853 0.06092604166666658 0.08312300925925926
2 0.7672386666666668 0.2688916666666667 0.056675062500000095 0.18513888888888883
2 0.8157666666666666 0.1958439814814815 0.036130208333333275 0.06675092592592591
1 0.10743024739583333 0.38412025 0.036212421874999984 0.11301875925925929
2 0.5765002994791667 0.25331866666666664 0.07280148437499996 0.10177007407407412
