1 0.15691901041666664 0.3494962407407408 0.06446822916666668 0.09949618518518522
1 0.10626562500000002 0.3860203703703704 0.041089583333333346 0.10201481481481475
3 0.07048958333333336 0.47307142129629626 0.06305104166666668 0.13254099074074063
3 0.1427502604166667 0.448362875 0.0673015625 0.12594426851851848
1 0.08040755208333333 0.5780854537037038 0.060217187500000005 0.1385394259259258
1 0.14700100520833334 0.5239295046296297 0.04888236458333335 0.1612090092592593
1 0.20863513541666662 0.45906805555555563 0.0743858958333333 0.18261944444444453
4 0.11441269531249999 0.644206712962963 0.08997148437499998 0.21788379629629626
3 0.3102958333333333 0.1756926203703704 0.04250624999999998 0.07430746296296299
3 0.3368622395833334 0.15680092592592595 0.03187968750000003 0.06675
1 0.3857447916666666 0.1454662037037037 0.0417979166666667 0.06926944444444444
3 0.44135703125 0.1253147175925926 0.038255729166666676 0.05919425000000001
1 0.2964813984375 0.3375314814814815 0.06163407812500002 0.2191444444444444
2 0.33509139583333336 0.2481106481481482 0.04675675000000001 0.09068055555555556
2 0.3878700520833334 0.2197731481481481 0.053132812499999994 0.10201481481481484
1 0.5210563697916667 0.154911837962963 0.047465385416666686 0.08816121296296298
1 0.33757077343749997 0.3110830694444444 0.04746550520833335 0.09571799074074074
3 0.3712216145833333 0.27329953703703697 0.04108906249999998 0.09319907407407402
1 0.38609899479166665 0.43450865740740746 0.08217909375 0.30226731481481484
1 0.44950416666666665 0.3350125 0.07155208333333334 0.09319907407407416
1 0.48705127343750004 0.3047861111111111 0.044631713541666625 0.10327407407407407
1 0.5380588541666668 0.2688916574074074 0.060217708333333245 0.09949627777777784
1 0.4534005390625 0.49937064814814824 0.09068017187499997 0.3060453703703705
2 0.5217646874999999 0.37972284722222227 0.08430437500000003 0.15743087962962968
1 0.5795023437500002 0.10075555555555556 0.038255729166666794 0.06549074074074074
1 0.6202377604166666 0.12342592592592594 0.04321510416666664 0.06297222222222221
5 0.6475125 0.1227962962962963 0.029754166666666748 0.03904259259259259
1 0.7027708177083334 0.13224212962962964 0.042506218750000005 0.08060462962962962
1 0.7549248020833335 0.16246851851851854 0.03204752083333335 0.07052962962962962
1 0.70631303125 0.21599479166666669 0.06234268749999998 0.15239328703703703
2 0.7654675442708334 0.2714105787037037 0.05880032812499998 0.17254408333333338
3 0.7987643229166667 0.1993456898148148 0.04463177083333333 0.07627286111111113
1 0.5780558854166667 0.25442459722222216 0.06969021874999987 0.09955787962962961
1 0.5124101458333333 0.2201328657407407 0.060356791666666666 0.0973453796296296
2 0.7345479713541667 0.1714601064814815 0.05164572395833342 0.07743349074074075
