3 0.12230041145833331 0.6749635555555555 0.09471063541666666 0.1786234074074073
3 0.26930812239583335 0.5651535277777778 0.09882854687499996 0.18740890740740745
1 0.0660654765625 0.41361661574074066 0.04812655729166668 0.0980961944444444
3 0.31131015625 0.1786236111111111 0.041178645833333326 0.07613425925925928
3 0.3421942708333333 0.1595902731481481 0.03541354166666668 0.07613425000000001
3 0.28907394010416676 0.3437485740740741 0.05106149479166664 0.24240270370370376
3 0.33478203125 0.25475825462962964 0.05023802083333333 0.07613502777777781
1 0.38007864583333334 0.21522693055555556 0.06012083333333328 0.10248904629629631
2 0.3327233593749999 0.3133236111111111 0.04447307291666665 0.11127314814814816
2 0.38955 0.28550509259259255 0.05106145833333334 0.08491944444444441
1 0.38254936197916667 0.38945833333333335 0.08153356770833327 0.22840370370370364
1 0.4397877734375 0.32942877777777774 0.07412138020833338 0.11127422222222215
1 0.48467250260416667 0.30234245833333334 0.05023771354166661 0.10395343518518521
1 0.5377927083333334 0.27379225462962964 0.06259166666666663 0.09956043518518522
2 0.5752656250000001 0.25329444444444443 0.06670937500000006 0.0995611111111111
2 0.6106789062499999 0.22840416666666666 0.0765921874999999 0.09956018518518524
2 0.5221450520833334 0.3806734259259259 0.08070989583333338 0.14934129629629633
1 0.5629117083333334 0.35651545370370374 0.08153383333333325 0.12737905555555562
1 0.5274981770833332 0.15959027777777773 0.07329843750000009 0.08199166666666668
1 0.5814420625000002 0.10322087962962964 0.03458983333333343 0.06588620370370368
1 0.6222091145833333 0.12152268518518518 0.04529635416666669 0.07027870370370368
5 0.6493869791666665 0.12079056481481482 0.030471874999999926 0.036603351851851866
1 0.6689034661458334 0.14641290740740742 0.04479815104166664 0.06734988888888886
2 0.7107429687500002 0.21303055555555553 0.0625911458333333 0.13030740740740737
2 0.7548041796875 0.16032233333333334 0.028825026041666747 0.07759837037037037
2 0.7646872395833333 0.2686675925925926 0.05682656249999998 0.17715925925925927
1 0.8005125000000001 0.20278205555555556 0.0494145833333332 0.0717418888888889
1 0.5139658854166667 0.2162608518518519 0.05475677083333335 0.07853940740740745
