2 0.16329505208333334 0.36272022685185185 0.06446822916666667 0.08312378703703704
1 0.14310464322916666 0.517632462962963 0.069427171875 0.1662464074074074
3 0.31100442708333337 0.17546413425925927 0.04250677083333333 0.07385049074074074
3 0.34961432291666666 0.16120918055555553 0.03754739583333333 0.06297206481481481
3 0.3850361979166667 0.13979814814814814 0.03471302083333334 0.07556666666666666
3 0.4441908854166667 0.12405536111111112 0.0410890625 0.059194055555555555
1 0.2922308776041667 0.3419394212962963 0.05313303645833333 0.23047884259259258
1 0.33615390624999997 0.2544078703703703 0.054549479166666665 0.0780861111111111
3 0.386453125 0.2871537037037037 0.057383333333333335 0.0881611111111111
1 0.44985833333333336 0.32190265277777774 0.06234270833333333 0.12831858333333332
1 0.48563439843749995 0.3047858333333333 0.04746546354166667 0.11586944444444444
2 0.61138203125 0.23173784259259259 0.059508854166666666 0.09571827777777778
1 0.5812734374999999 0.10327453703703703 0.03613020833333334 0.06045277777777778
1 0.6237799479166666 0.12153657407407407 0.04746510416666667 0.06926944444444445
1 0.7505903645833334 0.1586898148148148 0.041797395833333334 0.07556666666666666
1 0.72862890625 0.16624675925925927 0.058800520833333335 0.08564166666666666
2 0.7668844010416667 0.2695212962962963 0.055966718750000005 0.18639814814814815
2 0.8157666666666668 0.1971030925925926 0.037546875 0.0642321111111111
3 0.2687768125 0.5643776805555556 0.08851929166666667 0.18741058333333332
1 0.09898068229166665 0.3862662314814815 0.027360510416666664 0.10300457407407407
2 0.5758781640625 0.25110599074074075 0.07155721354166666 0.1017695
