2 0.16307005208333333 0.3615636388888889 0.0604640625 0.08794764814814814
3 0.07008333333333333 0.5077426851851852 0.06504479166666667 0.14903537037037037
1 0.14383151041666667 0.44299675925925924 0.06412864583333333 0.14006574074074074
2 0.14108307291666666 0.5260584861111111 0.0659609375 0.15309475
1 0.20383753906250002 0.6213355046296297 0.09802524479166667 0.19381108333333333
3 0.31056614583333336 0.17589537037037037 0.043973958333333334 0.07817592592592593
2 0.35087552083333334 0.16042355555555557 0.038477083333333335 0.0732897037037037
3 0.3838557291666667 0.14332222222222224 0.04214166666666667 0.0651462962962963
3 0.44340390625000003 0.12540739814814814 0.04030989583333333 0.05863146296296297
2 0.3856880208333333 0.22394117129629632 0.051303125 0.09609160185185185
2 0.4617263020833333 0.18973935185185184 0.05679947916666667 0.08957685185185185
1 0.5189841145833333 0.15960925925925926 0.03939322916666667 0.07491851851851852
1 0.3348432291666666 0.3127034768518518 0.059547916666666666 0.10423473148148148
3 0.3888944505208333 0.28501641203703704 0.057715984375 0.08794763888888889
1 0.5066166666666666 0.2166125 0.040309375 0.09120462962962964
2 0.3879783619791667 0.42263842592592593 0.07970265104166667 0.28175833333333333
3 0.4314942708333333 0.33631934722222223 0.051303125 0.11237758333333334
1 0.48371328125 0.3029318194444444 0.05130260416666667 0.10749141666666666
1 0.5386809895833334 0.2728011527777778 0.0659609375 0.10912082407407407
2 0.5721192708333334 0.2524431111111111 0.07603854166666667 0.10097696296296296
1 0.46951338541666665 0.521987037037037 0.1255090625 0.32410370370370367
2 0.522190625 0.38029305555555554 0.07878645833333334 0.15798055555555557
1 0.6229640624999999 0.12215 0.051303125 0.0684037037037037
5 0.648615625 0.12214953703703701 0.03298020833333334 0.03583055555555556
1 0.6692283854166666 0.14820833333333333 0.0485546875 0.0684037037037037
2 0.76771175 0.2695439814814815 0.060464125 0.19055462962962963
1 0.8006921874999999 0.2043976851851852 0.043973958333333334 0.07328981481481482
1 0.5795023437500001 0.10327453703703704 0.03825572916666666 0.06297314814814814
1 0.2925161458333333 0.5500712962962963 0.09093333333333334 0.2103
2 0.22290761458333333 0.4527896064814815 0.08530064583333334 0.17024300925925925
3 0.2816522578125 0.3440631296296296 0.046673609375 0.2274681851851852
1 0.33476403906249996 0.25822594444444447 0.053111411458333334 0.07009996296296296
1 0.7407703125 0.18307515277777778 0.04168958333333333 0.054203398148148146
