1 0.1061259609375 0.38200925925925927 0.04139911979166668 0.10514074074074076
3 0.1435819375 0.4123831666666667 0.06111250000000001 0.15186944444444445
2 0.14851067708333332 0.532125962962963 0.08016927083333335 0.14836488888888885
2 0.210608953125 0.4550232407407408 0.061112697916666674 0.16939277777777775
1 0.12353958333333331 0.6705605277777776 0.09988333333333335 0.2196266111111111
2 0.2841360911458333 0.5461449120370371 0.11091236979166667 0.2091120462962963
2 0.3098351562500001 0.17523387499999998 0.04271302083333328 0.07476589814814813
3 0.3479483854166666 0.15712635648148146 0.03745635416666667 0.07593419444444444
2 0.38409010416666667 0.14544369444444444 0.04534166666666663 0.06658924074074073
3 0.44068535416666665 0.1250000277777778 0.03762070833333328 0.058411166666666674
1 0.2966924791666667 0.34579422685185185 0.06374120833333331 0.2383180833333334
1 0.3269203125000001 0.24941572685185187 0.044027083333333356 0.09696293518518517
1 0.46163124999999994 0.19275694444444444 0.05848437500000004 0.08644907407407405
2 0.5296434895833333 0.16179921296296298 0.04731302083333322 0.07126138888888889
2 0.3417056354166667 0.3136680555555555 0.04599877083333338 0.09696203703703699
3 0.379818984375 0.2704437824074074 0.04731296875000002 0.0946264537037037
1 0.5092729166666666 0.22254672222222222 0.04205624999999997 0.09228974074074074
1 0.49120182291666664 0.2978972222222222 0.05848385416666666 0.11214999999999996
2 0.5352291666666668 0.26927589351851855 0.06505520833333331 0.10163512037037037
2 0.5774975520833333 0.25233657407407406 0.06857364583333331 0.09813055555555558
1 0.4534170078125 0.5023364305555557 0.09199756770833337 0.2990654537037037
1 0.6226270833333333 0.12383148148148149 0.047969791666666595 0.06542037037037035
5 0.6469406249999998 0.12091111111111111 0.02957083333333337 0.0362148148148148
1 0.67322578125 0.14310743981481483 0.05322760416666661 0.07359821296296297
2 0.7093675755208333 0.21845796296296296 0.055855473958333235 0.14252333333333334
1 0.7395955729166667 0.17815416666666667 0.04665572916666676 0.05490648148148149
2 0.7652234765625001 0.2745324074074074 0.057169869791666744 0.17523333333333338
1 0.8026796875 0.20385555555555554 0.04008437499999999 0.07359814814814813
1 0.578996875 0.10014305555555555 0.034603125000000054 0.0629472222222222
