2 0.16329505208333334 0.3583121712962963 0.05738385416666668 0.09949656481481484
2 0.14381302864583334 0.5277078101851852 0.06942706770833333 0.13853904629629632
2 0.21040627864583333 0.4590680555555556 0.058091723958333334 0.18010092592592594
4 0.10945364583333334 0.6586900462962963 0.08997187500000003 0.1889171296296297
3 0.3141921875 0.13665 0.03471354166666665 0.07178888888888892
3 0.3102958333333333 0.17632242129629633 0.041089583333333304 0.07556675
1 0.38503619791666666 0.1429470416666667 0.046048437500000004 0.07178852777777776
1 0.29683577343749995 0.34382849537037036 0.063759703125 0.2317384722222222
1 0.33650833333333335 0.2594458148148148 0.05525833333333328 0.08060459259259255
1 0.46438151041666664 0.19332513425925926 0.060217187500000095 0.0919391574074074
1 0.3407587447916667 0.31360187037037035 0.046757072916666684 0.09823707407407414
3 0.38928674218750003 0.28400490277777773 0.05171619270833337 0.07682647222222219
3 0.44064869791666667 0.34130966203703705 0.06659322916666668 0.10327487962962965
1 0.4916561223958334 0.3028966759259259 0.053841411458333314 0.0919396481481481
1 0.5380588541666668 0.2726699074074074 0.060217708333333245 0.10957129629629626
1 0.5522275755208333 0.35327467592592593 0.07863651562499996 0.13476046296296293
1 0.6230713541666667 0.12279583333333333 0.047465625000000004 0.06675092592592592
2 0.7346505208333334 0.1706549305555556 0.0439229166666666 0.07934504629629628
1 0.7544867187500001 0.1643578703703704 0.03117135416666675 0.06926944444444443
2 0.766884453125 0.2701513101851852 0.05738348958333338 0.182619287037037
5 0.6471583333333333 0.12090694444444444 0.03046250000000015 0.03526388888888887
3 0.1353359375 0.4292036388888889 0.05911250000000002 0.12168161111111114
2 0.5789893359375 0.25331866666666664 0.06533486979166672 0.10177007407407412
1 0.6076119088541667 0.2323007314814815 0.0690678489583334 0.09734483333333332
