2 0.16398619791666666 0.3648209675925925 0.0659609375 0.09446230555555557
1 0.10627031249999999 0.3851791666666666 0.03847708333333332 0.09609166666666671
2 0.13970885416666665 0.5228011203703704 0.061380208333333346 0.1530948333333333
3 0.20024382031250001 0.6129136203703704 0.08717330729166667 0.17045316666666668
3 0.31148219531250004 0.1758957638888889 0.04214147395833336 0.0749185648148148
1 0.3472109375 0.15992800925925926 0.03847708333333332 0.07428079629629628
3 0.3856880208333333 0.14087916666666667 0.040309375 0.07003240740740739
3 0.4443197916666667 0.12377870370370368 0.04397395833333325 0.0651462962962963
1 0.29453379166666666 0.34039080555555556 0.05954804166666673 0.23127050000000005
1 0.33713359375 0.2540712962962962 0.051302604166666654 0.07166111111111109
2 0.46310052083333336 0.1921823240740741 0.0558833333333333 0.09120538888888885
1 0.33621744791666663 0.3110749166666667 0.062296354166666686 0.10749185185185187
3 0.3852299479166667 0.2836850138888889 0.05588385416666668 0.08528484259259261
1 0.3875203125 0.4283385462962963 0.08061874999999995 0.2768733888888889
1 0.44294583333333326 0.31758935185185194 0.07420625 0.12377870370370368
1 0.4832552083333333 0.3013030925925926 0.05954791666666672 0.11400618518518521
2 0.5240229166666667 0.26384398148148147 0.04947083333333335 0.11074907407407406
2 0.6119706666666666 0.23371342592592595 0.05863195833333326 0.09609166666666669
2 0.5217325520833334 0.38110741666666664 0.08153489583333329 0.15635194444444445
1 0.6234221354166666 0.12296435185185185 0.04672239583333339 0.0635175925925926
1 0.6715187500000002 0.14983703703703705 0.049470833333333415 0.06188888888888887
1 0.7086974661458335 0.21778199537037035 0.05413319270833329 0.1438565833333333
1 0.7528096354166666 0.1580087962962963 0.0352151041666667 0.06959722222222224
2 0.7661087942708333 0.2693972222222222 0.056568630208333325 0.18381666666666663
1 0.12271994791666667 0.6587983333333333 0.1054184375 0.23319037037037035
1 0.28366416406250006 0.5472101666666667 0.1086373385416667 0.20743892592592594
1 0.08328870833333334 0.567238962962963 0.050697583333333324 0.16165940740740734
1 0.06719415104166666 0.4091555555555556 0.045868989583333325 0.08583703703703705
2 0.5758780833333332 0.2522122407407407 0.07031241666666664 0.09955781481481486
3 0.6524127890625001 0.11670337500000001 0.03671203645833323 0.04977843518518519
1 0.5814781250000001 0.0995574074074074 0.03422291666666671 0.0619462962962963
