2 0.1664830729166667 0.3602013888888889 0.059508854166666666 0.09823611111111111
2 0.28195833333333337 0.5484887870370371 0.106265625 0.20025164814814816
2 0.3479599661458333 0.15869038425925927 0.037072328125000005 0.07304743518518518
1 0.4424197916666667 0.11838796296296296 0.04321458333333333 0.07304814814814814
1 0.29541863802083335 0.3394208055555556 0.06092543229166667 0.22040272222222224
1 0.3365080729166667 0.2569268518518518 0.05384114583333333 0.07304814814814814
1 0.4619015625 0.19017651851851852 0.056675 0.08564192592592593
3 0.3868072083333333 0.28400499537037044 0.0538415 0.07934517592592592
1 0.3832651927083333 0.42695231481481477 0.07509461458333333 0.2795972222222222
1 0.44064869791666667 0.3268264166666666 0.0651765625 0.10957135185185185
1 0.4923645833333333 0.2991180555555556 0.05384166666666667 0.10453425925925927
2 0.5766687239583334 0.2544078564814815 0.06942703125000001 0.10327497222222222
1 0.5550614583333332 0.3551638888888889 0.0828875 0.14609629629629628
1 0.58198203125 0.10516388888888889 0.03613072916666667 0.059194444444444445
1 0.6255510416666666 0.12216619907407407 0.05384166666666667 0.06801017592592593
1 0.7523614583333332 0.16309835185185187 0.046757291666666666 0.07934485185185186
2 0.7675927864583333 0.2688916666666667 0.055966822916666666 0.18513888888888888
5 0.6485752604166667 0.12153657407407407 0.030463020833333333 0.03652314814814815
1 0.48564915364583333 0.1709586990740741 0.047478515625 0.08440667592592593
1 0.728325484375 0.16924768518518518 0.05786778125 0.08849537037037038
1 0.6667242317708333 0.1438052175925926 0.04044533854166667 0.0752210462962963
