1 0.06607477864583333 0.41215231481481485 0.046498515625 0.09809722222222217
1 0.10624088541666668 0.37628101851851853 0.03953177083333333 0.10541759259259254
2 0.16224375000000002 0.36676416666666667 0.06588541666666668 0.09809685185185188
2 0.15194921875 0.5278186342592592 0.08153385416666664 0.14494837962962961
3 0.12394768229166667 0.6625183009259259 0.09471088541666667 0.19472913888888896
1 0.4376692708333333 0.12516914814814814 0.0487145833333333 0.06630581481481482
3 0.2905485 0.34490514814814816 0.04980429166666663 0.24867325925925926
3 0.33643437499999995 0.25304456481481485 0.05328124999999992 0.08119098148148152
2 0.3919992187499999 0.2875507175925926 0.04719218750000002 0.0825440277777778
2 0.38476835156250005 0.3903924814814815 0.08448933854166658 0.2395127407407408
1 0.5389039062500002 0.27334244444444444 0.06545989583333345 0.10554785185185188
1 0.4841002604166666 0.3024356990740741 0.05023697916666669 0.11231399074074078
5 0.6462278645833333 0.12178611111111111 0.030446354166666603 0.03788888888888889
1 0.6713464453124999 0.14479011111111112 0.0517591927083334 0.07577837037037037
2 0.7097851276041667 0.21515555555555554 0.06013182812500008 0.13531851851851853
2 0.7531715390625 0.16441136574074075 0.03120766145833341 0.07442489814814816
2 0.7672530468750001 0.26657649999999994 0.05937077083333335 0.17861966666666668
1 0.8197732734375001 0.1935050925925926 0.033491338541666714 0.0649527777777778
2 0.5213972708333333 0.3822733425925926 0.08068358333333338 0.1474966111111111
2 0.5613580729166666 0.3534664259259259 0.07383281250000001 0.11424025925925932
3 0.34480712239583333 0.15290933796296297 0.03653575520833326 0.07577808333333333
1 0.6207291666666667 0.12178611111111111 0.043386458333333405 0.07036481481481478
2 0.5780559036458333 0.2505529814814815 0.07466805729166666 0.10287633333333335
1 0.5083655703125001 0.21847352777777776 0.043556359374999985 0.07853998148148152
1 0.38063307291666665 0.21602293055555552 0.0611588541666667 0.09728191666666669
1 0.46231223958333334 0.18812592592592592 0.06196302083333336 0.08726666666666666
