2 0.16081536458333331 0.36020143055555554 0.06092552083333334 0.0931991574074074
1 0.08147041666666667 0.5610830416666667 0.06659270833333333 0.15743089814814815
3 0.3102958333333333 0.17443326388888888 0.04108958333333333 0.07430726851851853
2 0.38397369791666663 0.14609565277777778 0.045340104166666666 0.06549130555555556
1 0.44277395833333333 0.12216629166666666 0.046757291666666666 0.07052887962962963
1 0.2961270833333333 0.3463473888888889 0.06234270833333333 0.23677625925925924
1 0.3315489583333333 0.2581862777777778 0.048173958333333336 0.075567
1 0.46367291666666666 0.1914357777777778 0.06305104166666667 0.08312340740740741
3 0.3698046979166667 0.2701513888888889 0.048173979166666665 0.10705277777777779
1 0.4856346354166667 0.2953399212962963 0.0673015625 0.12468539814814816
1 0.5348708333333333 0.2726699074074074 0.06517604166666667 0.10705277777777779
1 0.6074857213541666 0.2323675925925926 0.072969359375 0.10201481481481482
1 0.4664174244791666 0.4905541666666667 0.11813081770833334 0.32619722222222225
2 0.5525817708333333 0.35453425925925924 0.07934479166666668 0.13979814814814814
1 0.5812736979166667 0.10012592592592592 0.0389640625 0.06675
1 0.6234255208333334 0.12405555555555557 0.048173958333333336 0.06423148148148149
5 0.64822109375 0.12216666666666666 0.031171354166666665 0.03778333333333333
1 0.7095010572916667 0.21851368055555556 0.05454996875 0.14483662037037037
1 0.73571328125 0.1706549074074074 0.044631770833333334 0.07682685185185185
1 0.7661760416666666 0.2676324074074074 0.05596666666666667 0.18765740740740738
3 0.13533591666666667 0.4264378657407407 0.05911245833333333 0.12500037962962962
4 0.4386754348958333 0.3335176342592593 0.06844600520833333 0.08738925
1 0.5743225520833334 0.2538717638888889 0.06222364583333333 0.10066387962962962
1 0.48403968750000004 0.16666654166666667 0.03299354166666667 0.07868358333333333
