2 0.16400338541666667 0.36146096759259255 0.07155260416666667 0.08564230555555556
1 0.10732838541666666 0.3848931388888889 0.041797395833333334 0.09167468518518519
3 0.07190651041666667 0.4737867268518519 0.06446822916666667 0.13397160185185186
3 0.14310442708333332 0.4502517638888889 0.06800989583333333 0.12216649074074074
1 0.08855468749999999 0.5812344351851852 0.07651145833333332 0.1297225740740741
1 0.14664660677083333 0.5245592268518519 0.051007796875000004 0.1624684537037037
1 0.20828098958333333 0.46095725 0.0793453125 0.18639783333333335
3 0.2686440546875 0.5711588842592592 0.09522261979166666 0.17254369444444445
3 0.31100442708333337 0.1763223425925926 0.04250677083333333 0.07556690740740742
3 0.3375708333333334 0.1561712962962963 0.033296875 0.06549074074074074
1 0.38539036458333337 0.14798472222222223 0.0439234375 0.06675092592592592
3 0.44135703125 0.12468518518518518 0.0368390625 0.05541481481481481
1 0.2968356171875 0.33816099074074074 0.060925640625000006 0.22040346296296295
2 0.3871614583333333 0.21977314814814816 0.04888229166666667 0.0994962962962963
1 0.5192851562499999 0.15617129629629628 0.0510078125 0.0806037037037037
2 0.33969609375 0.31360196296296294 0.054549479166666665 0.10075577777777778
3 0.37192994791666667 0.273299537037037 0.03967239583333334 0.09068055555555556
1 0.5118466145833334 0.2204031111111111 0.04746510416666667 0.09319881481481482
1 0.3843279010416667 0.43513842592592594 0.07863690625 0.3060453703703704
1 0.44879557291666666 0.33690185185185184 0.06871822916666666 0.0994962962962963
1 0.48634278125 0.3041564814814815 0.0417980625 0.10201481481481482
1 0.5373502604166667 0.2695212962962963 0.058800520833333335 0.09823703703703704
1 0.45375480989583333 0.4987407407407407 0.08855496354166667 0.3098240740740741
2 0.5214104166666667 0.37909305555555556 0.08501249999999999 0.1586898148148148
2 0.5593122395833333 0.3513851851851852 0.0814703125 0.13602037037037035
1 0.5812734374999999 0.10201481481481484 0.03613020833333334 0.06297222222222222
1 0.61988359375 0.12342592592592594 0.0439234375 0.06549074074074074
5 0.6478669270833333 0.1253148611111111 0.031879687500000004 0.044080611111111105
2 0.7059585937499999 0.21347592592592593 0.058800520833333335 0.14735555555555557
2 0.7342963541666666 0.17128425925925927 0.05029895833333333 0.07556666666666666
1 0.7544845364583332 0.16057916666666666 0.03541698958333333 0.07178796296296297
2 0.7658216588541666 0.2701513101851852 0.06092543229166667 0.1700248425925926
1 0.7984098958333333 0.19836296296296296 0.046757291666666666 0.0743074074074074
1 0.5761892005208333 0.25442486111111107 0.06969034895833334 0.09955768518518518
1 0.49007515625 0.1709583564814815 0.040236145833333334 0.07296106481481482
