2 0.16329505208333334 0.36649865277777777 0.06446822916666667 0.08060471296296295
4 0.11653802083333333 0.6473551388888888 0.07013541666666666 0.20654916666666667
3 0.2731029921875 0.558564162037037 0.08572109895833332 0.20277091666666666
3 0.31065026041666666 0.17506299074074075 0.044631770833333334 0.07556672222222222
2 0.3486683776041667 0.16010694444444445 0.035655505208333334 0.0702138888888889
3 0.4441908854166667 0.12405536111111112 0.0410890625 0.059194055555555555
1 0.29116796875 0.34005025 0.05242447916666667 0.2267005
1 0.33650833333333335 0.2581861111111111 0.05525833333333333 0.07556666666666666
1 0.5267236979166666 0.16057934722222225 0.03754739583333333 0.07178841666666667
3 0.329778125 0.3085643518518519 0.057383333333333335 0.11586944444444444
3 0.38857838541666667 0.2854064537037037 0.06163385416666667 0.07962957407407407
1 0.3864530572916667 0.42191457407407407 0.07863659375 0.2871532222222222
3 0.441357140625 0.3463475324074074 0.06942678125 0.09068025
1 0.5309744765625 0.2758189814814815 0.05596666145833333 0.10579351851851852
3 0.47111145833333334 0.5195213055555556 0.12610208333333334 0.3236777962962963
1 0.5812734374999999 0.10327453703703703 0.03613020833333334 0.06045277777777778
1 0.6223630208333334 0.12405555555555557 0.046048958333333334 0.06675
1 0.7502361979166667 0.16120925925925925 0.0410890625 0.07808518518518517
2 0.7661760677083334 0.2726699074074074 0.05738338541666667 0.18010092592592591
5 0.6471583333333334 0.12027685185185186 0.029045833333333333 0.03652407407407407
2 0.579300453125 0.25276542592592594 0.06471263541666666 0.1006635925925926
3 0.38951871875 0.14380525 0.04728964583333333 0.06858394444444445
1 0.66796875 0.14325231481481482 0.04168958333333333 0.07190277777777777
1 0.5411749270833333 0.08655212037037037 0.039431395833333334 0.058655018518518516
