2 0.16444427083333332 0.3607490740740741 0.055883333333333333 0.08631851851851852
2 0.22307623437500002 0.4600975 0.08886419791666667 0.18729685185185185
1 0.29270156249999996 0.5480453796296296 0.09069583333333334 0.21009816666666667
3 0.31102421875 0.17567400000000002 0.0430578125 0.07121837037037038
2 0.347206859375 0.16123796296296297 0.03733407291666667 0.07166111111111112
2 0.38477187500000004 0.15065138888888888 0.043973958333333334 0.05700277777777778
3 0.4438619791666667 0.12296435185185185 0.04488958333333334 0.06026018518518519
1 0.3339270833333333 0.2589575231481481 0.050386458333333335 0.07817615740740741
1 0.52081640625 0.15960925925925926 0.03939322916666667 0.07491851851851852
1 0.33026276041666663 0.3151462962962963 0.050386979166666665 0.10260555555555555
3 0.3898106770833333 0.2817338796296296 0.0485546875 0.07812516666666666
1 0.3852299895833333 0.416937962962963 0.08519939583333333 0.29641666666666666
4 0.43836510416666663 0.3412050555555555 0.06687708333333334 0.09283418518518519
1 0.48462942708333334 0.30374614814814815 0.05130260416666667 0.10912007407407408
1 0.5327260416666667 0.2728011527777778 0.055883333333333333 0.10912082407407407
2 0.5226486979166667 0.38192180555555555 0.0833671875 0.15146583333333333
1 0.5812804687500001 0.10423425925925926 0.03939322916666667 0.06188888888888889
1 0.6687703723958333 0.1490226851851852 0.04947071354166667 0.07003240740740742
1 0.7095378906250001 0.21742638888888888 0.055883593749999995 0.14495092592592593
2 0.7654214166666667 0.2695439814814815 0.05954804166666667 0.18729722222222223
1 0.08288625260416667 0.5793990648148148 0.06437771354166667 0.1373389074074074
1 0.10380906770833333 0.3819744166666667 0.03701728125 0.10872709259259258
2 0.5774335703125 0.25387190740740745 0.06969015104166668 0.10287655555555555
1 0.5117879036458334 0.22234528703703701 0.04542315104166667 0.0862835
3 0.2828593203125 0.3447784074074074 0.045868859374999994 0.22889874074074076
2 0.7407701223958333 0.18252205555555556 0.04417878645833333 0.0553095925925926
1 0.6209901041666668 0.12334074074074074 0.04355625 0.06305370370370371
1 0.5355418541666667 0.08726742592592591 0.02816525 0.057224407407407404
