1 0.15939843750000002 0.3457178148148148 0.06234270833333332 0.11460970370370376
1 0.07365638020833334 0.4711523564814815 0.06513359375 0.13829899074074073
1 0.1409791666666667 0.44647352314814825 0.07651145833333332 0.12972297222222223
1 0.2918765625 0.5648616574074073 0.09634791666666663 0.17254368518518517
3 0.31135885416666664 0.17632225000000004 0.04179791666666664 0.07304820370370368
3 0.3368625 0.1561712962962963 0.033296874999999976 0.06549074074074072
3 0.44135703125 0.1253152777777778 0.038255729166666676 0.05667500000000002
1 0.29541863802083335 0.3394208055555556 0.059508557291666736 0.2204027222222222
1 0.38468203125 0.21662453703703705 0.05809218749999996 0.1057935185185185
1 0.33402873958333335 0.3091939814814815 0.0446314375 0.10453425925925926
3 0.3705130208333333 0.2770782361111111 0.04250624999999998 0.09571758333333336
1 0.50511640625 0.21914348148148147 0.05242447916666659 0.09823696296296297
3 0.44029427083333333 0.32934521296296293 0.05454999999999994 0.11209042592592587
1 0.4948441979166667 0.30478575462962965 0.0559665208333333 0.10579373148148148
3 0.5373502604166667 0.2707805555555555 0.06021718749999992 0.10075555555555558
1 0.45304609375000005 0.5018889722222222 0.08855468750000005 0.2984890555555555
1 0.5805651041666667 0.10138518518518519 0.03754687500000008 0.061712962962962956
1 0.62094609375 0.12342592592592594 0.04321510416666664 0.06549074074074074
5 0.6468041666666667 0.12090694444444444 0.029754166666666748 0.03526388888888887
1 0.6974575520833334 0.13161203703703703 0.03896406250000008 0.07178888888888892
1 0.7073756875000001 0.21473543981481485 0.06021737499999998 0.15239310185185187
1 0.7654676796875 0.2688918657407408 0.05738327604166666 0.18010039814814818
3 0.7980557291666666 0.20151115277777779 0.04888229166666669 0.0730482314814815
1 0.20238723958333338 0.6137339722222223 0.10541822916666668 0.21173090740740744
1 0.5592811640625002 0.35407737037037035 0.09817586979166665 0.1416306666666667
1 0.5774336510416664 0.25497778240740737 0.07093478125000002 0.10287591666666664
1 0.7305034036458335 0.17090715277777777 0.0510234010416666 0.0807523611111111
1 0.7538369791666668 0.16371666666666662 0.030489583333333434 0.07743333333333334
