2 0.16296744791666665 0.3627336481481481 0.0643984375 0.09228972222222222
2 0.1455533671875 0.5216123287037037 0.07162659895833333 0.15070058333333333
4 0.11926848958333333 0.6647194444444444 0.07556927083333333 0.1822425925925926
3 0.20206640625000002 0.6203271805555556 0.0808265625 0.16588769444444446
3 0.2740216145833333 0.5578270462962963 0.08805468749999999 0.19743001851851852
3 0.31082057291666665 0.1769858935185185 0.0433703125 0.07593475
2 0.34926276041666665 0.15887850462962963 0.034827604166666665 0.06775700925925926
3 0.4452028645833333 0.12441620370370372 0.044027604166666665 0.06191574074074074
1 0.2914355807291667 0.34112147685185185 0.05191321354166667 0.2266355462962963
1 0.33579166666666665 0.2558413148148148 0.053884375 0.07476596296296296
1 0.5240580729166667 0.1635513888888889 0.04271302083333333 0.07476574074074074
3 0.3390770989583334 0.31016365740740737 0.05782711458333333 0.10397175925925926
3 0.38573281249999997 0.2885514027777778 0.057827083333333335 0.0887850462962963
1 0.44126015625000004 0.3417055555555556 0.06768385416666667 0.08294444444444445
1 0.5365434895833333 0.2751170185185185 0.0689984375 0.11331737037037037
3 0.47050234374999994 0.5245324074074074 0.1209109375 0.31542037037037035
2 0.5224153645833334 0.38317734722222224 0.08016927083333333 0.14486025
1 0.5398291666666667 0.0905375 0.03614166666666666 0.052569444444444446
1 0.5812281249999999 0.10338796296296297 0.034828125 0.059579629629629635
1 0.6236127604166666 0.12207950925925926 0.048627604166666664 0.06658864814814815
1 0.75043828125 0.16063101851851852 0.039427604166666665 0.07593425925925926
2 0.7675234895833333 0.26869166666666666 0.05651260416666667 0.18457962962962962
2 0.5757779322916666 0.2539342962962963 0.07001080208333334 0.1044351111111111
