2 0.16156015625 0.36165430555555556 0.0642859375 0.09172898148148148
1 0.0993890625 0.39022546296296295 0.027913541666666666 0.08270648148148148
2 0.14422005208333333 0.520300925925926 0.07020677083333333 0.15939814814814815
1 0.21358094010416667 0.4541355416666667 0.06682353645833333 0.18045071296296297
2 0.12349609375000001 0.6661652962962963 0.09642864583333334 0.2195491111111111
3 0.2677161458333333 0.5578946342592592 0.08712395833333333 0.20451149074074074
3 0.31170130208333335 0.17518818518518517 0.0431390625 0.07368377777777778
3 0.3823309895833333 0.1436087962962963 0.03890989583333333 0.07368425925925925
3 0.44492473958333334 0.12330839814814815 0.04229322916666667 0.06015012962962964
1 0.2952067421875 0.33834591203703707 0.059210473958333336 0.2315788611111111
1 0.33665416666666664 0.2586467592592593 0.04906041666666667 0.06616574074074075
1 0.5151316484374999 0.16015031944444444 0.059210661458333334 0.08571417592592592
1 0.3379229166666667 0.3120298888888889 0.060056250000000005 0.10375977777777777
3 0.3852911458333333 0.2842106481481481 0.05667291666666666 0.0842101851851852
3 0.3874059166666666 0.4218044259259259 0.07951108333333333 0.2842107037037037
1 0.48552630208333336 0.30451131481481486 0.0592109375 0.11278188888888889
2 0.5282427083333333 0.26599075 0.054981249999999995 0.11162751851851851
2 0.5210526484375 0.3804510324074074 0.08120303645833334 0.15037613888888887
2 0.5608081796875001 0.3556391944444444 0.07105281770833334 0.12180431481481482
1 0.58153203125 0.10225555555555556 0.03637239583333333 0.0631574074074074
1 0.6225565104166667 0.12180416666666666 0.04905989583333333 0.07218055555555555
1 0.6711934895833332 0.15112777777777778 0.0482140625 0.06466111111111111
1 0.7557802083333333 0.16090231481481482 0.03468020833333333 0.06917314814814814
1 0.0784604140625 0.5743919722222223 0.057135421875 0.14163087037037037
2 0.13066920572916665 0.433075125 0.06346783854166667 0.15376086111111112
2 0.5761892005208333 0.25110636574074074 0.07093465104166666 0.09955717592592592
1 0.34782900781250004 0.15376101388888888 0.042311776041666666 0.07743352777777777
3 0.6524128697916667 0.11559718055555555 0.03546740625 0.05199082407407407
