2 0.16250833333333334 0.35791574074074073 0.06469895833333333 0.09607592592592593
2 0.13320364322916667 0.44722605555555556 0.08068333854166668 0.1041947037037037
2 0.13739009895833335 0.5331527777777778 0.05404271875 0.1623814814814815
3 0.12559192708333333 0.6637349768518518 0.09742864583333333 0.19621069444444444
3 0.27478020833333333 0.5534504722222222 0.10199583333333333 0.17050094444444444
3 0.3105546875 0.17456027777777777 0.042625 0.07577796296296296
3 0.3195928958333333 0.13802407407407408 0.028732666666666667 0.06224629629629629
2 0.3497546875 0.15764537037037038 0.03425208333333333 0.06630555555555555
1 0.3836265625 0.1495263888888889 0.05023645833333333 0.06359907407407407
3 0.2900033854166667 0.3441509212962963 0.05175885416666667 0.24445925
3 0.3352927083333333 0.2537212962962963 0.054042708333333335 0.08254444444444443
2 0.4643098958333333 0.19012175925925925 0.062415624999999995 0.09336944444444445
3 0.32882270312499995 0.31162753703703705 0.04719209375 0.10904581481481482
3 0.3878127604166667 0.28329053703703705 0.0525203125 0.07943662962962963
1 0.4829694401041667 0.30446552777777774 0.052498619791666666 0.11096068518518519
1 0.5339562499999999 0.2706361111111111 0.07231041666666667 0.11096111111111111
2 0.5773427083333332 0.25304444444444446 0.07687708333333335 0.10554814814814815
2 0.5194942708333333 0.38227314814814817 0.08601145833333333 0.1474962962962963
5 0.6488921875 0.12381574074074074 0.02968541666666667 0.03382962962962963
1 0.6690627604166667 0.14952638888888892 0.047192187499999996 0.06630648148148148
2 0.7520299479166667 0.16373472222222224 0.0365359375 0.0757787037037037
2 0.7653500000000001 0.2706362222222222 0.058609375 0.17050022222222222
1 0.8030278645833333 0.20297685185185185 0.047192187499999996 0.07307222222222223
1 0.8216760416666666 0.19688796296296296 0.02968541666666667 0.05818703703703704
1 0.5830513020833333 0.10216527777777779 0.04110260416666667 0.06089351851851852
1 0.08489798177083333 0.5758225277777778 0.06357278645833334 0.14449198148148149
3 0.06598724739583334 0.5085836944444445 0.05633071354166667 0.14449212962962962
1 0.43618627343750005 0.31969016666666666 0.06595661979166666 0.13053077777777777
1 0.4808208151041667 0.16809727777777778 0.029774682291666667 0.07868383333333333
1 0.445010640625 0.11874113888888889 0.04345476041666666 0.06580846296296296
